 0.45825623452236508E-01   0.97578195523695E-18  -0.37223191534262E+06
 0.47032296719369489E-01   0.29483069282768E-04  -0.36171824143008E+06
 0.50997115466038016E-01   0.61082173640461E-04  -0.33067615397111E+06
 0.58202401285646507E-01   0.94949178290611E-04  -0.28508988234862E+06
 0.68810158695963436E-01   0.13124684686428E-03  -0.23535060304374E+06
 0.82274914212791081E-01   0.17014962340302E-03  -0.19068760811214E+06
 0.97414731120743739E-01   0.21184447044981E-03  -0.15521460863575E+06
 0.11310795391162268E+00   0.25653176725507E-03  -0.12846830818521E+06
 0.12877897413987394E+00   0.30442627240692E-03  -0.10826471929826E+06
 0.14424963796047438E+00   0.35575815550320E-03  -0.92625372388189E+05
 0.15946793161970957E+00   0.41077410281323E-03  -0.80201779165987E+05
 0.17440301248142931E+00   0.46973850223137E-03  -0.70117390170790E+05
 0.18902785463696867E+00   0.53293471320370E-03  -0.61786704387873E+05
 0.20331804476166263E+00   0.60066642771546E-03  -0.54804289822856E+05
 0.21725184206766118E+00   0.67325912886222E-03  -0.48880502616549E+05
 0.23081024259080168E+00   0.75106165399386E-03  -0.43802893482171E+05
 0.24397700392762939E+00   0.83444786992019E-03  -0.39412086518516E+05
 0.25673863216659126E+00   0.92381846820159E-03  -0.35586171459957E+05
 0.26908433411979465E+00   0.10196028891215E-02  -0.32230298574172E+05
 0.28100593852003092E+00   0.11222613835509E-02  -0.29269559432322E+05
 0.29249779023060479E+00   0.12322872225722E-02  -0.26644003486724E+05
 0.30355662173802944E+00   0.13502090654347E-02  -0.24305078510943E+05
 0.31418140626896213E+00   0.14765934971652E-02  -0.22213041846471E+05
 0.32437319681059973E+00   0.16120477479678E-02  -0.20335046985006E+05
 0.33413495513791475E+00   0.17572226074079E-02  -0.18643708505871E+05
 0.34347137468365685E+00   0.19128155473023E-02  -0.17116011422214E+05
 0.35238870075037543E+00   0.20795740682274E-02  -0.15732472204171E+05
 0.36089455117947594E+00   0.22582992856177E-02  -0.14476486223640E+05
 0.36899774018049813E+00   0.24498497725618E-02  -0.13333815010086E+05
 0.37670810760210816E+00   0.26551456776172E-02  -0.12292179565223E+05
 0.38403635550968052E+00   0.28751731372654E-02  -0.11340934985413E+05
 0.39099389353496905E+00   0.31109890040199E-02  -0.10470808028350E+05
 0.39759269409045600E+00   0.33637259126873E-02  -0.96736838518529E+04
 0.40384515820115580E+00   0.36345977088734E-02  -0.89424314915974E+04
 0.40976399240404782E+00   0.39249052655295E-02  -0.82707600998387E+04
 0.41536209690202641E+00   0.42360427151559E-02  -0.76530997909718E+04
 0.42065246493556552E+00   0.45695041272231E-02  -0.70845023076388E+04
 0.42564809315016455E+00   0.49268906624595E-02  -0.65605577561850E+04
 0.43036190258891754E+00   0.53099182378730E-02  -0.60773244501822E+04
 0.43480666982441230E+00   0.57204257387563E-02  -0.56312695083256E+04
 0.43899496765924362E+00   0.61603838164655E-02  -0.52192183238558E+04
 0.44293911476617442E+00   0.66319043134761E-02  -0.48383113901106E+04
 0.44665113360371711E+00   0.71372503601200E-02  -0.44859672554798E+04
 0.45014271592707089E+00   0.76788471905016E-02  -0.41598506092593E+04
 0.45342519521452151E+00   0.82592937283951E-02  -0.38578446814006E+04
 0.45650952534239442E+00   0.88813749974526E-02  -0.35780272843377E+04
 0.45940626486456215E+00   0.95480754138094E-02  -0.33186499418299E+04
 0.46212556628271861E+00   0.10262593023187E-01  -0.30781196441671E+04
 0.46467716972883122E+00   0.11028354748868E-01  -0.28549828458044E+04
 0.46707040051933402E+00   0.11849032721462E-01  -0.26479113841667E+04
 0.46931417007996501E+00   0.12728561766261E-01  -0.24556900498233E+04
 0.47141697977917385E+00   0.13671158129094E-01  -0.22772055807144E+04
 0.47338692724544140E+00   0.14681339527142E-01  -0.21114368883786E+04
 0.47523171477862558E+00   0.15763946616981E-01  -0.19574463535787E+04
 0.47695865949674049E+00   0.16924165978315E-01  -0.18143720534802E+04
 0.47857470488679610E+00   0.18167554718499E-01  -0.16814208034884E+04
 0.48008643345114904E+00   0.19500066809896E-01  -0.15578619147004E+04
 0.48150008015920548E+00   0.20928081279553E-01  -0.14430215832524E+04
 0.48282154642861702E+00   0.22458432378533E-01  -0.13362778410485E+04
 0.48405641437112445E+00   0.24098441866553E-01  -0.12370560087780E+04
 0.48520996104731218E+00   0.25855953556357E-01  -0.11448246019594E+04
 0.48628717248389763E+00   0.27739370271550E-01  -0.10590916490881E+04
 0.48729275721996052E+00   0.29757693381404E-01  -0.97940138779372E+03
 0.48823115916926541E+00   0.31920565086455E-01  -0.90533131006660E+03
 0.48910656962092658E+00   0.34238313639551E-01  -0.83648953076678E+03
 0.48992293825888639E+00   0.36722001698414E-01  -0.77251245425508E+03
 0.49068398317339218E+00   0.39383478017693E-01  -0.71306271134009E+03
 0.49139319997789332E+00   0.42235432700963E-01  -0.65782733194218E+03
 0.49205387034268189E+00   0.45291456246181E-01  -0.60651610727651E+03
 0.49266907050737657E+00   0.48566102631601E-01  -0.55886007943154E+03
 0.49324168059354023E+00   0.52074956703276E-01  -0.51461007946497E+03
 0.49377439568624121E+00   0.55834706139791E-01  -0.47353522677426E+03
 0.49426973947124686E+00   0.59863218284852E-01  -0.43542131907505E+03
 0.49473008044931255E+00   0.64179622153785E-01  -0.40006910285458E+03
 0.49515764934712486E+00   0.68804395935657E-01  -0.36729252218431E+03
 0.49555455480680555E+00   0.73759460328728E-01  -0.33691716059904E+03
 0.49592279388546290E+00   0.79068278063012E-01  -0.30877913105630E+03
 0.49626425533777685E+00   0.84755959979821E-01  -0.28272455768735E+03
 0.49658071675319648E+00   0.90849378054143E-01  -0.25860955757509E+03
 0.49687383948614400E+00   0.97377285761297E-01  -0.23630041562804E+03
 0.49714516606157455E+00   0.10437044620442E+00  -0.21567359323868E+03
 0.49739612315438292E+00   0.11186176843355E+00  -0.19661533505635E+03
 0.49762803068317912E+00   0.11988645240026E+00  -0.17902083362789E+03
 0.49784211548462076E+00   0.12848214300340E+00  -0.16279306841157E+03
 0.49803952703263454E+00   0.13768909369134E+00  -0.14784151017172E+03
 0.49822135256694100E+00   0.14755034009334E+00  -0.13408088794476E+03
 0.49838862939776007E+00   0.15811188415740E+00  -0.12143018441238E+03
 0.49854235276836256E+00   0.16942288927237E+00  -0.10981197868880E+03
 0.49868347836816934E+00   0.18153588684917E+00  -0.99152201921029E+02
 0.49881291940154587E+00   0.19450699482699E+00  -0.89380310195516E+02
 0.49893153910565441E+00   0.20839614855590E+00  -0.80429805323767E+02
 0.49904014088190185E+00   0.22326734448556E+00  -0.72238938991906E+02
 0.49913945978758489E+00   0.23918889705942E+00  -0.64751317377206E+02
 0.49923016058071706E+00   0.25623370917446E+00  -0.57916015285654E+02
 0.49931284715011165E+00   0.27447955651526E+00  -0.51686836921417E+02
 0.49938808315244687E+00   0.29400938600797E+00  -0.46020738103845E+02
 0.49945641388850159E+00   0.31491162856155E+00  -0.40876161030828E+02
 0.49951837362331836E+00   0.33728052616913E+00  -0.36212469292616E+02
 0.49957447205871702E+00   0.36121647332923E+00  -0.31990953759543E+02
 0.49962517198483924E+00   0.38682637261280E+00  -0.28176502008465E+02
 0.49967087623549339E+00   0.41422400404472E+00  -0.24738567546451E+02
 0.49971193154780130E+00   0.44353040778554E+00  -0.21650868580724E+02
 0.49974864472338620E+00   0.47487427938818E+00  -0.18890163875542E+02
 0.49978130241207158E+00   0.50839237666158E+00  -0.16434758719392E+02
 0.49981018784652148E+00   0.54422993689737E+00  -0.14263242170694E+02
 0.49983559127320509E+00   0.58254110290335E+00  -0.12353699491487E+02
 0.49985781346527708E+00   0.62348935593563E+00  -0.10683445251643E+02
 0.49987716328698450E+00   0.66724795322943E+00  -0.92292037510593E+01
 0.49989395106958778E+00   0.71400036739287E+00  -0.79676042557450E+01
 0.49990847980988828E+00   0.76394072444865E+00  -0.68758398682456E+01
 0.49992103609265803E+00   0.81727423678444E+00  -0.59323472201127E+01
 0.49993188230800117E+00   0.87421762670440E+00  -0.51173890363781E+01
 0.49994125130545530E+00   0.93499953566278E+00  -0.44134538690792E+01
 0.49994934418579939E+00   0.99986091361083E+00  -0.38054203915633E+01
 0.49995633148851937E+00   0.10690553822024E+01  -0.32804668963255E+01
 0.49996235747691492E+00   0.11428495648913E+01  -0.28277483782719E+01
 0.49996754639843255E+00   0.12215233762238E+01  -0.24379254958162E+01
 0.49997200865952041E+00   0.13053702618907E+01  -0.21027001709741E+01
 0.49997584463129274E+00   0.13946973803820E+01  -0.18145293276501E+01
 0.49997914515156022E+00   0.14898257163832E+01  -0.15665869053465E+01
 0.49998198999932597E+00   0.15910901154124E+01  -0.13528782414783E+01
 0.49998444662896713E+00   0.16988392286241E+01  -0.11683349848079E+01
 0.49998657051351492E+00   0.18134353562483E+01  -0.10087891689116E+01
 0.49998840693671559E+00   0.19352541778144E+01  -0.87083848913475E+00
 0.49998999335068334E+00   0.20646843571704E+01  -0.75166912394858E+00
 0.49999136153696161E+00   0.22021270103889E+01  -0.64889334786305E+00
 0.49999253921726361E+00   0.23479950249930E+01  -0.56042850018085E+00
 0.49999355108173649E+00   0.25027122195788E+01  -0.48441971892476E+00
 0.49999441935743627E+00   0.26667123339008E+01  -0.41919721992389E+00
 0.49999516407642330E+00   0.28404378408543E+01  -0.36325614418297E+00
 0.49999580318212600E+00   0.30243385735729E+01  -0.31524855717105E+00
 0.49999635257340069E+00   0.32188701630746E+01  -0.27398013065860E+00
 0.49999682614720398E+00   0.34244922845610E+01  -0.23840693060488E+00
 0.49999723587038791E+00   0.36416667135785E+01  -0.20763001910535E+00
 0.49999759189028137E+00   0.38708551967931E+01  -0.18088714390410E+00
 0.49999790268131189E+00   0.41125171460457E+01  -0.15754172189178E+00
 0.49999817521882589E+00   0.43671071685993E+01  -0.13706978020006E+00
 0.49999841516935245E+00   0.46350724509653E+01  -0.11904566276320E+00
 0.49999862708697385E+00   0.49168500183013E+01  -0.10312727869311E+00
 0.49999881460690099E+00   0.52128638959647E+01  -0.89041560768847E-01
 0.49999898062900594E+00   0.55235222042457E+01  -0.76570678762807E-01
 0.49999912748552422E+00   0.58492142214126E+01  -0.65539441888314E-01
 0.49999925708838094E+00   0.61903074538070E+01  -0.55804232053601E-01
 0.49999937105272452E+00   0.65471447546554E+01  -0.47243724318460E-01
 0.49999947079451756E+00   0.69200415353393E+01  -0.39751556142810E-01
 0.49999955760160963E+00   0.73092831139412E+01  -0.33230988692815E-01
 0.49999963267963765E+00   0.77151222458371E+01  -0.27591458842004E-01
 0.49999969717619674E+00   0.81377768798438E+01  -0.22746763547655E-01
 0.49999975218855874E+00   0.85774281809213E+01  -0.18614480035098E-01
 0.49999979876126543E+00   0.90342188566791E+01  -0.15116146537940E-01
 0.49999983787971919E+00   0.95082518200100E+01  -0.12177743688632E-01
 0.49999987046435596E+00   0.99995892142010E+01  -0.97301322343362E-02
 0.49999989736760109E+00   0.10508251820010E+02  -0.77092816157203E-02
 0.49999991937352911E+00   0.11034218856679E+02  -0.60562955689609E-02
 0.49999993719884156E+00   0.11577428180921E+02  -0.47173386120942E-02
 0.49999995149376075E+00   0.12137776879844E+02  -0.36435689229544E-02
 0.49999996284226478E+00   0.12715122245837E+02  -0.27911206551496E-02
 0.49999997176202182E+00   0.13309283113941E+02  -0.21211088972990E-02
 0.49999997870485491E+00   0.13920041535339E+02  -0.15995947345910E-02
 0.49999998405848928E+00   0.14547144754655E+02  -0.11974539865314E-02
 0.49999998814992030E+00   0.15190307453807E+02  -0.89012424347823E-03
 0.49999999125028649E+00   0.15849214221413E+02  -0.65723878281521E-03
 0.49999999358083036E+00   0.16523522204246E+02  -0.48217890522428E-03
 0.49999999531940859E+00   0.17212863895965E+02  -0.35158479546205E-03
 0.49999999660705813E+00   0.17916850018301E+02  -0.25486241198336E-03
 0.49999999755422747E+00   0.18635072450965E+02  -0.18371534851447E-03
 0.49999999824642727E+00   0.19367107168599E+02  -0.13172044501375E-03
 0.49999999874916856E+00   0.20112517146046E+02  -0.93956783102422E-04
 0.49999999911215776E+00   0.20870855196793E+02  -0.66690689117577E-04
 0.49999999937277073E+00   0.21641666713578E+02  -0.47114633067835E-04
 0.49999999955887797E+00   0.22424492284561E+02  -0.33135102194937E-04
 0.49999999969109948E+00   0.23218870163075E+02  -0.23203219984058E-04
 0.50000000000000000E+00   0.24024338573573E+02   0.49249493372372E-12
 0.50000000000000000E+00   0.24840437840854E+02   0.47961634663807E-12
 0.50000000000000000E+00   0.25666712333901E+02   0.46562753652779E-12
 0.50000000000000000E+00   0.26502712219579E+02   0.45119463720766E-12
 0.50000000000000000E+00   0.27347995024993E+02   0.43720582709739E-12
 0.50000000000000000E+00   0.28202127010389E+02   0.42410519540681E-12
 0.50000000000000000E+00   0.29064684357170E+02   0.41167069753101E-12
 0.50000000000000000E+00   0.29935254177814E+02   0.39968028886506E-12
 0.50000000000000000E+00   0.30813435356248E+02   0.38835601401388E-12
 0.50000000000000000E+00   0.31698839228624E+02   0.37725378376763E-12
 0.50000000000000000E+00   0.32591090115412E+02   0.36703973194108E-12
 0.50000000000000000E+00   0.33489825716383E+02   0.35726976932438E-12
 0.50000000000000000E+00   0.34394697380382E+02   0.34783287361506E-12
 0.50000000000000000E+00   0.35305370261891E+02   0.33895108941806E-12
 0.50000000000000000E+00   0.36221523376224E+02   0.33029134982598E-12
 0.50000000000000000E+00   0.37142849564891E+02   0.32218672174622E-12
 0.50000000000000000E+00   0.38069055382202E+02   0.31430413827138E-12
 0.50000000000000000E+00   0.38999860913611E+02   0.30664359940147E-12
 0.50000000000000000E+00   0.39934999535663E+02   0.29976021664879E-12
 0.50000000000000000E+00   0.40874217626704E+02   0.29265478929119E-12
