 0.19983980384521871E+00   0.97578195523695E-18  -0.56411864055421E+05
 0.20328592173719603E+00   0.29483069282768E-04  -0.54818884568653E+05
 0.21419142875158140E+00   0.61082173640461E-04  -0.50115550565265E+05
 0.23250871150853267E+00   0.94949178290611E-04  -0.43208556505479E+05
 0.25643659505066857E+00   0.13124684686428E-03  -0.35672321982472E+05
 0.28254635726963950E+00   0.17014962340302E-03  -0.28905222642150E+05
 0.30740538615826496E+00   0.21184447044981E-03  -0.23530546220947E+05
 0.32924683388918818E+00   0.25653176725507E-03  -0.19478095984920E+05
 0.34791980220377822E+00   0.30442627240692E-03  -0.16416964714756E+05
 0.36389542578868966E+00   0.35575815550320E-03  -0.14047384453547E+05
 0.37767134620997495E+00   0.41077410281323E-03  -0.12165038949905E+05
 0.38964465968500883E+00   0.46973850223137E-03  -0.10637117820859E+05
 0.40012378393465431E+00   0.53293471320370E-03  -0.93749089083666E+04
 0.40935111623432174E+00   0.60066642771546E-03  -0.83169832195660E+04
 0.41751979120080129E+00   0.67325912886222E-03  -0.74194554011234E+04
 0.42478560157988393E+00   0.75106165399386E-03  -0.66501362328370E+04
 0.43127561603174269E+00   0.83444786992019E-03  -0.59848779045449E+04
 0.43709451424983048E+00   0.92381846820159E-03  -0.54052092072565E+04
 0.44232931500380374E+00   0.10196028891215E-02  -0.48967590037136E+04
 0.44705295345875296E+00   0.11222613835509E-02  -0.44481775580238E+04
 0.45132702180203832E+00   0.12322872225722E-02  -0.40503814721574E+04
 0.45520389294739977E+00   0.13502090654347E-02  -0.36960143588994E+04
 0.45872838350377199E+00   0.14765934971652E-02  -0.33790546064784E+04
 0.46193906858587408E+00   0.16120477479678E-02  -0.30945254665639E+04
 0.46486933066980390E+00   0.17572226074079E-02  -0.28382776201387E+04
 0.46754820324125290E+00   0.19128155473023E-02  -0.26068239263482E+04
 0.47000105462901853E+00   0.20795740682274E-02  -0.23972123040691E+04
 0.47225014629385986E+00   0.22582992856177E-02  -0.22069268590274E+04
 0.47431509169475355E+00   0.24498497725618E-02  -0.20338101942592E+04
 0.47621323582286645E+00   0.26551456776172E-02  -0.18760017899622E+04
 0.47795997098446713E+00   0.28751731372654E-02  -0.17318887025612E+04
 0.47956900101215671E+00   0.31109890040199E-02  -0.16000658006604E+04
 0.48105256349511993E+00   0.33637259126873E-02  -0.14793034511941E+04
 0.48242161763321934E+00   0.36345977088734E-02  -0.13685210750077E+04
 0.48368600378465976E+00   0.39249052655295E-02  -0.12667653631022E+04
 0.48485457958175204E+00   0.42360427151559E-02  -0.11731922211188E+04
 0.48593533655239923E+00   0.45695041272231E-02  -0.10870517168960E+04
 0.48693550044577127E+00   0.49268906624595E-02  -0.10076754627726E+04
 0.48786161787391547E+00   0.53099182378730E-02  -0.93446598400324E+03
 0.48871963141263297E+00   0.57204257387563E-02  -0.86688771672453E+03
 0.48951494492893288E+00   0.61603838164655E-02  -0.80445935025903E+03
 0.49025248059893239E+00   0.66319043134761E-02  -0.74674728423456E+03
 0.49093672883398998E+00   0.71372503601200E-02  -0.69336001474650E+03
 0.49157179213233504E+00   0.76788471905016E-02  -0.64394329838399E+03
 0.49216142370932353E+00   0.82592937283951E-02  -0.59817597045493E+03
 0.49270906162451250E+00   0.88813749974526E-02  -0.55576631575414E+03
 0.49321785901235732E+00   0.95480754138094E-02  -0.51644890791948E+03
 0.49369071093101996E+00   0.10262593023187E-01  -0.47998184772991E+03
 0.49413027826697220E+00   0.11028354748868E-01  -0.44614434232357E+03
 0.49453900906895321E+00   0.11849032721462E-01  -0.41473457680043E+03
 0.49491915763110583E+00   0.12728561766261E-01  -0.38556783745171E+03
 0.49527280159994719E+00   0.13671158129094E-01  -0.35847485226100E+03
 0.49560185734172391E+00   0.14681339527142E-01  -0.33330031961481E+03
 0.49590809377447098E+00   0.15763946616981E-01  -0.30990160055289E+03
 0.49619314484173827E+00   0.16924165978315E-01  -0.28814755354731E+03
 0.49645852078166947E+00   0.18167554718499E-01  -0.26791749385739E+03
 0.49670561832525473E+00   0.19500066809896E-01  -0.24910026207333E+03
 0.49693572994058244E+00   0.20928081279553E-01  -0.23159338861969E+03
 0.49715005222533776E+00   0.22458432378533E-01  -0.21530234281245E+03
 0.49734969353726338E+00   0.24098441866553E-01  -0.20013985660569E+03
 0.49753568094149980E+00   0.25855953556357E-01  -0.18602531447396E+03
 0.49770896654439917E+00   0.27739370271550E-01  -0.17288420199076E+03
 0.49787043327534186E+00   0.29757693381404E-01  -0.16064760661507E+03
 0.49802090017110223E+00   0.31920565086455E-01  -0.14925176501084E+03
 0.49816112721124323E+00   0.34238313639551E-01  -0.13863765192147E+03
 0.49829181974775916E+00   0.36722001698414E-01  -0.12875060621950E+03
 0.49841363256760546E+00   0.39383478017693E-01  -0.11953999026599E+03
 0.49852717362277221E+00   0.42235432700963E-01  -0.11095887915698E+03
 0.49863300745908945E+00   0.45291456246181E-01  -0.10296377681626E+03
 0.49873165837192979E+00   0.48566102631601E-01  -0.95514356223034E+02
 0.49882361331433778E+00   0.52074956703276E-01  -0.88573221348177E+02
 0.49890932458081039E+00   0.55834706139791E-01  -0.82105688619448E+02
 0.49898921228793292E+00   0.59863218284852E-01  -0.76079585950487E+02
 0.49906366667128982E+00   0.64179622153785E-01  -0.70465067555670E+02
 0.49913305021648291E+00   0.68804395935657E-01  -0.65234442937561E+02
 0.49919769964065558E+00   0.73759460328728E-01  -0.60362018580227E+02
 0.49925792773959610E+00   0.79068278063012E-01  -0.55823951014136E+02
 0.49931402511424339E+00   0.84755959979821E-01  -0.51598110040703E+02
 0.49936626178919474E+00   0.90849378054143E-01  -0.47663951020647E+02
 0.49941488873458001E+00   0.97377285761297E-01  -0.44002395243787E+02
 0.49946013930138189E+00   0.10437044620442E+00  -0.40595717512203E+02
 0.49950223057891124E+00   0.11186176843355E+00  -0.37427440187027E+02
 0.49954136468165455E+00   0.11988645240026E+00  -0.34482233074006E+02
 0.49957772997108785E+00   0.12848214300340E+00  -0.31745818656409E+02
 0.49961150221627515E+00   0.13768909369134E+00  -0.29204882326638E+02
 0.49964284569516082E+00   0.14755034009334E+00  -0.26846987419690E+02
 0.49967191423644791E+00   0.15811188415740E+00  -0.24660495010294E+02
 0.49969885219988092E+00   0.16942288927237E+00  -0.22634488597191E+02
 0.49972379539071177E+00   0.18153588684917E+00  -0.20758703956716E+02
 0.49974687190222250E+00   0.19450699482699E+00  -0.19023464595430E+02
 0.49976820287854173E+00   0.20839614855590E+00  -0.17419623358278E+02
 0.49978790318877819E+00   0.22326734448556E+00  -0.15938510843518E+02
 0.49980608200284771E+00   0.23918889705942E+00  -0.14571891327052E+02
 0.49982284325943876E+00   0.25623370917446E+00  -0.13311926896468E+02
 0.49983828601743757E+00   0.27447955651526E+00  -0.12151150431446E+02
 0.49985250468386733E+00   0.29400938600797E+00  -0.11082447939141E+02
 0.49986558911393980E+00   0.31491162856155E+00  -0.10099050563986E+02
 0.49987762458203916E+00   0.33728052616913E+00  -0.91945363508280E+01
 0.49988869162618732E+00   0.36121647332923E+00  -0.83628415618973E+01
 0.49989886577268067E+00   0.38682637261280E+00  -0.75982810380940E+01
 0.49990821715254019E+00   0.41422400404472E+00  -0.68955767243662E+01
 0.49991681002887367E+00   0.44353040778554E+00  -0.62498929196639E+01
 0.49992470226892999E+00   0.47487427938818E+00  -0.56568757096557E+01
 0.49993194482712128E+00   0.50839237666158E+00  -0.51126916000900E+01
 0.49993858137489616E+00   0.54422993689737E+00  -0.46140551397610E+01
 0.49994464834390512E+00   0.58254110290335E+00  -0.41582255150757E+01
 0.49995017583544771E+00   0.62348935593563E+00  -0.37429380858563E+01
 0.49995518996189969E+00   0.66724795322943E+00  -0.33662283682084E+01
 0.49995971685479296E+00   0.71400036739287E+00  -0.30261308424809E+01
 0.49996378739647707E+00   0.76394072444865E+00  -0.27203234417352E+01
 0.49996744021485517E+00   0.81727423678444E+00  -0.24459025601350E+01
 0.49997072057321412E+00   0.87421762670440E+00  -0.21994664506797E+01
 0.49997367549551136E+00   0.93499953566278E+00  -0.19774814132283E+01
 0.49997634818987086E+00   0.99986091361083E+00  -0.17767006752657E+01
 0.49997877460211704E+00   0.10690553822024E+01  -0.15944232400921E+01
 0.49998098272232128E+00   0.11428495648913E+01  -0.14285459217640E+01
 0.49998299370025029E+00   0.12215233762238E+01  -0.12774795031109E+01
 0.49998482362465435E+00   0.13053702618907E+01  -0.11400150394090E+01
 0.49998648525252187E+00   0.13946973803820E+01  -0.10151939330823E+01
 0.49998798939656280E+00   0.14898257163832E+01  -0.90220369130678E+00
 0.49998934591692668E+00   0.15910901154124E+01  -0.80030341926276E+00
 0.49999056436021683E+00   0.16988392286241E+01  -0.70877581185061E+00
 0.49999165431547687E+00   0.18134353562483E+01  -0.62690040790102E+00
 0.49999262555633078E+00   0.19352541778144E+01  -0.55394290923008E+00
 0.49999348803024413E+00   0.20646843571704E+01  -0.48915598396599E+00
 0.49999425174676804E+00   0.22021270103889E+01  -0.43178765818878E+00
 0.49999492660821676E+00   0.23479950249930E+01  -0.38109403189644E+00
 0.49999552221843657E+00   0.25027122195788E+01  -0.33635364074800E+00
 0.49999604769779354E+00   0.26667123339008E+01  -0.29688135086175E+00
 0.49999651152505648E+00   0.28404378408543E+01  -0.26204023348142E+00
 0.49999692141957330E+00   0.30243385735729E+01  -0.23125041331334E+00
 0.49999728427030105E+00   0.32188701630746E+01  -0.20399439760013E+00
 0.49999760611224420E+00   0.34244922845610E+01  -0.17981884447444E+00
 0.49999789214601531E+00   0.36416667135785E+01  -0.15833309233527E+00
 0.49999814679281374E+00   0.38708551967931E+01  -0.13920502904421E+00
 0.49999837377517270E+00   0.41125171460457E+01  -0.12215502579323E+00
 0.49999857621323751E+00   0.43671071685993E+01  -0.10694870441064E+00
 0.49999875672686034E+00   0.46350724509653E+01  -0.93389268051698E-01
 0.49999891753508852E+00   0.49168500183013E+01  -0.81310027661802E-01
 0.49999906054641297E+00   0.52128638959647E+01  -0.70567622654871E-01
 0.49999918743518013E+00   0.55235222042457E+01  -0.61036281026880E-01
 0.49999929970170004E+00   0.58492142214126E+01  -0.52603304133925E-01
 0.49999939871565180E+00   0.61903074538070E+01  -0.45165806181573E-01
 0.49999948574420328E+00   0.65471447546554E+01  -0.38628601867823E-01
 0.49999956196763473E+00   0.69200415353393E+01  -0.32903032822560E-01
 0.49999962848600965E+00   0.73092831139412E+01  -0.27906466392426E-01
 0.49999968632055297E+00   0.77151222458371E+01  -0.23562192099624E-01
 0.49999973641294843E+00   0.81377768798438E+01  -0.19799474427541E-01
 0.49999977962496278E+00   0.85774281809213E+01  -0.16553580959978E-01
 0.49999981673985461E+00   0.90342188566791E+01  -0.13765676541378E-01
 0.49999984846608947E+00   0.95082518200100E+01  -0.11382544228305E-01
 0.49999987544309243E+00   0.99995892142010E+01  -0.93561531237746E-02
 0.49999989824822200E+00   0.10508251820010E+02  -0.76431345535289E-02
 0.49999991740390520E+00   0.11034218856679E+02  -0.62042460602346E-02
 0.49999993338396792E+00   0.11577428180921E+02  -0.50038959284082E-02
 0.49999994661854330E+00   0.12137776879844E+02  -0.40097744528920E-02
 0.49999995749741322E+00   0.12715122245837E+02  -0.31926029472790E-02
 0.49999996637205163E+00   0.13309283113941E+02  -0.25259802606540E-02
 0.49999997355688197E+00   0.13920041535339E+02  -0.19862883096048E-02
 0.49999997933030205E+00   0.14547144754655E+02  -0.15526151218438E-02
 0.49999998393591172E+00   0.15190307453807E+02  -0.12066625484536E-02
 0.49999998758419600E+00   0.15849214221413E+02  -0.93261990747140E-03
 0.49999999045472521E+00   0.16523522204246E+02  -0.71699871024700E-03
 0.49999999269880036E+00   0.17212863895965E+02  -0.54843390475845E-03
 0.49999999444239718E+00   0.17916850018301E+02  -0.41746274306664E-03
 0.49999999578923876E+00   0.18635072450965E+02  -0.31629404661299E-03
 0.49999999682383783E+00   0.19367107168599E+02  -0.23857958777312E-03
 0.49999999761438990E+00   0.20112517146046E+02  -0.17919682992545E-03
 0.49999999821542984E+00   0.20870855196793E+02  -0.13404936552330E-03
 0.49999999867020473E+00   0.21641666713578E+02  -0.99888679185062E-04
 0.49999999901274372E+00   0.22424492284561E+02  -0.74158643149996E-04
 0.49999999926962924E+00   0.23218870163075E+02  -0.54862508742259E-04
 0.49999999946148577E+00   0.24024338573573E+02  -0.40451062338825E-04
 0.49999999960421365E+00   0.24840437840854E+02  -0.29729947745305E-04
 0.49999999969931963E+00   0.25666712333901E+02  -0.22585751922904E-04
 0.50000000000000000E+00   0.26502712219579E+02  -0.66058269965197E-14
 0.50000000000000000E+00   0.27347995024993E+02  -0.20539125955565E-14
 0.50000000000000000E+00   0.28202127010389E+02  -0.33306690738755E-15
 0.50000000000000000E+00   0.29064684357170E+02   0.36082248300318E-15
 0.50000000000000000E+00   0.29935254177814E+02   0.63837823915947E-15
 0.50000000000000000E+00   0.30813435356248E+02   0.69388939039072E-15
 0.50000000000000000E+00   0.31698839228624E+02   0.66613381477509E-15
 0.50000000000000000E+00   0.32591090115412E+02   0.66613381477509E-15
 0.50000000000000000E+00   0.33489825716383E+02   0.63837823915947E-15
 0.50000000000000000E+00   0.34394697380382E+02   0.66613381477509E-15
 0.50000000000000000E+00   0.35305370261891E+02   0.66613381477509E-15
 0.50000000000000000E+00   0.36221523376224E+02   0.63837823915947E-15
 0.50000000000000000E+00   0.37142849564891E+02   0.63837823915947E-15
 0.50000000000000000E+00   0.38069055382202E+02   0.61062266354384E-15
 0.50000000000000000E+00   0.38999860913611E+02   0.58286708792821E-15
 0.50000000000000000E+00   0.39934999535663E+02   0.58286708792821E-15
 0.50000000000000000E+00   0.40874217626704E+02   0.58286708792821E-15
