 0.28063217930338759E-01   0.97578195523695E-18  -0.63160523877126E+06
 0.28831943844157510E-01   0.29483069282768E-04  -0.61376381453116E+06
 0.31369019614986400E-01   0.61082173640461E-04  -0.56108597473284E+06
 0.36024202556937598E-01   0.94949178290611E-04  -0.48372698041313E+06
 0.42984222633095835E-01   0.13124684686428E-03  -0.39932037822501E+06
 0.52006660296778869E-01   0.17014962340302E-03  -0.32352805481437E+06
 0.62411349100517023E-01   0.21184447044981E-03  -0.26333090521360E+06
 0.73498360920168621E-01   0.25653176725507E-03  -0.21794273753663E+06
 0.84889610707355304E-01   0.30442627240692E-03  -0.18365739118854E+06
 0.96462552093255452E-01   0.35575815550320E-03  -0.15711745810393E+06
 0.10817797385684064E+00   0.41077410281323E-03  -0.13603458982035E+06
 0.12000882721623679E+00   0.46973850223137E-03  -0.11892130440332E+06
 0.13192801985787145E+00   0.53293471320370E-03  -0.10478402116624E+06
 0.14390766403986707E+00   0.60066642771546E-03  -0.92934731780475E+05
 0.15591929835846691E+00   0.67325912886222E-03  -0.82881917466261E+05
 0.16793415589192945E+00   0.75106165399386E-03  -0.74265056780492E+05
 0.17992343898495616E+00   0.83444786992019E-03  -0.66813692618130E+05
 0.19185859461240012E+00   0.92381846820159E-03  -0.60320946273792E+05
 0.20371158472820894E+00   0.10196028891215E-02  -0.54625860255373E+05
 0.21545514619045872E+00   0.11222613835509E-02  -0.49601317135364E+05
 0.22706303520689025E+00   0.12322872225722E-02  -0.45145582812250E+05
 0.23851025177013147E+00   0.13502090654347E-02  -0.41176266030404E+05
 0.24977324021355785E+00   0.14765934971652E-02  -0.37625925334836E+05
 0.26083006278747800E+00   0.16120477479678E-02  -0.34438822054081E+05
 0.27166054399295603E+00   0.17572226074079E-02  -0.31568485040301E+05
 0.28224638427912435E+00   0.19128155473023E-02  -0.28975859862699E+05
 0.29257124257168882E+00   0.20795740682274E-02  -0.26627885090353E+05
 0.30262078792114638E+00   0.22582992856177E-02  -0.24496384927322E+05
 0.31238272130944139E+00   0.24498497725618E-02  -0.22557199102481E+05
 0.32184676930998535E+00   0.26551456776172E-02  -0.20789492736935E+05
 0.33100465184146061E+00   0.28751731372654E-02  -0.19175204186176E+05
 0.33985002668102171E+00   0.31109890040199E-02  -0.17698599693933E+05
 0.34837841370437267E+00   0.33637259126873E-02  -0.16345911485741E+05
 0.35658710200176030E+00   0.36345977088734E-02  -0.15105041596461E+05
 0.36447504308812873E+00   0.39249052655295E-02  -0.13965317892296E+05
 0.37204273339437999E+00   0.42360427151559E-02  -0.12917291842751E+05
 0.37929208910927137E+00   0.45695041272231E-02  -0.11952569919186E+05
 0.38622631625390924E+00   0.49268906624595E-02  -0.11063672253148E+05
 0.39284977862929948E+00   0.53099182378730E-02  -0.10243913528226E+05
 0.39916786599783971E+00   0.57204257387563E-02  -0.94873021103905E+04
 0.40518686455653935E+00   0.61603838164655E-02  -0.87884542210671E+04
 0.41091383144604510E+00   0.66319043134761E-02  -0.81425205811320E+04
 0.41635647472612619E+00   0.71372503601200E-02  -0.75451234444575E+04
 0.42152303994387796E+00   0.76788471905016E-02  -0.69923023276321E+04
 0.42642220413221193E+00   0.82592937283951E-02  -0.64804670514335E+04
 0.43106297780790159E+00   0.88813749974526E-02  -0.60063569571502E+04
 0.43545461529355300E+00   0.95480754138094E-02  -0.55670053603631E+04
 0.43960653346796968E+00   0.10262593023187E-01  -0.51597084665839E+04
 0.44352823885507664E+00   0.11028354748868E-01  -0.47819981050853E+04
 0.44722926279285063E+00   0.11849032721462E-01  -0.44316177454475E+04
 0.45071910428039891E+00   0.12728561766261E-01  -0.41065013504605E+04
 0.45400717998360574E+00   0.13671158129094E-01  -0.38047546926564E+04
 0.45710278078867761E+00   0.14681339527142E-01  -0.35246388225904E+04
 0.46001503423106049E+00   0.15763946616981E-01  -0.32645554270084E+04
 0.46275287209952637E+00   0.16924165978315E-01  -0.30230338555104E+04
 0.46532500252998299E+00   0.18167554718499E-01  -0.27987196259340E+04
 0.46773988597328053E+00   0.19500066809896E-01  -0.25903642415020E+04
 0.47000571456312418E+00   0.20928081279553E-01  -0.23968161663291E+04
 0.47213039464397849E+00   0.22458432378533E-01  -0.22170128093497E+04
 0.47412153255896122E+00   0.24098441866553E-01  -0.20499733596736E+04
 0.47598642423234067E+00   0.25855953556357E-01  -0.18947923003906E+04
 0.47773204953150422E+00   0.27739370271550E-01  -0.17506334097666E+04
 0.47936507265653061E+00   0.29757693381404E-01  -0.16167240549398E+04
 0.48089184952546193E+00   0.31920565086455E-01  -0.14923496214013E+04
 0.48231844189851070E+00   0.34238313639551E-01  -0.13768480317522E+04
 0.48365063574373063E+00   0.36722001698414E-01  -0.12696044920553E+04
 0.48489395889321441E+00   0.39383478017693E-01  -0.11700467974472E+04
 0.48605369213624133E+00   0.42235432700963E-01  -0.10776415925950E+04
 0.48713487013045087E+00   0.45291456246181E-01  -0.99189179950878E+03
 0.48814227343047678E+00   0.48566102631601E-01  -0.91233504109646E+03
 0.48908041765654975E+00   0.52074956703276E-01  -0.83854253429049E+03
 0.48995354732390978E+00   0.55834706139791E-01  -0.77011783269066E+03
 0.49076563957805064E+00   0.59863218284852E-01  -0.70669499621400E+03
 0.49152041897808524E+00   0.64179622153785E-01  -0.64793609393835E+03
 0.49222138087163625E+00   0.68804395935657E-01  -0.59352822468258E+03
 0.49287181892518961E+00   0.73759460328728E-01  -0.54318038648724E+03
 0.49347485192527835E+00   0.79068278063012E-01  -0.49662055345143E+03
 0.49403344552386846E+00   0.84755959979821E-01  -0.45359327018643E+03
 0.49455042577171077E+00   0.90849378054143E-01  -0.41385798201935E+03
 0.49502848295219604E+00   0.97377285761297E-01  -0.37718819180845E+03
 0.49547016647685427E+00   0.10437044620442E+00  -0.34337136526260E+03
 0.49587787450700971E+00   0.11186176843355E+00  -0.31220928997537E+03
 0.49625384517603865E+00   0.11988645240026E+00  -0.28351835526985E+03
 0.49660015825028703E+00   0.12848214300340E+00  -0.25712907795801E+03
 0.49691875345938841E+00   0.13768909369134E+00  -0.23288440401499E+03
 0.49721146161016777E+00   0.14755034009334E+00  -0.21063708689955E+03
 0.49748003131118879E+00   0.15811188415740E+00  -0.19024744590400E+03
 0.49772613237929775E+00   0.16942288927237E+00  -0.17158292914870E+03
 0.49795133550227288E+00   0.18153588684917E+00  -0.15451949614182E+03
 0.49815708978991002E+00   0.19450699482699E+00  -0.13894317025860E+03
 0.49834472136864832E+00   0.20839614855590E+00  -0.12475001013140E+03
 0.49851545856931406E+00   0.22326734448556E+00  -0.11184408884542E+03
 0.49867047216334354E+00   0.23918889705942E+00  -0.10013435968125E+03
 0.49881091339410505E+00   0.25623370917446E+00  -0.89531710916917E+02
 0.49893793579678153E+00   0.27447955651526E+00  -0.79947260867393E+02
 0.49905269343572600E+00   0.29400938600797E+00  -0.71292441220168E+02
 0.49915631515736392E+00   0.31491162856155E+00  -0.63480891929418E+02
 0.49924986118898595E+00   0.33728052616913E+00  -0.56431686068371E+02
 0.49933427584418155E+00   0.36121647332923E+00  -0.50072846508551E+02
 0.49941035925179206E+00   0.38682637261280E+00  -0.44343430223599E+02
 0.49947878641389121E+00   0.41422400404472E+00  -0.39192053847981E+02
 0.49954018019926832E+00   0.44353040778554E+00  -0.34571369673434E+02
 0.49959518232679828E+00   0.47487427938818E+00  -0.30432705681616E+02
 0.49964444312326106E+00   0.50839237666158E+00  -0.26726824646393E+02
 0.49968854661389545E+00   0.54422993689737E+00  -0.23409546752006E+02
 0.49972796273059550E+00   0.58254110290335E+00  -0.20445328778321E+02
 0.49976306242815438E+00   0.62348935593563E+00  -0.17806112893801E+02
 0.49979416400468751E+00   0.66724795322943E+00  -0.15467833422789E+02
 0.49982157460490229E+00   0.71400036739287E+00  -0.13407290269727E+02
 0.49984561188216164E+00   0.76394072444865E+00  -0.11600516660189E+02
 0.49986660592238097E+00   0.81727423678444E+00  -0.10022631598738E+02
 0.49988488794491903E+00   0.87421762670440E+00  -0.86486862578076E+01
 0.49990077394722998E+00   0.93499953566278E+00  -0.74548901675676E+01
 0.49991455087987424E+00   0.99986091361083E+00  -0.64196471836447E+01
 0.49992647097263165E+00   0.10690553822024E+01  -0.55239791560056E+01
 0.49993675611950472E+00   0.11428495648913E+01  -0.47511942258769E+01
 0.49994560842061708E+00   0.12215233762238E+01  -0.40860930740054E+01
 0.49995321807044352E+00   0.13053702618907E+01  -0.35143750369473E+01
 0.49995976222702315E+00   0.13946973803820E+01  -0.30227221330376E+01
 0.49996539792059319E+00   0.14898257163832E+01  -0.25993310398224E+01
 0.49997025718377486E+00   0.15910901154124E+01  -0.22342782670999E+01
 0.49997444824473602E+00   0.16988392286241E+01  -0.19194299717060E+01
 0.49997806063513422E+00   0.18134353562483E+01  -0.16480578255732E+01
 0.49998117058531444E+00   0.19352541778144E+01  -0.14144334343855E+01
 0.49998384469340940E+00   0.20646843571704E+01  -0.12135525160163E+01
 0.49998614162961874E+00   0.22021270103889E+01  -0.10410067358207E+01
 0.49998811253384429E+00   0.23479950249930E+01  -0.89295373242817E+00
 0.49998980096093615E+00   0.25027122195788E+01  -0.76612115014459E+00
 0.49999124309788479E+00   0.26667123339008E+01  -0.65779026113047E+00
 0.49999246874085057E+00   0.28404378408543E+01  -0.56572252531589E+00
 0.49999350319661373E+00   0.30243385735729E+01  -0.48801672351578E+00
 0.49999436975942235E+00   0.32188701630746E+01  -0.42292287974865E+00
 0.49999509178332679E+00   0.34244922845610E+01  -0.36868657807825E+00
 0.49999569321560444E+00   0.36416667135785E+01  -0.32350888255377E+00
 0.49999619736589329E+00   0.38708551967931E+01  -0.28563878686843E+00
 0.49999662498116293E+00   0.41125171460457E+01  -0.25351780754846E+00
 0.49999699295772743E+00   0.43671071685993E+01  -0.22587672535532E+00
 0.49999731416977988E+00   0.46350724509653E+01  -0.20174845914912E+00
 0.49999759807265781E+00   0.49168500183013E+01  -0.18042274652134E+00
 0.49999785154971266E+00   0.52128638959647E+01  -0.16138252734213E+00
 0.49999807966711407E+00   0.55235222042457E+01  -0.14424724407475E+00
 0.49999828622533304E+00   0.58492142214126E+01  -0.12873141541048E+00
 0.49999847412156428E+00   0.61903074538070E+01  -0.11461741188443E+00
 0.49999864557874896E+00   0.65471447546554E+01  -0.10173825217216E+00
 0.49999880229582389E+00   0.69200415353393E+01  -0.89966316717575E-01
 0.49999894555842805E+00   0.73092831139412E+01  -0.79205031655007E-01
 0.49999907633275847E+00   0.77151222458371E+01  -0.69381818647242E-01
 0.49999919535231313E+00   0.81377768798438E+01  -0.60441579008286E-01
 0.49999930319885000E+00   0.85774281809213E+01  -0.52340612326719E-01
 0.49999940037451190E+00   0.90342188566791E+01  -0.45041198747565E-01
 0.49999948736077965E+00   0.95082518200100E+01  -0.38507170603147E-01
 0.49999956466075512E+00   0.99995892142010E+01  -0.32700736303073E-01
 0.49999963282334481E+00   0.10508251820010E+02  -0.27580663741305E-01
 0.49999969245044146E+00   0.11034218856679E+02  -0.23101740855032E-01
 0.49999974419048454E+00   0.11577428180921E+02  -0.19215259291041E-01
 0.49999978872326173E+00   0.12137776879844E+02  -0.15870156099740E-01
 0.49999982674112198E+00   0.12715122245837E+02  -0.13014424823921E-01
 0.49999985893090076E+00   0.13309283113941E+02  -0.10596473242572E-01
 0.49999988595915223E+00   0.13920041535339E+02  -0.85662326566869E-02
 0.49999990846142700E+00   0.14547144754655E+02  -0.68759632319382E-02
 0.49999992703498308E+00   0.15190307453807E+02  -0.54808015683658E-02
 0.49999994223380506E+00   0.15849214221413E+02  -0.43391347639981E-02
 0.49999995456503554E+00   0.16523522204246E+02  -0.34128685284998E-02
 0.49999996448645279E+00   0.17212863895965E+02  -0.26676165873023E-02
 0.49999997240507504E+00   0.17916850018301E+02  -0.20728055640289E-02
 0.49999997867711526E+00   0.18635072450965E+02  -0.16016783360429E-02
 0.49999998360940778E+00   0.19367107168599E+02  -0.12311868916126E-02
 0.49999998746220825E+00   0.20112517146046E+02  -0.94178199676520E-03
 0.49999999045307880E+00   0.20870855196793E+02  -0.71712137991842E-03
 0.49999999276146806E+00   0.21641666713578E+02  -0.54372564900085E-03
 0.49999999453359495E+00   0.22424492284561E+02  -0.41061152010391E-03
 0.49999999588729910E+00   0.23218870163075E+02  -0.30892741134325E-03
 0.49999999691661690E+00   0.24024338573573E+02  -0.23160974105974E-03
 0.49999999769592801E+00   0.24840437840854E+02  -0.17307142807566E-03
 0.49999999828359842E+00   0.25666712333901E+02  -0.12892828522970E-03
 0.49999999872510054E+00   0.26502712219579E+02  -0.95764651968366E-04
 0.49999999905563108E+00   0.27347995024993E+02  -0.70936700509172E-04
 0.49999999930227240E+00   0.28202127010389E+02  -0.52410125851221E-04
 0.49999999948575014E+00   0.29064684357170E+02  -0.38628101178606E-04
 0.49999999962184710E+00   0.29935254177814E+02  -0.28405132678655E-04
 0.49999999969931985E+00   0.30813435356248E+02  -0.22585746539683E-04
 0.50000000000000000E+00   0.31698839228624E+02   0.52258197769106E-11
 0.50000000000000000E+00   0.32591090115412E+02   0.50872639434374E-11
 0.50000000000000000E+00   0.33489825716383E+02   0.49522608236430E-11
 0.50000000000000000E+00   0.34394697380382E+02   0.48230308635766E-11
 0.50000000000000000E+00   0.35305370261891E+02   0.46986858848186E-11
 0.50000000000000000E+00   0.36221523376224E+02   0.45798920211837E-11
 0.50000000000000000E+00   0.37142849564891E+02   0.44668713172769E-11
 0.50000000000000000E+00   0.38069055382202E+02   0.43580694608636E-11
 0.50000000000000000E+00   0.38999860913611E+02   0.42539305411537E-11
 0.50000000000000000E+00   0.39934999535663E+02   0.41546766027523E-11
 0.50000000000000000E+00   0.40874217626704E+02   0.40589753780296E-11
