 0.22710538843587022E+00   0.97578195523695E-18  -0.45130160740144E+05
 0.23066031899691014E+00   0.29483069282768E-04  -0.43855777161526E+05
 0.24183724839685089E+00   0.61082173640461E-04  -0.40093110052121E+05
 0.26036466778823142E+00   0.94949178290611E-04  -0.34567514932264E+05
 0.28411389825662159E+00   0.13124684686428E-03  -0.28538527472147E+05
 0.30946057128255722E+00   0.17014962340302E-03  -0.23124848176910E+05
 0.33305995554734591E+00   0.21184447044981E-03  -0.18825107222550E+05
 0.35337890908027558E+00   0.25653176725507E-03  -0.15583147219420E+05
 0.37045047376596263E+00   0.30442627240692E-03  -0.13134242391137E+05
 0.38484192329158806E+00   0.35575815550320E-03  -0.11238578372966E+05
 0.39709650100668586E+00   0.41077410281323E-03  -0.97327021647498E+04
 0.40763276491226141E+00   0.46973850223137E-03  -0.85103654611735E+04
 0.41676790335734260E+00   0.53293471320370E-03  -0.75005985368324E+04
 0.42474599913653482E+00   0.60066642771546E-03  -0.66542581984398E+04
 0.43175793672069207E+00   0.67325912886222E-03  -0.59362361643043E+04
 0.43795515791250789E+00   0.75106165399386E-03  -0.53207810592227E+04
 0.44345935815703186E+00   0.83444786992019E-03  -0.47885746360144E+04
 0.44836945534728739E+00   0.92381846820159E-03  -0.43248399284354E+04
 0.45276668614264420E+00   0.10196028891215E-02  -0.39180800276340E+04
 0.45671839163348910E+00   0.11222613835509E-02  -0.35592151458640E+04
 0.46028086945083901E+00   0.12322872225722E-02  -0.32409785656855E+04
 0.46350155032152390E+00   0.13502090654347E-02  -0.29574851783314E+04
 0.46642067868031306E+00   0.14765934971652E-02  -0.27039176954115E+04
 0.46907262437483738E+00   0.16120477479678E-02  -0.24762947193126E+04
 0.47148691662575842E+00   0.17572226074079E-02  -0.22712967958963E+04
 0.47368906653885795E+00   0.19128155473023E-02  -0.20861342135780E+04
 0.47570122697838690E+00   0.20795740682274E-02  -0.19184453085796E+04
 0.47754272614706522E+00   0.22582992856177E-02  -0.17662173666213E+04
 0.47923050222381480E+00   0.24498497725618E-02  -0.16277244712857E+04
 0.48077945984467707E+00   0.26551456776172E-02  -0.15014782078932E+04
 0.48220276436795778E+00   0.28751731372654E-02  -0.13861882227470E+04
 0.48351208625430653E+00   0.31109890040199E-02  -0.12807304118854E+04
 0.48471780517648677E+00   0.33637259126873E-02  -0.11841210699910E+04
 0.48582918141245157E+00   0.36345977088734E-02  -0.10954957348409E+04
 0.48685450049817935E+00   0.39249052655295E-02  -0.10140917602862E+04
 0.48780119590049659E+00   0.42360427151559E-02  -0.93923387181925E+03
 0.48867595352532034E+00   0.45695041272231E-02  -0.87032212459573E+03
 0.48948480113773252E+00   0.49268906624595E-02  -0.80682180924897E+03
 0.49023318518843362E+00   0.53099182378730E-02  -0.74825494659035E+03
 0.49092603708014748E+00   0.57204257387563E-02  -0.69419308594398E+03
 0.49156783054019937E+00   0.61603838164655E-02  -0.64425117894651E+03
 0.49216263147110451E+00   0.66319043134761E-02  -0.59808234519203E+03
 0.49271414141383674E+00   0.71372503601200E-02  -0.55537338110414E+03
 0.49322573556641569E+00   0.76788471905016E-02  -0.51584089109081E+03
 0.49370049614420203E+00   0.82592937283951E-02  -0.47922794204911E+03
 0.49414124174058344E+00   0.88813749974526E-02  -0.44530115989427E+03
 0.49455055324188479E+00   0.95480754138094E-02  -0.41384820094801E+03
 0.49493079676390433E+00   0.10262593023187E-01  -0.38467554246834E+03
 0.49528414400592202E+00   0.11028354748868E-01  -0.35760654590208E+03
 0.49561259035858318E+00   0.11849032721462E-01  -0.33247975403098E+03
 0.49591797105247248E+00   0.12728561766261E-01  -0.30914738940416E+03
 0.49620197559269363E+00   0.13671158129094E-01  -0.28747402657188E+03
 0.49646616068992100E+00   0.14681339527142E-01  -0.26733541487036E+03
 0.49671196186901856E+00   0.15763946616981E-01  -0.24861743202131E+03
 0.49694070391150408E+00   0.16924165978315E-01  -0.23121515173731E+03
 0.49715361026708893E+00   0.18167554718499E-01  -0.21503201097111E+03
 0.49735181155163155E+00   0.19500066809896E-01  -0.19997906449978E+03
 0.49753635323358625E+00   0.20928081279553E-01  -0.18597431626252E+03
 0.49770820259798049E+00   0.22458432378533E-01  -0.17294211832929E+03
 0.49786825506577648E+00   0.24098441866553E-01  -0.16081262961285E+03
 0.49801733993686076E+00   0.25855953556357E-01  -0.14952132748577E+03
 0.49815622561663092E+00   0.27739370271550E-01  -0.13900856635734E+03
 0.49828562437900675E+00   0.29757693381404E-01  -0.12921917802796E+03
 0.49840619671251274E+00   0.31920565086455E-01  -0.12010210929158E+03
 0.49851855529072681E+00   0.34238313639551E-01  -0.11161009281631E+03
 0.49862326860374506E+00   0.36722001698414E-01  -0.10369934781502E+03
 0.49872086428327334E+00   0.39383478017693E-01  -0.96329307431864E+02
 0.49881183215044306E+00   0.42235432700963E-01  -0.89462370128086E+02
 0.49889662701239340E+00   0.45291456246181E-01  -0.83063672659225E+02
 0.49897567123099312E+00   0.48566102631601E-01  -0.77100882502507E+02
 0.49904935708475451E+00   0.52074956703276E-01  -0.71544007824128E+02
 0.49911804894296807E+00   0.55834706139791E-01  -0.66365223276005E+02
 0.49918208526932040E+00   0.59863218284852E-01  -0.61538710084727E+02
 0.49924178047071716E+00   0.64179622153785E-01  -0.57040509045660E+02
 0.49929742660568960E+00   0.68804395935657E-01  -0.52848385165620E+02
 0.49934929496558039E+00   0.73759460328728E-01  -0.48941702811220E+02
 0.49939763754066430E+00   0.79068278063012E-01  -0.45301310319594E+02
 0.49944268838243372E+00   0.84755959979821E-01  -0.41909433116179E+02
 0.49948466487243337E+00   0.90849378054143E-01  -0.38749574463090E+02
 0.49952376890725142E+00   0.97377285761297E-01  -0.35806423033640E+02
 0.49956018800852758E+00   0.10437044620442E+00  -0.33065766576109E+02
 0.49959409636609625E+00   0.11186176843355E+00  -0.30514410995280E+02
 0.49962565582162666E+00   0.11988645240026E+00  -0.28140104245805E+02
 0.49965501679931346E+00   0.12848214300340E+00  -0.25931464499323E+02
 0.49968231918929218E+00   0.13768909369134E+00  -0.23877912119447E+02
 0.49970769318848529E+00   0.14755034009334E+00  -0.21969605056981E+02
 0.49973126010250796E+00   0.15811188415740E+00  -0.20197377363187E+02
 0.49975313311107328E+00   0.16942288927237E+00  -0.18552680612224E+02
 0.49977341799803865E+00   0.18153588684917E+00  -0.17027528124571E+02
 0.49979221384586009E+00   0.19450699482699E+00  -0.15614441989992E+02
 0.49980961369278243E+00   0.20839614855590E+00  -0.14306402998446E+02
 0.49982570514968105E+00   0.22326734448556E+00  -0.13096803696247E+02
 0.49984057097213053E+00   0.23918889705942E+00  -0.11979404886975E+02
 0.49985428958211980E+00   0.25623370917446E+00  -0.10948295985142E+02
 0.49986693553296185E+00   0.27447955651526E+00  -0.99978596975782E+01
 0.49987857991046930E+00   0.29400938600797E+00  -0.91227415445105E+01
 0.49988929066348842E+00   0.31491162856155E+00  -0.83178247317222E+01
 0.49989913285749277E+00   0.33728052616913E+00  -0.75782108407102E+01
 0.49990816884615985E+00   0.36121647332923E+00  -0.68992067124940E+01
 0.49991645835768778E+00   0.38682637261280E+00  -0.62763177640826E+01
 0.49992405849493637E+00   0.41422400404472E+00  -0.57052478023356E+01
 0.49993102365110614E+00   0.44353040778554E+00  -0.51819052031371E+01
 0.49993740534529651E+00   0.47487427938818E+00  -0.47024151270642E+01
 0.49994325198453893E+00   0.50839237666158E+00  -0.42631372736086E+01
 0.49994860856049195E+00   0.54422993689737E+00  -0.38606885572302E+01
 0.49995351629000839E+00   0.58254110290335E+00  -0.34919700117413E+01
 0.49995801221063790E+00   0.62348935593563E+00  -0.31541970905743E+01
 0.49996212874939833E+00   0.66724795322943E+00  -0.28449319845981E+01
 0.49996589330736718E+00   0.71400036739287E+00  -0.25621147600752E+01
 0.49996932796736737E+00   0.76394072444865E+00  -0.23040852572273E+01
 0.49997244957140952E+00   0.81727423678444E+00  -0.20695772195213E+01
 0.49997527063438169E+00   0.87421762670440E+00  -0.18576496112732E+01
 0.49997780170400935E+00   0.93499953566278E+00  -0.16675093004409E+01
 0.49998005535229750E+00   0.99986091361083E+00  -0.14982111979433E+01
 0.49998205050809286E+00   0.10690553822024E+01  -0.13483327889114E+01
 0.49998381426851041E+00   0.11428495648913E+01  -0.12158380641851E+01
 0.49998537926573011E+00   0.12215233762238E+01  -0.10982753310246E+01
 0.49998677822525572E+00   0.13053702618907E+01  -0.99318598749278E+00
 0.49998803931517810E+00   0.13946973803820E+01  -0.89845386366394E+00
 0.49998918423657318E+00   0.14898257163832E+01  -0.81244864586126E+00
 0.49999022860763986E+00   0.15910901154124E+01  -0.73399700006409E+00
 0.49999118337485871E+00   0.16988392286241E+01  -0.66227655263102E+00
 0.49999205633720811E+00   0.18134353562483E+01  -0.59670138395743E+00
 0.49999285339347721E+00   0.19352541778144E+01  -0.53682832672179E+00
 0.49999357943426237E+00   0.20646843571704E+01  -0.48228995755265E+00
 0.49999423892207079E+00   0.22021270103889E+01  -0.43275101892337E+00
 0.49999483623069918E+00   0.23479950249930E+01  -0.38788292473255E+00
 0.49999537580950604E+00   0.25027122195788E+01  -0.34735141970111E+00
 0.49999586222547743E+00   0.26667123339008E+01  -0.31081341879506E+00
 0.49999630012444407E+00   0.28404378408543E+01  -0.27791991979578E+00
 0.49999669414394754E+00   0.30243385735729E+01  -0.24832254789428E+00
 0.49999704880349299E+00   0.32188701630746E+01  -0.22168179874793E+00
 0.49999736839240838E+00   0.34244922845610E+01  -0.19767546153411E+00
 0.49999765687057796E+00   0.36416667135785E+01  -0.17600607482719E+00
 0.49999791779263936E+00   0.38708551967931E+01  -0.15640662005669E+00
 0.49999815426175481E+00   0.41125171460457E+01  -0.13864399355524E+00
 0.49999836891493515E+00   0.43671071685993E+01  -0.12252010852354E+00
 0.49999856393832942E+00   0.46350724509653E+01  -0.10787074620544E+00
 0.49999874110809051E+00   0.49168500183013E+01  -0.94562485928783E-01
 0.49999890185051016E+00   0.52128638959647E+01  -0.82488187811420E-01
 0.49999904731407441E+00   0.55235222042457E+01  -0.71561580087923E-01
 0.49999917844583108E+00   0.58492142214126E+01  -0.61711522577049E-01
 0.49999929606484850E+00   0.61903074538070E+01  -0.52876488724972E-01
 0.49999940092647677E+00   0.65471447546554E+01  -0.44999738488642E-01
 0.49999949377256420E+00   0.69200415353393E+01  -0.38025546255669E-01
 0.49999957536470274E+00   0.73092831139412E+01  -0.31896703625317E-01
 0.49999964649989015E+00   0.77151222458371E+01  -0.26553342791879E-01
 0.49999970801047289E+00   0.81377768798438E+01  -0.21932940953984E-01
 0.49999976075239777E+00   0.85774281809213E+01  -0.17971202661976E-01
 0.49999980558713986E+00   0.90342188566791E+01  -0.14603417343809E-01
 0.49999984336267506E+00   0.95082518200100E+01  -0.11765888555524E-01
 0.49999987489748204E+00   0.99995892142010E+01  -0.93971356098779E-02
 0.49999990096929336E+00   0.10508251820010E+02  -0.74387385666849E-02
 0.49999992230812729E+00   0.11034218856679E+02  -0.58358616244378E-02
 0.49999993959193328E+00   0.11577428180921E+02  -0.45375801900973E-02
 0.49999995344324893E+00   0.12137776879844E+02  -0.34971319931898E-02
 0.49999996442615313E+00   0.12715122245837E+02  -0.26721459344892E-02
 0.49999997304374932E+00   0.13309283113941E+02  -0.20248311474391E-02
 0.49999997973687965E+00   0.13920041535339E+02  -0.15220735274931E-02
 0.49999998488468256E+00   0.14547144754655E+02  -0.11353939189297E-02
 0.49999998880718716E+00   0.15190307453807E+02  -0.84075316651167E-03
 0.49999999176970783E+00   0.15849214221413E+02  -0.61822206350370E-03
 0.49999999398851508E+00   0.16523522204246E+02  -0.45155533421970E-03
 0.49999999563717723E+00   0.17212863895965E+02  -0.32771532830489E-03
 0.49999999685302066E+00   0.17916850018301E+02  -0.23638670553888E-03
 0.49999999774329379E+00   0.18635072450965E+02  -0.16951343212801E-03
 0.49999999839076620E+00   0.19367107168599E+02  -0.12087825794235E-03
 0.49999999885862206E+00   0.20112517146046E+02  -0.85735055861652E-04
 0.49999999919461247E+00   0.20870855196793E+02  -0.60496995054476E-04
 0.49999999943448908E+00   0.21641666713578E+02  -0.42478558519798E-04
 0.49999999960478808E+00   0.22424492284561E+02  -0.29686483554309E-04
 0.49999999969931963E+00   0.23218870163075E+02  -0.22585751915105E-04
 0.50000000000000000E+00   0.24024338573573E+02  -0.30808688933348E-14
 0.50000000000000000E+00   0.24840437840854E+02  -0.61062266354384E-15
 0.50000000000000000E+00   0.25666712333901E+02   0.22204460492503E-15
 0.50000000000000000E+00   0.26502712219579E+02   0.47184478546569E-15
 0.50000000000000000E+00   0.27347995024993E+02   0.52735593669695E-15
 0.50000000000000000E+00   0.28202127010389E+02   0.55511151231258E-15
 0.50000000000000000E+00   0.29064684357170E+02   0.52735593669695E-15
 0.50000000000000000E+00   0.29935254177814E+02   0.52735593669695E-15
 0.50000000000000000E+00   0.30813435356248E+02   0.49960036108132E-15
 0.50000000000000000E+00   0.31698839228624E+02   0.47184478546569E-15
 0.50000000000000000E+00   0.32591090115412E+02   0.47184478546569E-15
 0.50000000000000000E+00   0.33489825716383E+02   0.45796699765788E-15
 0.50000000000000000E+00   0.34394697380382E+02   0.45796699765788E-15
 0.50000000000000000E+00   0.35305370261891E+02   0.43021142204225E-15
 0.50000000000000000E+00   0.36221523376224E+02   0.41633363423443E-15
 0.50000000000000000E+00   0.37142849564891E+02   0.41633363423443E-15
 0.50000000000000000E+00   0.38069055382202E+02   0.40245584642662E-15
 0.50000000000000000E+00   0.38999860913611E+02   0.40245584642662E-15
 0.50000000000000000E+00   0.39934999535663E+02   0.38857805861880E-15
 0.50000000000000000E+00   0.40874217626704E+02   0.37470027081099E-15
