 0.48494904398343266E-01   0.97578195523695E-18  -0.34967606642256E+06
 0.49764149580049905E-01   0.29483069282768E-04  -0.33979958598104E+06
 0.53931793380014026E-01   0.61082173640461E-04  -0.31063884723851E+06
 0.61494821702690015E-01   0.94949178290611E-04  -0.26781539334219E+06
 0.72603845479886409E-01   0.13124684686428E-03  -0.22109063156402E+06
 0.86661462079077878E-01   0.17014962340302E-03  -0.17913450132625E+06
 0.10241018147951499E+00   0.21184447044981E-03  -0.14581139642322E+06
 0.11867044423958228E+00   0.25653176725507E-03  -0.12068609875877E+06
 0.13484295416267958E+00   0.30442627240692E-03  -0.10170698373789E+06
 0.15074560567844023E+00   0.35575815550320E-03  -0.87015489159241E+05
 0.16632803937813265E+00   0.41077410281323E-03  -0.75344853425475E+05
 0.18156219307088889E+00   0.46973850223137E-03  -0.65871651398702E+05
 0.19642425460335169E+00   0.53293471320370E-03  -0.58045867065136E+05
 0.21089334721984157E+00   0.60066642771546E-03  -0.51486640139409E+05
 0.22495151842973596E+00   0.67325912886222E-03  -0.45921880992981E+05
 0.23858373536390801E+00   0.75106165399386E-03  -0.41152016097902E+05
 0.25177784313797075E+00   0.83444786992019E-03  -0.37027328732012E+05
 0.26452448930632266E+00   0.92381846820159E-03  -0.33433297154704E+05
 0.27681701860455510E+00   0.10196028891215E-02  -0.30280820117957E+05
 0.28865134246211732E+00   0.11222613835509E-02  -0.27499529105713E+05
 0.30002578788057505E+00   0.12322872225722E-02  -0.25033106937597E+05
 0.31094093024127484E+00   0.13502090654347E-02  -0.22835943940129E+05
 0.32139941444804954E+00   0.14765934971652E-02  -0.20870706087605E+05
 0.33140576854954951E+00   0.16120477479678E-02  -0.19106537548971E+05
 0.34096621364532731E+00   0.17572226074079E-02  -0.17517712598516E+05
 0.35008847348324879E+00   0.19128155473023E-02  -0.16082611061962E+05
 0.35878158672487381E+00   0.20795740682274E-02  -0.14782930186286E+05
 0.36705572440952383E+00   0.22582992856177E-02  -0.13603071632804E+05
 0.37492201470346576E+00   0.24498497725618E-02  -0.12529659807815E+05
 0.38239237659162878E+00   0.26551456776172E-02  -0.11551159824281E+05
 0.38947936376606362E+00   0.28751731372654E-02  -0.10657571843443E+05
 0.39619601959567302E+00   0.31109890040199E-02  -0.98401845459148E+04
 0.40255574373057035E+00   0.33637259126873E-02  -0.90913747947718E+04
 0.40857217060450296E+00   0.36345977088734E-02  -0.84044436898030E+04
 0.41425905985085443E+00   0.39249052655295E-02  -0.77734815185283E+04
 0.41963019844103477E+00   0.42360427151559E-02  -0.71932558228435E+04
 0.42469931418657686E+00   0.45695041272231E-02  -0.66591180851259E+04
 0.42948000011514120E+00   0.49268906624595E-02  -0.61669255100006E+04
 0.43398564913245607E+00   0.53099182378730E-02  -0.57129751200186E+04
 0.43822939831327906E+00   0.57204257387563E-02  -0.52939479542680E+04
 0.44222408212089670E+00   0.61603838164655E-02  -0.49068616012580E+04
 0.44598219383269938E+00   0.66319043134761E-02  -0.45490296426004E+04
 0.44951585444535425E+00   0.71372503601200E-02  -0.42180268551978E+04
 0.45283678834365670E+00   0.76788471905016E-02  -0.39116592340308E+04
 0.45595630503919415E+00   0.82592937283951E-02  -0.36279380681409E+04
 0.45888528631573583E+00   0.88813749974526E-02  -0.33650574387786E+04
 0.46163417815532320E+00   0.95480754138094E-02  -0.31213746183518E+04
 0.46421298686026208E+00   0.10262593023187E-01  -0.28953929374681E+04
 0.46663127882976824E+00   0.11028354748868E-01  -0.26857467593986E+04
 0.46889818349433887E+00   0.11849032721462E-01  -0.24911882601120E+04
 0.47102239895469089E+00   0.12728561766261E-01  -0.23105757603025E+04
 0.47301219991420879E+00   0.13671158129094E-01  -0.21428633956553E+04
 0.47487544753336486E+00   0.14681339527142E-01  -0.19870919446188E+04
 0.47661960087075028E+00   0.15763946616981E-01  -0.18423806604974E+04
 0.47825172960759488E+00   0.16924165978315E-01  -0.17079199777963E+04
 0.47977852778051727E+00   0.18167554718499E-01  -0.15829649822833E+04
 0.48120632827045706E+00   0.19500066809896E-01  -0.14668295508588E+04
 0.48254111781424308E+00   0.20928081279553E-01  -0.13588810815762E+04
 0.48378855231920070E+00   0.22458432378533E-01  -0.12585357464611E+04
 0.48495397227109049E+00   0.24098441866553E-01  -0.11652542104572E+04
 0.48604241803236414E+00   0.25855953556357E-01  -0.10785377691105E+04
 0.48705864483262873E+00   0.27739370271550E-01  -0.99792486563622E+03
 0.48800713725838180E+00   0.29757693381404E-01  -0.92298795484143E+03
 0.48889212305753538E+00   0.31920565086455E-01  -0.85333068695080E+03
 0.48971758609020921E+00   0.34238313639551E-01  -0.78858538853197E+03
 0.49048727828669408E+00   0.36722001698414E-01  -0.72841082011237E+03
 0.49120473052448937E+00   0.39383478017693E-01  -0.67249019022094E+03
 0.49187326241953200E+00   0.42235432700963E-01  -0.62052940276508E+03
 0.49249599115441478E+00   0.45291456246181E-01  -0.57225550802702E+03
 0.49307583964850266E+00   0.48566102631601E-01  -0.52741531646892E+03
 0.49361554460799750E+00   0.52074956703276E-01  -0.48577411932438E+03
 0.49411766523856382E+00   0.55834706139791E-01  -0.44711444372574E+03
 0.49458459354901718E+00   0.59863218284852E-01  -0.41123476130372E+03
 0.49501856701800168E+00   0.64179622153785E-01  -0.37794808325393E+03
 0.49542168369267781E+00   0.68804395935657E-01  -0.34708043010347E+03
 0.49579591847273596E+00   0.73759460328728E-01  -0.31846926542962E+03
 0.49614313785631220E+00   0.79068278063012E-01  -0.29196209479405E+03
 0.49646510984439468E+00   0.84755959979821E-01  -0.26741547388250E+03
 0.49676350700273031E+00   0.90849378054143E-01  -0.24469456950504E+03
 0.49703990360133399E+00   0.97377285761297E-01  -0.22367319537405E+03
 0.49729577051658203E+00   0.10437044620442E+00  -0.20423403693138E+03
 0.49753247235407771E+00   0.11186176843355E+00  -0.18626872422477E+03
 0.49775126978790707E+00   0.11988645240026E+00  -0.16967752551977E+03
 0.49795332768892664E+00   0.12848214300340E+00  -0.15436861904455E+03
 0.49813972763636266E+00   0.13768909369134E+00  -0.14025704964769E+03
 0.49831148245016504E+00   0.14755034009334E+00  -0.12726354839539E+03
 0.49846955028588202E+00   0.15811188415740E+00  -0.11531339922268E+03
 0.49861484621209973E+00   0.16942288927237E+00  -0.10433550740674E+03
 0.49874824975825138E+00   0.18153588684917E+00  -0.94261781447309E+02
 0.49887060755916507E+00   0.19450699482699E+00  -0.85026891812046E+02
 0.49898273092717099E+00   0.20839614855590E+00  -0.76568417192775E+02
 0.49908538901223881E+00   0.22326734448556E+00  -0.68827326854641E+02
 0.49917929926730503E+00   0.23918889705942E+00  -0.61748668606784E+02
 0.49926511830867926E+00   0.25623370917446E+00  -0.55282229153719E+02
 0.49934343775932899E+00   0.27447955651526E+00  -0.49382821473323E+02
 0.49941479013147572E+00   0.29400938600797E+00  -0.44009819283225E+02
 0.49947966659713888E+00   0.31491162856155E+00  -0.39125800588486E+02
 0.49953853982615132E+00   0.33728052616913E+00  -0.34694814452415E+02
 0.49959187666020582E+00   0.36121647332923E+00  -0.30681416604245E+02
 0.49964012995365781E+00   0.38682637261280E+00  -0.27051274482315E+02
 0.49968371675936418E+00   0.41422400404472E+00  -0.23772799447611E+02
 0.49972300110113133E+00   0.44353040778554E+00  -0.20818433477950E+02
 0.49975829243562531E+00   0.47487427938818E+00  -0.18164756353729E+02
 0.49978985780005675E+00   0.50839237666158E+00  -0.15791565268893E+02
 0.49981793958090814E+00   0.54422993689737E+00  -0.13680533760602E+02
 0.49984277191533338E+00   0.58254110290335E+00  -0.11813975111162E+02
 0.49986459203216038E+00   0.62348935593563E+00  -0.10173987267207E+02
 0.49988364554842868E+00   0.66724795322943E+00  -0.87420526759673E+01
 0.49990018635636646E+00   0.71400036739287E+00  -0.74990449153566E+01
 0.49991447252908788E+00   0.76394072444865E+00  -0.64255345643593E+01
 0.49992675993200680E+00   0.81727423678444E+00  -0.55022674773990E+01
 0.49993729514326446E+00   0.87421762670440E+00  -0.47106950161897E+01
 0.49994630899283643E+00   0.93499953566278E+00  -0.40334578999301E+01
 0.49995401163190500E+00   0.99986091361083E+00  -0.34547552480559E+01
 0.49996058962612361E+00   0.10690553822024E+01  -0.29605617733724E+01
 0.49996620518560109E+00   0.11428495648913E+01  -0.25386846668980E+01
 0.49997099732430350E+00   0.12215233762238E+01  -0.21786757429638E+01
 0.49997508447791988E+00   0.13053702618907E+01  -0.18716342036442E+01
 0.49997856789905465E+00   0.13946973803820E+01  -0.16099511614373E+01
 0.49998153503739950E+00   0.14898257163832E+01  -0.13870554100475E+01
 0.49998406220653047E+00   0.15910901154124E+01  -0.11972128726044E+01
 0.49998621620499495E+00   0.16988392286241E+01  -0.10354046657248E+01
 0.49998805506502814E+00   0.18134353562483E+01  -0.89727073784608E+00
 0.49998962843934902E+00   0.19352541778144E+01  -0.77908072457557E+00
 0.49999097810641369E+00   0.20646843571704E+01  -0.67769592783279E+00
 0.49999213878917004E+00   0.22021270103889E+01  -0.59050776300581E+00
 0.49999313920811639E+00   0.23479950249930E+01  -0.51535861953880E+00
 0.49999400317908771E+00   0.25027122195788E+01  -0.45045937246597E+00
 0.49999475059741522E+00   0.26667123339008E+01  -0.39431543710863E+00
 0.49999539823315692E+00   0.28404378408543E+01  -0.34566702104950E+00
 0.49999596033286886E+00   0.30243385735729E+01  -0.30344391208662E+00
 0.49999644906172808E+00   0.32188701630746E+01  -0.26673226099969E+00
 0.49999687483078387E+00   0.34244922845610E+01  -0.23474999488993E+00
 0.49999724654928795E+00   0.36416667135785E+01  -0.20682785965838E+00
 0.49999757183100657E+00   0.38708551967931E+01  -0.18239392007010E+00
 0.49999785717193979E+00   0.41125171460457E+01  -0.16096020827959E+00
 0.49999810810774398E+00   0.43671071685993E+01  -0.14211089747689E+00
 0.49999832935329858E+00   0.46350724509653E+01  -0.12549181716478E+00
 0.49999852492415969E+00   0.49168500183013E+01  -0.11080132929060E+00
 0.49999869823942261E+00   0.52128638959647E+01  -0.97782601067237E-01
 0.49999885220680224E+00   0.55235222042457E+01  -0.86217213665179E-01
 0.49999898929248443E+00   0.58492142214126E+01  -0.75919914959160E-01
 0.49999911157959398E+00   0.61903074538070E+01  -0.66734227434207E-01
 0.49999922081941517E+00   0.65471447546554E+01  -0.58528600514767E-01
 0.49999931847872137E+00   0.69200415353393E+01  -0.51192855251242E-01
 0.49999940578507274E+00   0.73092831139412E+01  -0.44634781662708E-01
 0.49999948377030390E+00   0.77151222458371E+01  -0.38776872051671E-01
 0.49999955331117235E+00   0.81377768798438E+01  -0.33553267577175E-01
 0.49999961516557589E+00   0.85774281809213E+01  -0.28907037797456E-01
 0.49999967000288437E+00   0.90342188566791E+01  -0.24787902183153E-01
 0.49999971842759300E+00   0.95082518200100E+01  -0.21150453406286E-01
 0.49999976099636534E+00   0.99995892142010E+01  -0.17952877093704E-01
 0.49999979822931911E+00   0.10508251820010E+02  -0.15156104129835E-01
 0.49999983061687969E+00   0.11034218856679E+02  -0.12723295759106E-01
 0.49999985862362151E+00   0.11577428180921E+02  -0.10619555117147E-01
 0.49999988269026385E+00   0.12137776879844E+02  -0.88117772293410E-02
 0.49999990323458027E+00   0.12715122245837E+02  -0.72685807577462E-02
 0.49999992065157983E+00   0.13309283113941E+02  -0.59602943258890E-02
 0.49999993531309223E+00   0.13920041535339E+02  -0.48589877311525E-02
 0.49999994756684191E+00   0.14547144754655E+02  -0.39385414425168E-02
 0.49999995773518557E+00   0.15190307453807E+02  -0.31747414641972E-02
 0.49999996611378678E+00   0.15849214221413E+02  -0.25453788636949E-02
 0.49999997297054616E+00   0.16523522204246E+02  -0.20303301391578E-02
 0.49999997854505818E+00   0.17212863895965E+02  -0.16115980481035E-02
 0.49999998304875476E+00   0.17916850018301E+02  -0.12733007704691E-02
 0.49999998666576961E+00   0.18635072450965E+02  -0.10016069964185E-02
 0.49999998955444502E+00   0.19367107168599E+02  -0.78462279034519E-03
 0.49999999184933114E+00   0.20112517146046E+02  -0.61224134356830E-03
 0.49999999366350528E+00   0.20870855196793E+02  -0.47596881003353E-03
 0.49999999509103832E+00   0.21641666713578E+02  -0.36873899343859E-03
 0.49999999620946717E+00   0.22424492284561E+02  -0.28472768507171E-03
 0.49999999708216175E+00   0.23218870163075E+02  -0.21917481929568E-03
 0.49999999776051562E+00   0.24024338573573E+02  -0.16821994869254E-03
 0.49999999828591657E+00   0.24840437840854E+02  -0.12875420789560E-03
 0.49999999869148037E+00   0.25666712333901E+02  -0.98290088847985E-04
 0.49999999900354763E+00   0.26502712219579E+02  -0.74849007130728E-04
 0.49999999924295585E+00   0.27347995024993E+02  -0.56865744297419E-04
 0.49999999942610635E+00   0.28202127010389E+02  -0.43108312833606E-04
 0.49999999956584829E+00   0.29064684357170E+02  -0.32611533719029E-04
 0.49999999967220465E+00   0.29935254177814E+02  -0.24622515864214E-04
 0.49999999969931963E+00   0.30813435356248E+02  -0.22585751620063E-04
 0.50000000000000000E+00   0.31698839228624E+02   0.28521629502620E-12
 0.50000000000000000E+00   0.32591090115412E+02   0.28110846983509E-12
 0.50000000000000000E+00   0.33489825716383E+02   0.27522428780458E-12
 0.50000000000000000E+00   0.34394697380382E+02   0.26867397195929E-12
 0.50000000000000000E+00   0.35305370261891E+02   0.26201263381154E-12
 0.50000000000000000E+00   0.36221523376224E+02   0.25557334026871E-12
 0.50000000000000000E+00   0.37142849564891E+02   0.24913404672589E-12
 0.50000000000000000E+00   0.38069055382202E+02   0.24336088699783E-12
 0.50000000000000000E+00   0.38999860913611E+02   0.23736568266486E-12
 0.50000000000000000E+00   0.39934999535663E+02   0.23192558984420E-12
 0.50000000000000000E+00   0.40874217626704E+02   0.22648549702353E-12
