 0.23674922739152116E-01   0.97578195523695E-18  -0.75563878304266E+06
 0.24329668137885688E-01   0.29483069282768E-04  -0.73429275441865E+06
 0.26492957458280578E-01   0.61082173640461E-04  -0.67126709987212E+06
 0.30471824864367919E-01   0.94949178290611E-04  -0.57871208765846E+06
 0.36443807304334302E-01   0.13124684686428E-03  -0.47772503600664E+06
 0.44226976810780923E-01   0.17014962340302E-03  -0.38704433587444E+06
 0.53261302868847726E-01   0.21184447044981E-03  -0.31502218488005E+06
 0.62958080866753779E-01   0.25653176725507E-03  -0.26071796875523E+06
 0.72997012644568704E-01   0.30442627240692E-03  -0.21969753057425E+06
 0.83275939073661737E-01   0.35575815550320E-03  -0.18794396562507E+06
 0.93764391631251248E-01   0.41077410281323E-03  -0.16271942322976E+06
 0.10444193755921991E+00   0.46973850223137E-03  -0.14224423307014E+06
 0.11528742213634512E+00   0.53293471320370E-03  -0.12532964336504E+06
 0.12627823604575433E+00   0.60066642771546E-03  -0.11115249860927E+06
 0.13739045504037142E+00   0.67325912886222E-03  -0.99124729669985E+05
 0.14859903533517860E+00   0.75106165399386E-03  -0.88814996909303E+05
 0.15987803093085168E+00   0.83444786992019E-03  -0.79899716685753E+05
 0.17120082859525326E+00   0.92381846820159E-03  -0.72131372748890E+05
 0.18254039606513528E+00   0.10196028891215E-02  -0.65317390623042E+05
 0.19386953859681907E+00   0.11222613835509E-02  -0.59305683334224E+05
 0.20516115870119100E+00   0.12322872225722E-02  -0.53974533494504E+05
 0.21638851379039920E+00   0.13502090654347E-02  -0.49225366273947E+05
 0.22752546653565581E+00   0.14765934971652E-02  -0.44977493415607E+05
 0.23854672298831892E+00   0.16120477479678E-02  -0.41164228394575E+05
 0.24942805393495321E+00   0.17572226074079E-02  -0.37729972788475E+05
 0.26014649552048053E+00   0.19128155473023E-02  -0.34628001905365E+05
 0.27068052585318497E+00   0.20795740682274E-02  -0.31818761393395E+05
 0.28101021506808721E+00   0.22582992856177E-02  -0.29268542342231E+05
 0.29111734713520204E+00   0.24498497725618E-02  -0.26948440240847E+05
 0.30098551252042044E+00   0.26551456776172E-02  -0.24833529262866E+05
 0.31060017160498571E+00   0.28751731372654E-02  -0.22902201625338E+05
 0.31994868951440175E+00   0.31109890040199E-02  -0.21135634735880E+05
 0.32902034367381783E+00   0.33637259126873E-02  -0.19517358164676E+05
 0.33780630597539935E+00   0.36345977088734E-02  -0.18032899257141E+05
 0.34629960190122416E+00   0.39249052655295E-02  -0.16669491187867E+05
 0.35449504928671260E+00   0.42360427151559E-02  -0.15415830959528E+05
 0.36238917963420597E+00   0.45695041272231E-02  -0.14261877627817E+05
 0.36998014499902077E+00   0.49268906624595E-02  -0.13198683135412E+05
 0.37726761348013726E+00   0.53099182378730E-02  -0.12218249742288E+05
 0.38425265626676236E+00   0.57204257387563E-02  -0.11313409274001E+05
 0.39093762903435303E+00   0.61603838164655E-02  -0.10477720366530E+05
 0.39732605026427859E+00   0.66319043134761E-02  -0.97053806335001E+04
 0.40342247879515686E+00   0.71372503601200E-02  -0.89911512692430E+04
 0.40923239261543415E+00   0.76788471905016E-02  -0.83302920662993E+04
 0.41476207058933995E+00   0.82592937283951E-02  -0.77185051965461E+04
 0.42001847848395080E+00   0.88813749974526E-02  -0.71518864022028E+04
 0.42500916034441838E+00   0.95480754138094E-02  -0.66268824824447E+04
 0.42974213595696875E+00   0.10262593023187E-01  -0.61402541554100E+04
 0.43422580485377660E+00   0.11028354748868E-01  -0.56890435332455E+04
 0.43846885705879995E+00   0.11849032721462E-01  -0.52705455765001E+04
 0.44248019055831833E+00   0.12728561766261E-01  -0.48822829988431E+04
 0.44626883531522843E+00   0.13671158129094E-01  -0.45219841774963E+04
 0.44984388354624016E+00   0.14681339527142E-01  -0.41875636913816E+04
 0.45321442596459083E+00   0.15763946616981E-01  -0.38771051591223E+04
 0.45638949378119303E+00   0.16924165978315E-01  -0.35888460830888E+04
 0.45937800647918414E+00   0.18167554718499E-01  -0.33211644234896E+04
 0.46218872574472297E+00   0.19500066809896E-01  -0.30725666286122E+04
 0.46483021642327910E+00   0.20928081279553E-01  -0.28416768374019E+04
 0.46731081585053946E+00   0.22458432378533E-01  -0.26272269600269E+04
 0.46963861308714289E+00   0.24098441866553E-01  -0.24280473552361E+04
 0.47182143899120904E+00   0.25855953556357E-01  -0.22430578976259E+04
 0.47386686623197827E+00   0.27739370271550E-01  -0.20712593969129E+04
 0.47578221537885768E+00   0.29757693381404E-01  -0.19117255810719E+04
 0.47757456038078255E+00   0.31920565086455E-01  -0.17635960772864E+04
 0.47925072637975075E+00   0.34238313639551E-01  -0.16260708377667E+04
 0.48081727643919348E+00   0.36722001698414E-01  -0.14984061518360E+04
 0.48228049009693469E+00   0.39383478017693E-01  -0.13799118855452E+04
 0.48364634178495747E+00   0.42235432700963E-01  -0.12699492119547E+04
 0.48492048789234993E+00   0.45291456246181E-01  -0.11679280797950E+04
 0.48610826774297033E+00   0.48566102631601E-01  -0.10733039801497E+04
 0.48721471872615890E+00   0.52074956703276E-01  -0.98557398221154E+03
 0.48824460183351043E+00   0.55834706139791E-01  -0.90427231863638E+03
 0.48920243187797263E+00   0.59863218284852E-01  -0.82896594313851E+03
 0.49009250640555491E+00   0.64179622153785E-01  -0.75925049064186E+03
 0.49091892813838867E+00   0.68804395935657E-01  -0.69474699699353E+03
 0.49168561733478761E+00   0.73759460328728E-01  -0.63509961190897E+03
 0.49239631267173339E+00   0.79068278063012E-01  -0.57997436892402E+03
 0.49305456228203820E+00   0.84755959979821E-01  -0.52905884882733E+03
 0.49366371040782819E+00   0.90849378054143E-01  -0.48206228829720E+03
 0.49422688896719069E+00   0.97377285761297E-01  -0.43871540396123E+03
 0.49474702457149339E+00   0.10437044620442E+00  -0.39876912140933E+03
 0.49522686575986741E+00   0.11186176843355E+00  -0.36199185179605E+03
 0.49566902069672530E+00   0.11988645240026E+00  -0.32816606924193E+03
 0.49607598191340019E+00   0.12848214300340E+00  -0.29708597024517E+03
 0.49645012029249430E+00   0.13768909369134E+00  -0.26855754582519E+03
 0.49679365725986102E+00   0.14755034009334E+00  -0.24240035128936E+03
 0.49710864491053652E+00   0.15811188415740E+00  -0.21844869688856E+03
 0.49739697658961046E+00   0.16942288927237E+00  -0.19655055569451E+03
 0.49766042672818012E+00   0.18153588684917E+00  -0.17656429582069E+03
 0.49790070142116871E+00   0.19450699482699E+00  -0.15835464857739E+03
 0.49811947812243201E+00   0.20839614855590E+00  -0.14178954504284E+03
 0.49831841903350516E+00   0.22326734448556E+00  -0.12673897374254E+03
 0.49849915244589349E+00   0.23918889705942E+00  -0.11307627691159E+03
 0.49866322703999111E+00   0.25623370917446E+00  -0.10068149417670E+03
 0.49881205603287693E+00   0.27447955651526E+00  -0.89445471537624E+02
 0.49894688066791154E+00   0.29400938600797E+00  -0.79272511292006E+02
 0.49906878675065203E+00   0.31491162856155E+00  -0.70079029863748E+02
 0.49917877844341235E+00   0.33728052616913E+00  -0.61787919221274E+02
 0.49927784648889417E+00   0.36121647332923E+00  -0.54323353741768E+02
 0.49936695276566490E+00   0.38682637261280E+00  -0.47611916237799E+02
 0.49944695367125896E+00   0.41422400404472E+00  -0.41588330670910E+02
 0.49951855671202783E+00   0.44353040778554E+00  -0.36198689916373E+02
 0.49958234735336793E+00   0.47487427938818E+00  -0.31398398479441E+02
 0.49963885194707192E+00   0.50839237666158E+00  -0.27147411076901E+02
 0.49968859434801283E+00   0.54422993689737E+00  -0.23405956707506E+02
 0.49973212602390904E+00   0.58254110290335E+00  -0.20132263114069E+02
 0.49977002838889040E+00   0.62348935593563E+00  -0.17282372573847E+02
 0.49980289556998514E+00   0.66724795322943E+00  -0.14811428988985E+02
 0.49983130878918663E+00   0.71400036739287E+00  -0.12675594646245E+02
 0.49985581269709811E+00   0.76394072444865E+00  -0.10833819973992E+02
 0.49987690076646274E+00   0.81727423678444E+00  -0.92489327888282E+01
 0.49989501204105219E+00   0.87421762670440E+00  -0.78878752328317E+01
 0.49991053621606385E+00   0.93499953566278E+00  -0.67213160293385E+01
 0.49992382062952767E+00   0.99986091361083E+00  -0.57231205216711E+01
 0.49993517404295790E+00   0.10690553822024E+01  -0.48700630792961E+01
 0.49994486717231468E+00   0.11428495648913E+01  -0.41417844791553E+01
 0.49995313350136739E+00   0.12215233762238E+01  -0.35207286704737E+01
 0.49996017282883704E+00   0.13053702618907E+01  -0.29918746473494E+01
 0.49996615693197943E+00   0.13946973803820E+01  -0.25423097424293E+01
 0.49997123525866560E+00   0.14898257163832E+01  -0.21608011212747E+01
 0.49997553911357573E+00   0.15910901154124E+01  -0.18374806573023E+01
 0.49997918399413210E+00   0.16988392286241E+01  -0.15636689787906E+01
 0.49998227056091388E+00   0.18134353562483E+01  -0.13318022167082E+01
 0.49998488501181426E+00   0.19352541778144E+01  -0.11354036303918E+01
 0.49998709955964671E+00   0.20646843571704E+01  -0.96904752759517E+00
 0.49998897350411420E+00   0.22021270103889E+01  -0.82827858841752E+00
 0.49999055515120427E+00   0.23479950249930E+01  -0.70946757348550E+00
 0.49999188454913512E+00   0.25027122195788E+01  -0.60960572774400E+00
 0.49999299659939644E+00   0.26667123339008E+01  -0.52607103375022E+00
 0.49999392364194722E+00   0.28404378408543E+01  -0.45643398345609E+00
 0.49999469655392370E+00   0.30243385735729E+01  -0.39837502255025E+00
 0.49999534415801911E+00   0.32188701630746E+01  -0.34972897332825E+00
 0.49999589181640364E+00   0.34244922845610E+01  -0.30859064012388E+00
 0.49999636039898770E+00   0.36416667135785E+01  -0.27339229779017E+00
 0.49999676617683353E+00   0.38708551967931E+01  -0.24291168873355E+00
 0.49999712144566233E+00   0.41125171460457E+01  -0.21622518057128E+00
 0.49999743542318553E+00   0.43671071685993E+01  -0.19264035735312E+00
 0.49999771508392155E+00   0.46350724509653E+01  -0.17163330844741E+00
 0.49999796579560268E+00   0.49168500183013E+01  -0.15280082222413E+00
 0.49999819175336380E+00   0.52128638959647E+01  -0.13582777036066E+00
 0.49999839626124370E+00   0.55235222042457E+01  -0.12046596181587E+00
 0.49999858191737068E+00   0.58492142214126E+01  -0.10652023194671E+00
 0.49999875074713962E+00   0.61903074538070E+01  -0.93838438349858E-01
 0.49999890431264532E+00   0.65471447546554E+01  -0.82303240488681E-01
 0.49999904381278043E+00   0.69200415353393E+01  -0.71824580524796E-01
 0.49999917017854456E+00   0.73092831139412E+01  -0.62332523992376E-01
 0.49999928416214812E+00   0.77151222458371E+01  -0.53770566616169E-01
 0.49999938641573116E+00   0.81377768798438E+01  -0.46089721181321E-01
 0.49999947755512880E+00   0.85774281809213E+01  -0.39243727787879E-01
 0.49999955820534064E+00   0.90342188566791E+01  -0.33185638298216E-01
 0.49999962902656847E+00   0.95082518200100E+01  -0.27865860509441E-01
 0.49999969072224143E+00   0.99995892142010E+01  -0.23231555323320E-01
 0.49999974403276737E+00   0.10508251820010E+02  -0.19227106105353E-01
 0.49999978972025949E+00   0.11034218856679E+02  -0.15795265915157E-01
 0.49999982854978453E+00   0.11577428180921E+02  -0.12878566054354E-01
 0.49999986127168228E+00   0.12137776879844E+02  -0.10420644137295E-01
 0.49999988860759881E+00   0.12715122245837E+02  -0.83672931729302E-02
 0.49999991124080634E+00   0.13309283113941E+02  -0.66671887139718E-02
 0.49999992980992103E+00   0.13920041535339E+02  -0.52723606888971E-02
 0.49999994490467836E+00   0.14547144754655E+02  -0.41385107750909E-02
 0.49999995706280032E+00   0.15190307453807E+02  -0.32252476887953E-02
 0.49999996676768377E+00   0.15849214221413E+02  -0.24962608036141E-02
 0.49999997444715127E+00   0.16523522204246E+02  -0.19194140175118E-02
 0.49999998047363103E+00   0.17212863895965E+02  -0.14667321882116E-02
 0.49999998516595662E+00   0.17916850018301E+02  -0.11142659754539E-02
 0.49999998879268254E+00   0.18635072450965E+02  -0.84184278944122E-03
 0.49999999157657510E+00   0.19367107168599E+02  -0.63272941574777E-03
 0.49999999369982623E+00   0.20112517146046E+02  -0.47324042971608E-03
 0.49999999530953754E+00   0.20870855196793E+02  -0.35232622678238E-03
 0.49999999652310467E+00   0.21641666713578E+02  -0.26116858256797E-03
 0.49999999743323786E+00   0.22424492284561E+02  -0.19280351127726E-03
 0.49999999811246282E+00   0.23218870163075E+02  -0.14178321982294E-03
 0.49999999861703015E+00   0.24024338573573E+02  -0.10388240695880E-03
 0.49999999899022884E+00   0.24840437840854E+02  -0.75849412429552E-04
 0.49999999926513572E+00   0.25666712333901E+02  -0.55199656020744E-04
 0.49999999946685947E+00   0.26502712219579E+02  -0.40047097273010E-04
 0.49999999961434449E+00   0.27347995024993E+02  -0.28968688452924E-04
 0.49999999969932019E+00   0.28202127010389E+02  -0.22585732669889E-04
 0.50000000000000022E+00   0.29064684357170E+02   0.18673951274195E-10
 0.50000000000000022E+00   0.29935254177814E+02   0.18134826973437E-10
 0.50000000000000022E+00   0.30813435356248E+02   0.17618795311591E-10
 0.50000000000000022E+00   0.31698839228624E+02   0.17127188556287E-10
 0.50000000000000022E+00   0.32591090115412E+02   0.16658230350686E-10
 0.50000000000000022E+00   0.33489825716383E+02   0.16211476605577E-10
 0.50000000000000022E+00   0.34394697380382E+02   0.15784928919516E-10
 0.50000000000000022E+00   0.35305370261891E+02   0.15377699114083E-10
 0.50000000000000022E+00   0.36221523376224E+02   0.14988454921649E-10
 0.50000000000000022E+00   0.37142849564891E+02   0.14617196342215E-10
 0.50000000000000022E+00   0.38069055382202E+02   0.14261480885125E-10
 0.50000000000000022E+00   0.38999860913611E+02   0.13921086505775E-10
 0.50000000000000022E+00   0.39934999535663E+02   0.13595125025745E-10
 0.50000000000000022E+00   0.40874217626704E+02   0.13282264177406E-10
