 0.20728438969668687E-01   0.97578195523695E-18  -0.86838923127530E+06
 0.21305365117209776E-01   0.29483069282768E-04  -0.84385717015758E+06
 0.23212963865994925E-01   0.61082173640461E-04  -0.77142410835486E+06
 0.26727225712275690E-01   0.94949178290611E-04  -0.66505414068198E+06
 0.32015730097559425E-01   0.13124684686428E-03  -0.54899350153965E+06
 0.38933228206178880E-01   0.17014962340302E-03  -0.44477745403055E+06
 0.46998556179315629E-01   0.21184447044981E-03  -0.36200487823776E+06
 0.55698430109005728E-01   0.25653176725507E-03  -0.29959478176215E+06
 0.64752716668591809E-01   0.30442627240692E-03  -0.25245119191440E+06
 0.74073868870471432E-01   0.35575815550320E-03  -0.21595765660421E+06
 0.83638040186626086E-01   0.41077410281323E-03  -0.18696768239065E+06
 0.93430119861676944E-01   0.46973850223137E-03  -0.16343596945105E+06
 0.10343401243374400E+00   0.53293471320370E-03  -0.14399633486364E+06
 0.11363191163497412E+00   0.60066642771546E-03  -0.12770275983251E+06
 0.12400436598873042E+00   0.67325912886222E-03  -0.11387940050217E+06
 0.13453040070917374E+00   0.75106165399386E-03  -0.10203053581921E+06
 0.14518766699896957E+00   0.83444786992019E-03  -0.91784284406513E+05
 0.15595261655290529E+00   0.92381846820159E-03  -0.82856186193594E+05
 0.16680069867492470E+00   0.10196028891215E-02  -0.75024923629916E+05
 0.17770657671869583E+00   0.11222613835509E-02  -0.68115709983530E+05
 0.18864435992033579E+00   0.12322872225722E-02  -0.61988661229508E+05
 0.19958784617963304E+00   0.13502090654347E-02  -0.56530490312044E+05
 0.21051077097289489E+00   0.14765934971652E-02  -0.51648466642284E+05
 0.22138705737239359E+00   0.16120477479678E-02  -0.47265951393092E+05
 0.23219106211262092E+00   0.17572226074079E-02  -0.43319048964636E+05
 0.24289781278513850E+00   0.19128155473023E-02  -0.39754062074883E+05
 0.25348323155393748E+00   0.20795740682274E-02  -0.36525534097105E+05
 0.26392434124592312E+00   0.22582992856177E-02  -0.33594726378572E+05
 0.27419945026262244E+00   0.24498497725618E-02  -0.30928421779351E+05
 0.28428831344996003E+00   0.26551456776172E-02  -0.28497975673432E+05
 0.29417226681945607E+00   0.28751731372654E-02  -0.26278556656794E+05
 0.30383433480146377E+00   0.31109890040199E-02  -0.24248534112029E+05
 0.31325930949453235E+00   0.33637259126873E-02  -0.22388980492223E+05
 0.32243380212272710E+00   0.36345977088734E-02  -0.20683263978258E+05
 0.33134626759693186E+00   0.39249052655295E-02  -0.19116712892888E+05
 0.33998700367443357E+00   0.42360427151559E-02  -0.17676337511203E+05
 0.34834812670707371E+00   0.45695041272231E-02  -0.16350598099531E+05
 0.35642352635200736E+00   0.49268906624595E-02  -0.15129210431168E+05
 0.36420880188671600E+00   0.53099182378730E-02  -0.14002981871807E+05
 0.37170118292316739E+00   0.57204257387563E-02  -0.12963672546898E+05
 0.37889943736139164E+00   0.61603838164655E-02  -0.12003877203822E+05
 0.38580376937071703E+00   0.66319043134761E-02  -0.11116924241412E+05
 0.39241571005082876E+00   0.71372503601200E-02  -0.10296789055507E+05
 0.39873800322012715E+00   0.76788471905016E-02  -0.95380193844461E+04
 0.40477448852234410E+00   0.82592937283951E-02  -0.88356707647166E+04
 0.41052998375166327E+00   0.88813749974526E-02  -0.81852505482388E+04
 0.41601016799000101E+00   0.95480754138094E-02  -0.75826692071769E+04
 0.42122146684679418E+00   0.10262593023187E-01  -0.70241978732262E+04
 0.42617094081234519E+00   0.11028354748868E-01  -0.65064312361743E+04
 0.43086617750384038E+00   0.11849032721462E-01  -0.60262550684592E+04
 0.43531518842613870E+00   0.12728561766261E-01  -0.55808177534486E+04
 0.43952631081997007E+00   0.13671158129094E-01  -0.51675052783123E+04
 0.44350811526441919E+00   0.14681339527142E-01  -0.47839192093622E+04
 0.44726931996818453E+00   0.15763946616981E-01  -0.44278572000545E+04
 0.45081871312093369E+00   0.16924165978315E-01  -0.40972955932973E+04
 0.45416508518682353E+00   0.18167554718499E-01  -0.37903736812172E+04
 0.45731717333521654E+00   0.19500066809896E-01  -0.35053792018329E+04
 0.46028361981149957E+00   0.20928081279553E-01  -0.32407347253038E+04
 0.46307294433501300E+00   0.22458432378533E-01  -0.29949847598420E+04
 0.46569352735577491E+00   0.24098441866553E-01  -0.27667836978130E+04
 0.46815359721511285E+00   0.25855953556357E-01  -0.25548850325138E+04
 0.47046121244025479E+00   0.27739370271550E-01  -0.23581323985457E+04
 0.47262423306683021E+00   0.29757693381404E-01  -0.21754527365369E+04
 0.47465028176079072E+00   0.31920565086455E-01  -0.20058513111347E+04
 0.47654670264686166E+00   0.34238313639551E-01  -0.18484077640816E+04
 0.47832052855124446E+00   0.36722001698414E-01  -0.17022722232129E+04
 0.47997846461603616E+00   0.39383478017693E-01  -0.15666607749933E+04
 0.48152689050861291E+00   0.42235432700963E-01  -0.14408501049413E+04
 0.48297187813537623E+00   0.45291456246181E-01  -0.13241715378685E+04
 0.48431921864668936E+00   0.48566102631601E-01  -0.12160049403458E+04
 0.48557445158258666E+00   0.52074956703276E-01  -0.11157729989413E+04
 0.48674288954961248E+00   0.55834706139791E-01  -0.10229363269193E+04
 0.48782963328248630E+00   0.59863218284852E-01  -0.93698972753475E+03
 0.48883957417847929E+00   0.64179622153785E-01  -0.85745976626903E+03
 0.48977738453919478E+00   0.68804395935657E-01  -0.78390356557978E+03
 0.49064749995644563E+00   0.73759460328728E-01  -0.71590842229604E+03
 0.49145410308496301E+00   0.79068278063012E-01  -0.65309149426877E+03
 0.49220112130972332E+00   0.84755959979821E-01  -0.59509857370277E+03
 0.49289224786026054E+00   0.90849378054143E-01  -0.54160121525579E+03
 0.49353098233772796E+00   0.97377285761297E-01  -0.49229254425852E+03
 0.49412066768035823E+00   0.10437044620442E+00  -0.44688351274896E+03
 0.49466449639920440E+00   0.11186176843355E+00  -0.40510165699737E+03
 0.49516548327236332E+00   0.11988645240026E+00  -0.36669251641777E+03
 0.49562643357208136E+00   0.12848214300340E+00  -0.33142144723301E+03
 0.49604994048052853E+00   0.13768909369134E+00  -0.29907325734014E+03
 0.49643842115120068E+00   0.14755034009334E+00  -0.26944896569217E+03
 0.49679417489233163E+00   0.15811188415740E+00  -0.24236096557816E+03
 0.49711943685147664E+00   0.16942288927237E+00  -0.21762861567535E+03
 0.49741640488000072E+00   0.18153588684917E+00  -0.19507593374014E+03
 0.49768722862876313E+00   0.19450699482699E+00  -0.17453219458468E+03
 0.49793396413048341E+00   0.20839614855590E+00  -0.15583515948495E+03
 0.49815851311189230E+00   0.22326734448556E+00  -0.13883546447694E+03
 0.49836258178867832E+00   0.23918889705942E+00  -0.12339953760726E+03
 0.49854769626193463E+00   0.25623370917446E+00  -0.10940825328410E+03
 0.49871527496541795E+00   0.27447955651526E+00  -0.96751311299500E+02
 0.49886669000769968E+00   0.29400938600797E+00  -0.85322496561265E+02
 0.49900324453312128E+00   0.31491162856155E+00  -0.75021302500391E+02
 0.49912609752685605E+00   0.33728052616913E+00  -0.65758520482142E+02
 0.49923623110439558E+00   0.36121647332923E+00  -0.57458623149368E+02
 0.49933449376398759E+00   0.38682637261280E+00  -0.50056433662839E+02
 0.49942168073638316E+00   0.41422400404472E+00  -0.43491021664073E+02
 0.49949860318203665E+00   0.44353040778554E+00  -0.37700459062134E+02
 0.49956612164858366E+00   0.47487427938818E+00  -0.32619278116484E+02
 0.49962514171660966E+00   0.50839237666158E+00  -0.28178778979421E+02
 0.49967658267116666E+00   0.54422993689737E+00  -0.24309365989633E+02
 0.49972133511862143E+00   0.58254110290335E+00  -0.20943713667894E+02
 0.49976022320071617E+00   0.62348935593563E+00  -0.18019586243543E+02
 0.49979398285948728E+00   0.66724795322943E+00  -0.15481451431988E+02
 0.49982326001501709E+00   0.71400036739287E+00  -0.13280599925499E+02
 0.49984862280639464E+00   0.76394072444865E+00  -0.11374211317157E+02
 0.49987057529010154E+00   0.81727423678444E+00  -0.97243139171372E+01
 0.49988956318372058E+00   0.87421762670440E+00  -0.82973450603526E+01
 0.49990597339656673E+00   0.93499953566278E+00  -0.70641801293144E+01
 0.49992013547501468E+00   0.99986091361083E+00  -0.60000190094280E+01
 0.49993232901422474E+00   0.10690553822024E+01  -0.50838253645859E+01
 0.49994279455008983E+00   0.11428495648913E+01  -0.42975054370902E+01
 0.49995174361754735E+00   0.12215233762238E+01  -0.36251502988671E+01
 0.49995936562703713E+00   0.13053702618907E+01  -0.30525177412277E+01
 0.49996583155398555E+00   0.13946973803820E+01  -0.25667539856271E+01
 0.49997129559695402E+00   0.14898257163832E+01  -0.21562682624240E+01
 0.49997589603323545E+00   0.15910901154124E+01  -0.18106678688554E+01
 0.49997975604345773E+00   0.16988392286241E+01  -0.15206957017297E+01
 0.49998298474754554E+00   0.18134353562483E+01  -0.12781520312439E+01
 0.49998567835026314E+00   0.19352541778144E+01  -0.10758081392030E+01
 0.49998792121077040E+00   0.20646843571704E+01  -0.90732574176954E+00
 0.49998978675448691E+00   0.22021270103889E+01  -0.76718831719842E+00
 0.49999133828583114E+00   0.23479950249930E+01  -0.65063992500313E+00
 0.49999262981594078E+00   0.25027122195788E+01  -0.55362293441583E+00
 0.49999370697373180E+00   0.26667123339008E+01  -0.47270951907454E+00
 0.49999460798653550E+00   0.28404378408543E+01  -0.40502794505200E+00
 0.49999536466454847E+00   0.30243385735729E+01  -0.34818858722921E+00
 0.49999600332072408E+00   0.32188701630746E+01  -0.30021480582978E+00
 0.49999654558566425E+00   0.34244922845610E+01  -0.25948171773857E+00
 0.49999700910931777E+00   0.36416667135785E+01  -0.22466347589668E+00
 0.49999740816269966E+00   0.38708551967931E+01  -0.19468806237185E+00
 0.49999775416073799E+00   0.41125171460457E+01  -0.16869800867374E+00
 0.49999805612563530E+00   0.43671071685993E+01  -0.14601558605999E+00
 0.49999832110403791E+00   0.46350724509653E+01  -0.12611146691846E+00
 0.49999855454473585E+00   0.49168500183013E+01  -0.10857635165746E+00
 0.49999876063862780E+00   0.52128638959647E+01  -0.93095430789051E-01
 0.49999894261978806E+00   0.55235222042457E+01  -0.79425769238178E-01
 0.49999910302534806E+00   0.58492142214126E+01  -0.67376784549307E-01
 0.49999924391195383E+00   0.61903074538070E+01  -0.56793987235343E-01
 0.49999936702733949E+00   0.65471447546554E+01  -0.47546092617532E-01
 0.49999947393695887E+00   0.69200415353393E+01  -0.39515508694761E-01
 0.49999956610767360E+00   0.73092831139412E+01  -0.32592049722313E-01
 0.49999964495318627E+00   0.77151222458371E+01  -0.26669523399432E-01
 0.49999971184882852E+00   0.81377768798438E+01  -0.21644619996870E-01
 0.49999976812567637E+00   0.85774281809213E+01  -0.17417354288732E-01
 0.49999981505477209E+00   0.90342188566791E+01  -0.13892250745130E-01
 0.49999985383076173E+00   0.95082518200100E+01  -0.10979572545558E-01
 0.49999988556069419E+00   0.99995892142010E+01  -0.85961628512674E-02
 0.49999991125936022E+00   0.10508251820010E+02  -0.66657949745270E-02
 0.49999993184922720E+00   0.11034218856679E+02  -0.51191771826291E-02
 0.49999994816199500E+00   0.11577428180921E+02  -0.38938358580101E-02
 0.49999996093981075E+00   0.12137776879844E+02  -0.29340242015117E-02
 0.49999997083594222E+00   0.12715122245837E+02  -0.21906716509887E-02
 0.49999997841590604E+00   0.13309283113941E+02  -0.16212991372981E-02
 0.49999998416021413E+00   0.13920041535339E+02  -0.11898127847259E-02
 0.49999998846934157E+00   0.14547144754655E+02  -0.86613068618746E-03
 0.49999999167079656E+00   0.15190307453807E+02  -0.62565192185282E-03
 0.49999999402765993E+00   0.15849214221413E+02  -0.44861505082228E-03
 0.49999999574778697E+00   0.16523522204246E+02  -0.31940691649179E-03
 0.49999999699293085E+00   0.17212863895965E+02  -0.22587737267266E-03
 0.49999999788724031E+00   0.17916850018301E+02  -0.15870090835168E-03
 0.49999999852480792E+00   0.18635072450965E+02  -0.11080972445754E-03
 0.49999999897612524E+00   0.19367107168599E+02  -0.76908815167087E-04
 0.49999999929344086E+00   0.20112517146046E+02  -0.53073510974500E-04
 0.49999999951509821E+00   0.20870855196793E+02  -0.36423620082271E-04
 0.49999999966897557E+00   0.21641666713578E+02  -0.24865038929178E-04
 0.50000000000000089E+00   0.22424492284561E+02   0.71442851634629E-10
 0.50000000000000067E+00   0.23218870163075E+02   0.69002581426503E-10
 0.50000000000000067E+00   0.24024338573573E+02   0.66690208910813E-10
 0.50000000000000067E+00   0.24840437840854E+02   0.64499516838623E-10
 0.50000000000000067E+00   0.25666712333901E+02   0.62423399782574E-10
 0.50000000000000067E+00   0.26502712219579E+02   0.60454308226099E-10
 0.50000000000000067E+00   0.27347995024993E+02   0.58586024920260E-10
 0.50000000000000067E+00   0.28202127010389E+02   0.56811000348489E-10
 0.50000000000000067E+00   0.29064684357170E+02   0.55125237707898E-10
 0.50000000000000044E+00   0.29935254177814E+02   0.53522519749549E-10
 0.50000000000000044E+00   0.30813435356248E+02   0.51996629224504E-10
 0.50000000000000044E+00   0.31698839228624E+02   0.50544457508295E-10
 0.50000000000000044E+00   0.32591090115412E+02   0.49160675530402E-10
 0.50000000000000044E+00   0.33489825716383E+02   0.47841286487937E-10
 0.50000000000000044E+00   0.34394697380382E+02   0.46583181756432E-10
 0.50000000000000044E+00   0.35305370261891E+02   0.45381032265368E-10
 0.50000000000000044E+00   0.36221523376224E+02   0.44233505747115E-10
 0.50000000000000044E+00   0.37142849564891E+02   0.43136161309576E-10
 0.50000000000000044E+00   0.38069055382202E+02   0.42086778506700E-10
 0.50000000000000044E+00   0.38999860913611E+02   0.41082248714019E-10
 0.50000000000000044E+00   0.39934999535663E+02   0.40120573530089E-10
 0.50000000000000022E+00   0.40874217626704E+02   0.39198422285835E-10
