 0.42330709376223852E-01   0.97578195523695E-18  -0.40606502817503E+06
 0.43454177730828124E-01   0.29483069282768E-04  -0.39459556358324E+06
 0.47148822931465148E-01   0.61082173640461E-04  -0.36073144864072E+06
 0.53875766774312564E-01   0.94949178290611E-04  -0.31100094460125E+06
 0.63809099946286890E-01   0.13124684686428E-03  -0.25673988218924E+06
 0.76469177132528279E-01   0.17014962340302E-03  -0.20801658312153E+06
 0.90773329687069970E-01   0.21184447044981E-03  -0.16931873505218E+06
 0.10567815266487279E+00   0.25653176725507E-03  -0.14014092415323E+06
 0.12064155641074752E+00   0.30442627240692E-03  -0.11810061866157E+06
 0.13549236918831217E+00   0.35575815550320E-03  -0.10103948784977E+06
 0.15017784013653052E+00   0.41077410281323E-03  -0.87486453333818E+05
 0.16466476542640546E+00   0.46973850223137E-03  -0.76485279118688E+05
 0.17892307452195738E+00   0.53293471320370E-03  -0.67397236649017E+05
 0.19292476089348617E+00   0.60066642771546E-03  -0.59780036336125E+05
 0.20664402540834234E+00   0.67325912886222E-03  -0.53317702951354E+05
 0.22005742551866950E+00   0.75106165399386E-03  -0.47778473552200E+05
 0.23314398572497211E+00   0.83444786992019E-03  -0.42988483456503E+05
 0.24588526889788193E+00   0.92381846820159E-03  -0.38814739603117E+05
 0.25826540962586664E+00   0.10196028891215E-02  -0.35153769529155E+05
 0.27027111161040945E+00   0.11222613835509E-02  -0.31923854936002E+05
 0.28189161183747835E+00   0.12322872225722E-02  -0.29059595227682E+05
 0.29311861481250101E+00   0.13502090654347E-02  -0.26508024354099E+05
 0.30394620054757793E+00   0.14765934971652E-02  -0.24225786716351E+05
 0.31437071023828106E+00   0.16120477479678E-02  -0.22177049802057E+05
 0.32439061367200173E+00   0.17572226074079E-02  -0.20331938662900E+05
 0.33400636238502290E+00   0.19128155473023E-02  -0.18665346111012E+05
 0.34322023244931982E+00   0.20795740682274E-02  -0.17156017472203E+05
 0.35203616054268017E+00   0.22582992856177E-02  -0.15785838708353E+05
 0.36045957665798345E+00   0.24498497725618E-02  -0.14539277060990E+05
 0.36849723645989313E+00   0.26551456776172E-02  -0.13402937395549E+05
 0.37615705591890908E+00   0.28751731372654E-02  -0.12365207244946E+05
 0.38344795046089142E+00   0.31109890040199E-02  -0.11415970519645E+05
 0.39037968047945326E+00   0.33637259126873E-02  -0.10546374859929E+05
 0.39696270468114203E+00   0.36345977088734E-02  -0.97486412487119E+04
 0.40320804237840541E+00   0.39249052655295E-02  -0.90159071815959E+04
 0.40912714551985374E+00   0.42360427151559E-02  -0.83420966804639E+04
 0.41473178095569707E+00   0.45695041272231E-02  -0.77218119291247E+04
 0.42003392318094912E+00   0.49268906624595E-02  -0.71502424386850E+04
 0.42504565758070401E+00   0.53099182378730E-02  -0.66230885120463E+04
 0.42977909401986036E+00   0.57204257387563E-02  -0.61364964397378E+04
 0.43424629047230390E+00   0.61603838164655E-02  -0.56870033729350E+04
 0.43845918626924696E+00   0.66319043134761E-02  -0.52714902203673E+04
 0.44242954446009897E+00   0.71372503601200E-02  -0.48871412307314E+04
 0.44616890271855153E+00   0.76788471905016E-02  -0.45314091712016E+04
 0.44968853218801969E+00   0.82592937283951E-02  -0.42019852106518E+04
 0.45299940364073454E+00   0.88813749974526E-02  -0.38967727746121E+04
 0.45611216032026225E+00   0.95480754138094E-02  -0.36138647664098E+04
 0.45903709684489019E+00   0.10262593023187E-01  -0.33515236519967E+04
 0.46178414356623076E+00   0.11028354748868E-01  -0.31081639897505E+04
 0.46436285580090164E+00   0.11849032721462E-01  -0.28823370550309E+04
 0.46678240738086590E+00   0.12728561766261E-01  -0.26727172655487E+04
 0.46905158799787272E+00   0.13671158129094E-01  -0.24780901601332E+04
 0.47117880384765110E+00   0.14681339527142E-01  -0.22973417221494E+04
 0.47317208110861075E+00   0.15763946616981E-01  -0.21294488711801E+04
 0.47503907181666005E+00   0.16924165978315E-01  -0.19734709738283E+04
 0.47678706172161961E+00   0.18167554718499E-01  -0.18285422475906E+04
 0.47842297973126413E+00   0.19500066809896E-01  -0.16938649514431E+04
 0.47995340856644814E+00   0.20928081279553E-01  -0.15687032736428E+04
 0.48138459626588276E+00   0.22458432378533E-01  -0.14523778417035E+04
 0.48272246819351883E+00   0.24098441866553E-01  -0.13442607918276E+04
 0.48397263921774253E+00   0.25855953556357E-01  -0.12437713454016E+04
 0.48514042575364980E+00   0.27739370271550E-01  -0.11503718484641E+04
 0.48623085739320243E+00   0.29757693381404E-01  -0.10635642361384E+04
 0.48724868790111364E+00   0.31920565086455E-01  -0.98288688747281E+03
 0.48819840543765342E+00   0.34238313639551E-01  -0.90791183630456E+03
 0.48908424199661138E+00   0.36722001698414E-01  -0.83824229979240E+03
 0.48991018223089544E+00   0.39383478017693E-01  -0.77351047727645E+03
 0.49067997208521391E+00   0.42235432700963E-01  -0.71337555784301E+03
 0.49139712794379559E+00   0.45291456246181E-01  -0.65752185717762E+03
 0.49206494725024230E+00   0.48566102631601E-01  -0.60565698929059E+03
 0.49268652158884241E+00   0.52074956703276E-01  -0.55750998010168E+03
 0.49326475276461212E+00   0.55834706139791E-01  -0.51282926791158E+03
 0.49380237126932947E+00   0.59863218284852E-01  -0.47138062624554E+03
 0.49430195484639972E+00   0.64179622153785E-01  -0.43294517338471E+03
 0.49476594353875342E+00   0.68804395935657E-01  -0.39731773325002E+03
 0.49519664790881557E+00   0.73759460328728E-01  -0.36430578676789E+03
 0.49559624961805365E+00   0.79068278063012E-01  -0.33372906101325E+03
 0.49596679705617253E+00   0.84755959979821E-01  -0.30541953820834E+03
 0.49631020093670464E+00   0.90849378054143E-01  -0.27922150176617E+03
 0.49662823437837245E+00   0.97377285761297E-01  -0.25499127217618E+03
 0.49692253961671823E+00   0.10437044620442E+00  -0.23259646961967E+03
 0.49719464081697579E+00   0.11186176843355E+00  -0.21191484406683E+03
 0.49744596069150493E+00   0.11988645240026E+00  -0.19283284655202E+03
 0.49767783799035281E+00   0.12848214300340E+00  -0.17524416157793E+03
 0.49789154309256262E+00   0.13768909369134E+00  -0.15904840696716E+03
 0.49808828948892403E+00   0.14755034009334E+00  -0.14415016395895E+03
 0.49826923969618803E+00   0.15811188415740E+00  -0.13045844346466E+03
 0.49843550503025608E+00   0.16942288927237E+00  -0.11788662765504E+03
 0.49858813974977567E+00   0.18153588684917E+00  -0.10635284490209E+03
 0.49872813147101958E+00   0.19450699482699E+00  -0.95780632197294E+02
 0.49885639150318783E+00   0.20839614855590E+00  -0.86099608439843E+02
 0.49897375051172826E+00   0.22326734448556E+00  -0.77245750695093E+02
 0.49908096521132650E+00   0.23918889705942E+00  -0.69160844681257E+02
 0.49917873775032301E+00   0.25623370917446E+00  -0.61790986061667E+02
 0.49926773982166961E+00   0.27447955651526E+00  -0.55084733908487E+02
 0.49934862525847556E+00   0.29400938600797E+00  -0.48992138767735E+02
 0.49942202075592979E+00   0.31491162856155E+00  -0.43465421848071E+02
 0.49948850319000448E+00   0.33728052616913E+00  -0.38460663924698E+02
 0.49954858300575777E+00   0.36121647332923E+00  -0.33939037142942E+02
 0.49960270538230106E+00   0.38682637261280E+00  -0.29866700296341E+02
 0.49965126683381023E+00   0.41422400404472E+00  -0.26213535757617E+02
 0.49969463797963387E+00   0.44353040778554E+00  -0.22951426054517E+02
 0.49973318401550643E+00   0.47487427938818E+00  -0.20052706560585E+02
 0.49976727803991716E+00   0.50839237666158E+00  -0.17489157641211E+02
 0.49979730570832953E+00   0.54422993689737E+00  -0.15231649987180E+02
 0.49982366192814986E+00   0.58254110290335E+00  -0.13250388732387E+02
 0.49984674160524328E+00   0.62348935593563E+00  -0.11515604767665E+02
 0.49986692706333902E+00   0.66724795322943E+00  -0.99984961005472E+01
 0.49988457489325061E+00   0.71400036739287E+00  -0.86722121367289E+01
 0.49990000484756575E+00   0.76394072444865E+00  -0.75126844802680E+01
 0.49991349315440681E+00   0.81727423678444E+00  -0.64991260615060E+01
 0.49992527226995881E+00   0.87421762670440E+00  -0.56140469736152E+01
 0.49993553806432167E+00   0.93499953566278E+00  -0.48427123842474E+01
 0.49994446263344183E+00   0.99986091361083E+00  -0.41721783390085E+01
 0.49995220661663015E+00   0.10690553822024E+01  -0.35903652362486E+01
 0.49995892354772525E+00   0.11428495648913E+01  -0.30857301678557E+01
 0.49996475487703257E+00   0.12215233762238E+01  -0.26476403072443E+01
 0.49996982242257398E+00   0.13053702618907E+01  -0.22669394742083E+01
 0.49997422538352765E+00   0.13946973803820E+01  -0.19361720171998E+01
 0.49997804311970501E+00   0.14898257163832E+01  -0.16493736246554E+01
 0.49998134074721962E+00   0.15910901154124E+01  -0.14016506896227E+01
 0.49998417454941213E+00   0.16988392286241E+01  -0.11887736486364E+01
 0.49998659578117111E+00   0.18134353562483E+01  -0.10068910753231E+01
 0.49998865270412207E+00   0.19352541778144E+01  -0.85237670996297E+00
 0.49999039125997824E+00   0.20646843571704E+01  -0.72177881108606E+00
 0.49999185491206605E+00   0.22021270103889E+01  -0.61183200528085E+00
 0.49999308411013871E+00   0.23479950249930E+01  -0.51949744362272E+00
 0.49999411570001839E+00   0.25027122195788E+01  -0.44200711007441E+00
 0.49999498246907070E+00   0.26667123339008E+01  -0.37689793317536E+00
 0.49999571291405154E+00   0.28404378408543E+01  -0.32202920035614E+00
 0.49999633124472509E+00   0.30243385735729E+01  -0.27558226746338E+00
 0.49999685759223855E+00   0.32188701630746E+01  -0.23604489254317E+00
 0.49999730836969020E+00   0.34244922845610E+01  -0.20218414117987E+00
 0.49999769672710381E+00   0.36416667135785E+01  -0.17301220343580E+00
 0.49999803304811896E+00   0.38708551967931E+01  -0.14774907944164E+00
 0.49999832544625550E+00   0.41125171460457E+01  -0.12578529853734E+00
 0.49999858023091143E+00   0.43671071685993E+01  -0.10664691309797E+00
 0.49999880232469190E+00   0.46350724509653E+01  -0.89964148966282E-01
 0.49999899562264161E+00   0.49168500183013E+01  -0.75444420334293E-01
 0.49999916328987593E+00   0.52128638959647E+01  -0.62849972285354E-01
 0.49999930799737813E+00   0.55235222042457E+01  -0.51980168244010E-01
 0.49999943209754150E+00   0.58492142214126E+01  -0.42658303711429E-01
 0.49999953774279571E+00   0.61903074538070E+01  -0.34722695347134E-01
 0.49999962695334932E+00   0.65471447546554E+01  -0.28021592247365E-01
 0.49999970164372087E+00   0.69200415353393E+01  -0.22411182980828E-01
 0.49999976362125020E+00   0.73092831139412E+01  -0.17755707285366E-01
 0.49999981457144238E+00   0.77151222458371E+01  -0.13928556860336E-01
 0.49999985604325087E+00   0.81377768798438E+01  -0.10813380776186E-01
 0.49999988944215701E+00   0.85774281809213E+01  -0.83046052481395E-02
 0.49999991603218691E+00   0.90342188566791E+01  -0.63072821018313E-02
 0.49999993694306588E+00   0.95082518200100E+01  -0.47365513168516E-02
 0.49999995317767570E+00   0.99995892142010E+01  -0.35170808383125E-02
 0.49999996561723664E+00   0.10508251820010E+02  -0.25826773267617E-02
 0.49999997502466342E+00   0.11034218856679E+02  -0.18760340372577E-02
 0.49999998204819129E+00   0.11577428180921E+02  -0.13484584568277E-02
 0.49999998722717992E+00   0.12137776879844E+02  -0.95943630681727E-03
 0.49999999100082670E+00   0.12715122245837E+02  -0.67597707009170E-03
 0.49999999371935233E+00   0.13309283113941E+02  -0.47177376935759E-03
 0.49999999565658360E+00   0.13920041535339E+02  -0.32625773423334E-03
 0.49999999702276499E+00   0.14547144754655E+02  -0.22363639485157E-03
 0.49999999797665268E+00   0.15190307453807E+02  -0.15198467704236E-03
 0.49999999863630307E+00   0.15849214221413E+02  -0.10243474602589E-03
 0.49999999908827159E+00   0.16523522204246E+02  -0.68484917430833E-04
 0.49999999939518791E+00   0.17212863895965E+02  -0.45430751505648E-04
 0.49999999960181180E+00   0.17916850018301E+02  -0.29910105197040E-04
 0.49999999969931963E+00   0.18635072450965E+02  -0.22585750981019E-04
 0.50000000000000000E+00   0.19367107168599E+02   0.89239726719370E-12
 0.50000000000000000E+00   0.20112517146046E+02   0.86086693329435E-12
 0.50000000000000000E+00   0.20870855196793E+02   0.82933659939499E-12
 0.50000000000000000E+00   0.21641666713578E+02   0.80024875614981E-12
 0.50000000000000000E+00   0.22424492284561E+02   0.77182704671941E-12
 0.50000000000000000E+00   0.23218870163075E+02   0.74584782794318E-12
 0.50000000000000000E+00   0.24024338573573E+02   0.72075678758665E-12
 0.50000000000000000E+00   0.24840437840854E+02   0.69699801485967E-12
 0.50000000000000000E+00   0.25666712333901E+02   0.67457150976225E-12
 0.50000000000000000E+00   0.26502712219579E+02   0.65325522768944E-12
 0.50000000000000000E+00   0.27347995024993E+02   0.63327121324619E-12
 0.50000000000000000E+00   0.28202127010389E+02   0.61395333261771E-12
 0.50000000000000000E+00   0.29064684357170E+02   0.59574567501386E-12
 0.50000000000000000E+00   0.29935254177814E+02   0.57842619582971E-12
 0.50000000000000000E+00   0.30813435356248E+02   0.56177285046033E-12
 0.50000000000000000E+00   0.31698839228624E+02   0.54600768351065E-12
 0.50000000000000000E+00   0.32591090115412E+02   0.53113069498067E-12
 0.50000000000000000E+00   0.33489825716383E+02   0.51691984026547E-12
 0.50000000000000000E+00   0.34394697380382E+02   0.50337511936505E-12
 0.50000000000000000E+00   0.35305370261891E+02   0.49049653227939E-12
 0.50000000000000000E+00   0.36221523376224E+02   0.47806203440359E-12
 0.50000000000000000E+00   0.37142849564891E+02   0.46618264804010E-12
 0.50000000000000000E+00   0.38069055382202E+02   0.45485837318893E-12
 0.50000000000000000E+00   0.38999860913611E+02   0.44397818754760E-12
 0.50000000000000000E+00   0.39934999535663E+02   0.43354209111612E-12
 0.50000000000000000E+00   0.40874217626704E+02   0.42366110619696E-12
