 0.26298750315106251E+00   0.97578195523695E-18  -0.33848192013481E+05
 0.26655541987683845E+00   0.29483069282768E-04  -0.32892404336354E+05
 0.27767829753006029E+00   0.61082173640461E-04  -0.30070404063200E+05
 0.29580498265292399E+00   0.94949178290611E-04  -0.25926207804660E+05
 0.31848991326516030E+00   0.13124684686428E-03  -0.21404467311267E+05
 0.34204375643339568E+00   0.17014962340302E-03  -0.17344207955052E+05
 0.36338829620467494E+00   0.21184447044981E-03  -0.14119402359777E+05
 0.38133033700873620E+00   0.25653176725507E-03  -0.11687932481597E+05
 0.39610351207936856E+00   0.30442627240692E-03  -0.98512539875129E+04
 0.40834950401627190E+00   0.35575815550320E-03  -0.84295061043972E+04
 0.41863071468739949E+00   0.41077410281323E-03  -0.73000990827006E+04
 0.42736469963555401E+00   0.46973850223137E-03  -0.63833466941069E+04
 0.43485950903177062E+00   0.53293471320370E-03  -0.56260216452380E+04
 0.44134683684727355E+00   0.60066642771546E-03  -0.49912665418104E+04
 0.44700429402291308E+00   0.67325912886222E-03  -0.44527501732360E+04
 0.45197032884518246E+00   0.75106165399386E-03  -0.39911590087974E+04
 0.45635446537364277E+00   0.83444786992019E-03  -0.35920043638019E+04
 0.46024448858499067E+00   0.92381846820159E-03  -0.32442035142725E+04
 0.46371158823174130E+00   0.10196028891215E-02  -0.29391337792935E+04
 0.46681410740934026E+00   0.11222613835509E-02  -0.26699853187991E+04
 0.46960031829660231E+00   0.12322872225722E-02  -0.24313080954778E+04
 0.47211050741215710E+00   0.13502090654347E-02  -0.22186882785489E+04
 0.47437856281059732E+00   0.14765934971652E-02  -0.20285129025440E+04
 0.47643319670593220E+00   0.16120477479678E-02  -0.18577959201081E+04
 0.47829889763234706E+00   0.17572226074079E-02  -0.17040477415240E+04
 0.47999667947775715E+00   0.19128155473023E-02  -0.15651760840230E+04
 0.48154467622622199E+00   0.20795740682274E-02  -0.14394097007242E+04
 0.48295861827358305E+00   0.22582992856177E-02  -0.13252390569027E+04
 0.48425221696043630E+00   0.24498497725618E-02  -0.12213697162621E+04
 0.48543747732980735E+00   0.26551456776172E-02  -0.11266853688386E+04
 0.48652495428361719E+00   0.28751731372654E-02  -0.10402182504326E+04
 0.48752396375365564E+00   0.31109890040199E-02  -0.96112528416837E+03
 0.48844275785629127E+00   0.33637259126873E-02  -0.88866869217163E+03
 0.48928867101310547E+00   0.36345977088734E-02  -0.82220012890060E+03
 0.49006824251437520E+00   0.39249052655295E-02  -0.76114761087250E+03
 0.49078731985247626E+00   0.42360427151559E-02  -0.70500468332952E+03
 0.49145114626697994E+00   0.45695041272231E-02  -0.65332138874329E+03
 0.49206443525653731E+00   0.49268906624595E-02  -0.60569669616156E+03
 0.49263143427627798E+00   0.53099182378730E-02  -0.56177212221634E+03
 0.49315597941772327E+00   0.57204257387563E-02  -0.52122632985482E+03
 0.49364154253452586E+00   0.61603838164655E-02  -0.48377053366540E+03
 0.49409127201175312E+00   0.66319043134761E-02  -0.44914457408359E+03
 0.49450802816384443E+00   0.71372503601200E-02  -0.41711354901358E+03
 0.49489441407528489E+00   0.76788471905016E-02  -0.38746491215669E+03
 0.49525280255965443E+00   0.82592937283951E-02  -0.36000596384640E+03
 0.49558535980023521E+00   0.88813749974526E-02  -0.33456167339494E+03
 0.49589406614350384E+00   0.95480754138094E-02  -0.31097278257712E+03
 0.49618073444150079E+00   0.10262593023187E-01  -0.28909414846187E+03
 0.49644702627701298E+00   0.11028354748868E-01  -0.26879329077690E+03
 0.49669446635417946E+00   0.11849032721462E-01  -0.24994911468347E+03
 0.49692445529451912E+00   0.12728561766261E-01  -0.23245078450490E+03
 0.49713828104286761E+00   0.13671158129094E-01  -0.21619672779414E+03
 0.49733712905800787E+00   0.14681339527142E-01  -0.20109375230162E+03
 0.49752209143785120E+00   0.15763946616981E-01  -0.18705626104024E+03
 0.49769417510804270E+00   0.16924165978315E-01  -0.17400555283989E+03
 0.49785430918512674E+00   0.18167554718499E-01  -0.16186919761922E+03
 0.49800335161039450E+00   0.19500066809896E-01  -0.15058047714241E+03
 0.49814209513776164E+00   0.20928081279553E-01  -0.14007788332445E+03
 0.49827127274815097E+00   0.22458432378533E-01  -0.13030466724286E+03
 0.49839156255354961E+00   0.24098441866553E-01  -0.12120843294061E+03
 0.49850359224594870E+00   0.25855953556357E-01  -0.11274077089244E+03
 0.49860794313952445E+00   0.27739370271550E-01  -0.10485692667722E+03
 0.49870515384852770E+00   0.29757693381404E-01  -0.97515500972300E+02
 0.49879572363826058E+00   0.31920565086455E-01  -0.90678177476125E+02
 0.49888011548211458E+00   0.34238313639551E-01  -0.84309475786748E+02
 0.49895875885383401E+00   0.36722001698414E-01  -0.78376526626452E+02
 0.49903205228084890E+00   0.39383478017693E-01  -0.72848867115102E+02
 0.49910036568164318E+00   0.42235432700963E-01  -0.67698254065090E+02
 0.49916404250760821E+00   0.45291456246181E-01  -0.62898493504447E+02
 0.49922340170764146E+00   0.48566102631601E-01  -0.58425284837442E+02
 0.49927873953183755E+00   0.52074956703276E-01  -0.54256078227875E+02
 0.49933033118894460E+00   0.55834706139791E-01  -0.50369943943160E+02
 0.49937843237079893E+00   0.59863218284852E-01  -0.46747452530167E+02
 0.49942328065567365E+00   0.64179622153785E-01  -0.43370564809370E+02
 0.49946509680136186E+00   0.68804395935657E-01  -0.40222530774360E+02
 0.49950408593784068E+00   0.73759460328728E-01  -0.37287796571149E+02
 0.49954043866851217E+00   0.79068278063012E-01  -0.34551918807720E+02
 0.49957433208827756E+00   0.84755959979821E-01  -0.32001485510298E+02
 0.49960593072605147E+00   0.90849378054143E-01  -0.29624043100388E+02
 0.49963538741875591E+00   0.97377285761297E-01  -0.27408028816868E+02
 0.49966284412333239E+00   0.10437044620442E+00  -0.25342708051621E+02
 0.49968843267286167E+00   0.11186176843355E+00  -0.23418116106462E+02
 0.49971227548247016E+00   0.11988645240026E+00  -0.21625003914726E+02
 0.49973448621031824E+00   0.12848214300340E+00  -0.19954787303932E+02
 0.49975517037858730E+00   0.13768909369134E+00  -0.18399499407726E+02
 0.49977442595900312E+00   0.14755034009334E+00  -0.16951745867096E+02
 0.49979234392702609E+00   0.15811188415740E+00  -0.15604662493791E+02
 0.49980900878839846E+00   0.16942288927237E+00  -0.14351875104385E+02
 0.49982449908124538E+00   0.18153588684917E+00  -0.13187461272411E+02
 0.49983888785636754E+00   0.19450699482699E+00  -0.12105913789529E+02
 0.49985224313773680E+00   0.20839614855590E+00  -0.11102105675385E+02
 0.49986462836450024E+00   0.22326734448556E+00  -0.10171256629865E+02
 0.49987610281502892E+00   0.23918889705942E+00  -0.93089008804971E+01
 0.49988672201271767E+00   0.25623370917446E+00  -0.85108564408410E+01
 0.49989653811238655E+00   0.27447955651526E+00  -0.77731958608382E+01
 0.49990560026528352E+00   0.29400938600797E+00  -0.70922186147364E+01
 0.49991395495989149E+00   0.31491162856155E+00  -0.64644253325722E+01
 0.49992164633505881E+00   0.33728052616913E+00  -0.58864941330380E+01
 0.49992871646147086E+00   0.36121647332923E+00  -0.53552593538656E+01
 0.49993520558722010E+00   0.38682637261280E+00  -0.48676929954771E+01
 0.49994115234329517E+00   0.41422400404472E+00  -0.44208891896675E+01
 0.49994659390523072E+00   0.44353040778554E+00  -0.40120519734422E+01
 0.49995156610798758E+00   0.47487427938818E+00  -0.36384865863284E+01
 0.49995610351236697E+00   0.50839237666158E+00  -0.32975944172924E+01
 0.49996023942285289E+00   0.54422993689737E+00  -0.29868716075803E+01
 0.49996400585866863E+00   0.58254110290335E+00  -0.27039111747094E+01
 0.49996743348184852E+00   0.62348935593563E+00  -0.24464083708711E+01
 0.49997055148811020E+00   0.66724795322943E+00  -0.22121688407104E+01
 0.49997338746798831E+00   0.71400036739287E+00  -0.19991190173365E+01
 0.49997596724679483E+00   0.76394072444865E+00  -0.18053181128251E+01
 0.49997831471220278E+00   0.81727423678444E+00  -0.16289710419799E+01
 0.49998045163741389E+00   0.87421762670440E+00  -0.14684416810977E+01
 0.49998239750604256E+00   0.93499953566278E+00  -0.13222660007487E+01
 0.49998416934288781E+00   0.99986091361083E+00  -0.11891647591482E+01
 0.49998578155535489E+00   0.10690553822024E+01  -0.10680553978313E+01
 0.49998724580012138E+00   0.11428495648913E+01  -0.95806204338468E+00
 0.49998857092231269E+00   0.12215233762238E+01  -0.85852006444673E+00
 0.49998976309019394E+00   0.13053702618907E+01  -0.76896594376369E+00
 0.49999082637281050E+00   0.13946973803820E+01  -0.68909387902005E+00
 0.49999176409614088E+00   0.14898257163832E+01  -0.61865390602231E+00
 0.49999258108643091E+00   0.15910901154124E+01  -0.55728338220376E+00
 0.49999328608116400E+00   0.16988392286241E+01  -0.50432588089760E+00
 0.49999389268813110E+00   0.18134353562483E+01  -0.45875915043579E+00
 0.49999441780682019E+00   0.19352541778144E+01  -0.41931369579612E+00
 0.49999487847581520E+00   0.20646843571704E+01  -0.38470959104465E+00
 0.49999528922366243E+00   0.22021270103889E+01  -0.35385547037738E+00
 0.49999566101359444E+00   0.23479950249930E+01  -0.32592779272841E+00
 0.49999600148264917E+00   0.25027122195788E+01  -0.30035287623414E+00
 0.49999631573004322E+00   0.26667123339008E+01  -0.27674767563149E+00
 0.49999660713895211E+00   0.28404378408543E+01  -0.25485805123447E+00
 0.49999687802655990E+00   0.30243385735729E+01  -0.23450993854709E+00
 0.49999713009390856E+00   0.32188701630746E+01  -0.21557555652857E+00
 0.49999736471114004E+00   0.34244922845610E+01  -0.19795198096986E+00
 0.49999758308411857E+00   0.36416667135785E+01  -0.18154862824910E+00
 0.49999778634109227E+00   0.38708551967931E+01  -0.16628074554959E+00
 0.49999797556790559E+00   0.41125171460457E+01  -0.15206676574026E+00
 0.49999815181187368E+00   0.43671071685993E+01  -0.13882801627105E+00
 0.49999831606841494E+00   0.46350724509653E+01  -0.12648972326952E+00
 0.49999846926040831E+00   0.49168500183013E+01  -0.11498256205113E+00
 0.49999861221734931E+00   0.52128638959647E+01  -0.10424422280863E+00
 0.49999874565918767E+00   0.55235222042457E+01  -0.94220624600833E-01
 0.49999887018791622E+00   0.58492142214126E+01  -0.84866547094436E-01
 0.49999898628837142E+00   0.61903074538070E+01  -0.76145570452282E-01
 0.49999909433825329E+00   0.65471447546554E+01  -0.68029322546691E-01
 0.49999919462613018E+00   0.69200415353393E+01  -0.60496126603861E-01
 0.49999928737520410E+00   0.73092831139412E+01  -0.53529215951684E-01
 0.49999937276999007E+00   0.77151222458371E+01  -0.47114729980863E-01
 0.49999945098283044E+00   0.81377768798438E+01  -0.41239722535108E-01
 0.49999952219735933E+00   0.85774281809213E+01  -0.35890399320479E-01
 0.49999958662662314E+00   0.90342188566791E+01  -0.31050756794697E-01
 0.49999964452445506E+00   0.95082518200100E+01  -0.26701727713801E-01
 0.49999969618977036E+00   0.99995892142010E+01  -0.22820858566934E-01
 0.49999974196449187E+00   0.10508251820010E+02  -0.19382465350230E-01
 0.49999978222665309E+00   0.11034218856679E+02  -0.16358151635928E-01
 0.49999981738066612E+00   0.11577428180921E+02  -0.13717539597110E-01
 0.49999984784671314E+00   0.12137776879844E+02  -0.11429066873634E-01
 0.49999987405076796E+00   0.12715122245837E+02  -0.94607361019918E-02
 0.49999989641606751E+00   0.13309283113941E+02  -0.77807555375222E-02
 0.49999991535618771E+00   0.13920041535339E+02  -0.63580591335305E-02
 0.49999993126945325E+00   0.14547144754655E+02  -0.51627264948923E-02
 0.49999994453429780E+00   0.15190307453807E+02  -0.41663313399110E-02
 0.49999995550533038E+00   0.15849214221413E+02  -0.33422370265376E-02
 0.49999996451007728E+00   0.16523522204246E+02  -0.26658412300529E-02
 0.49999997184653455E+00   0.17212863895965E+02  -0.21147598176467E-02
 0.49999997778169791E+00   0.17916850018301E+02  -0.16689372782783E-02
 0.49999998255116496E+00   0.18635072450965E+02  -0.13106765692468E-02
 0.49999998635978210E+00   0.19367107168599E+02  -0.10245905591589E-02
 0.49999998938318879E+00   0.20112517146046E+02  -0.79748600290203E-03
 0.49999999177004029E+00   0.20870855196793E+02  -0.61819658827700E-03
 0.49999999364466341E+00   0.21641666713578E+02  -0.47738344807030E-03
 0.49999999510991616E+00   0.22424492284561E+02  -0.36732035009907E-03
 0.49999999625006269E+00   0.23218870163075E+02  -0.28167776766408E-03
 0.49999999713352239E+00   0.24024338573573E+02  -0.21531632288133E-03
 0.49999999781540433E+00   0.24840437840854E+02  -0.16409648481243E-03
 0.49999999833977293E+00   0.25666712333901E+02  -0.12470833537595E-03
 0.49999999874162782E+00   0.26502712219579E+02  -0.94522852157330E-04
 0.49999999904860054E+00   0.27347995024993E+02  -0.71464488339390E-04
 0.49999999928238426E+00   0.28202127010389E+02  -0.53903752889176E-04
 0.49999999945992279E+00   0.29064684357170E+02  -0.40567888351439E-04
 0.49999999959438862E+00   0.29935254177814E+02  -0.30467454457644E-04
 0.49999999969597680E+00   0.30813435356248E+02  -0.22836628992509E-04
 0.50000000000000000E+00   0.31698839228624E+02  -0.11809997424450E-13
 0.50000000000000000E+00   0.32591090115412E+02  -0.47739590058882E-14
 0.50000000000000000E+00   0.33489825716383E+02  -0.18457457784393E-14
 0.50000000000000000E+00   0.34394697380382E+02  -0.62450045135165E-15
 0.50000000000000000E+00   0.35305370261891E+02  -0.12490009027033E-15
 0.50000000000000000E+00   0.36221523376224E+02   0.69388939039072E-16
 0.50000000000000000E+00   0.37142849564891E+02   0.13877787807814E-15
 0.50000000000000000E+00   0.38069055382202E+02   0.16653345369377E-15
 0.50000000000000000E+00   0.38999860913611E+02   0.16653345369377E-15
 0.50000000000000000E+00   0.39934999535663E+02   0.16653345369377E-15
 0.50000000000000000E+00   0.40874217626704E+02   0.16653345369377E-15
