 0.58763822553425368E-01   0.97578195523695E-18  -0.28200735507981E+06
 0.60265901343414606E-01   0.29483069282768E-04  -0.27404245376604E+06
 0.65185500781387851E-01   0.61082173640461E-04  -0.25052574941879E+06
 0.74064206700759611E-01   0.94949178290611E-04  -0.21599073314021E+06
 0.86992662972843082E-01   0.13124684686428E-03  -0.17830950570392E+06
 0.10316262277133326E+00   0.17014962340302E-03  -0.14447395051878E+06
 0.12103040976062351E+00   0.21184447044981E-03  -0.11760051122505E+06
 0.13921001735736777E+00   0.25653176725507E-03  -0.97338204999180E+05
 0.15702675758682219E+00   0.30442627240692E-03  -0.82032495851466E+05
 0.17429431125444958E+00   0.35575815550320E-03  -0.70184543571922E+05
 0.19097702140514394E+00   0.41077410281323E-03  -0.60772766486138E+05
 0.20706462559085528E+00   0.46973850223137E-03  -0.53133112293009E+05
 0.22255180071841907E+00   0.53293471320370E-03  -0.46822019876791E+05
 0.23743643555438751E+00   0.60066642771546E-03  -0.41532343996423E+05
 0.25171935951487090E+00   0.67325912886222E-03  -0.37044657651688E+05
 0.26540410735031411E+00   0.75106165399386E-03  -0.33198014543263E+05
 0.27849667483642404E+00   0.83444786992019E-03  -0.29871675451675E+05
 0.29100526973147933E+00   0.92381846820159E-03  -0.26973284188472E+05
 0.30294006244587374E+00   0.10196028891215E-02  -0.24430984945899E+05
 0.31431294030990581E+00   0.11222613835509E-02  -0.22188028942952E+05
 0.32513726874043891E+00   0.12322872225722E-02  -0.20198999106628E+05
 0.33542766202543700E+00   0.13502090654347E-02  -0.18427113436199E+05
 0.34519976588374190E+00   0.14765934971652E-02  -0.16842263826499E+05
 0.35447005343007593E+00   0.16120477479678E-02  -0.15419566508644E+05
 0.36325563569190888E+00   0.17572226074079E-02  -0.14138274880642E+05
 0.37157408739202413E+00   0.19128155473023E-02  -0.12980953253410E+05
 0.37944328833184870E+00   0.20795740682274E-02  -0.11932841260868E+05
 0.38688128038678482E+00   0.22582992856177E-02  -0.10981359498280E+05
 0.39390613985480172E+00   0.24498497725618E-02  -0.10115721077809E+05
 0.40053586468076569E+00   0.26551456776172E-02  -0.93266235315337E+04
 0.40678827590762651E+00   0.28751731372654E-02  -0.86060023110625E+04
 0.41268093257715210E+00   0.31109890040199E-02  -0.79468319721193E+04
 0.41823105921249432E+00   0.33637259126873E-02  -0.73429646106727E+04
 0.42345548495748331E+00   0.36345977088734E-02  -0.67889976467765E+04
 0.42837059341818873E+00   0.39249052655295E-02  -0.62801649122903E+04
 0.43299228224628045E+00   0.42360427151559E-02  -0.58122463803501E+04
 0.43733593151664379E+00   0.45695041272231E-02  -0.53814929107282E+04
 0.44141637997961547E+00   0.49268906624595E-02  -0.49845631694092E+04
 0.44524790830755551E+00   0.53099182378730E-02  -0.46184704791537E+04
 0.44884422850318945E+00   0.57204257387563E-02  -0.42805378181403E+04
 0.45221847869061388E+00   0.61603838164655E-02  -0.39683595405052E+04
 0.45538322256683839E+00   0.66319043134761E-02  -0.36797686709963E+04
 0.45835045285042914E+00   0.71372503601200E-02  -0.34128088446702E+04
 0.46113159812274118E+00   0.76788471905016E-02  -0.31657101354729E+04
 0.46373753251522409E+00   0.82592937283951E-02  -0.29368681550552E+04
 0.46617858775245236E+00   0.88813749974526E-02  -0.27248259131559E+04
 0.46846456711422002E+00   0.95480754138094E-02  -0.25282580193221E+04
 0.47060476093073145E+00   0.10262593023187E-01  -0.23459568772060E+04
 0.47260796327232385E+00   0.11028354748868E-01  -0.21768205807315E+04
 0.47448248953901756E+00   0.11849032721462E-01  -0.20198422687886E+04
 0.47623619469541056E+00   0.12728561766261E-01  -0.18741007339481E+04
 0.47787649193292969E+00   0.13671158129094E-01  -0.17387521126652E+04
 0.47941037157419725E+00   0.14681339527142E-01  -0.16130225108947E+04
 0.48084442006327399E+00   0.15763946616981E-01  -0.14962014410311E+04
 0.48218483891079489E+00   0.16924165978315E-01  -0.13876359644574E+04
 0.48343746348453226E+00   0.18167554718499E-01  -0.12867254494192E+04
 0.48460778155370710E+00   0.19500066809896E-01  -0.11929168669892E+04
 0.48570095150945253E+00   0.20928081279553E-01  -0.11057005589927E+04
 0.48672182019421373E+00   0.22458432378533E-01  -0.10246064212987E+04
 0.48767494027965475E+00   0.24098441866553E-01  -0.94920045413240E+03
 0.48856458713593998E+00   0.25855953556357E-01  -0.87908163827222E+03
 0.48939477513534613E+00   0.27739370271550E-01  -0.81387910234652E+03
 0.49016927333044275E+00   0.29757693381404E-01  -0.75324955207591E+03
 0.49089162044221191E+00   0.31920565086455E-01  -0.69687493731282E+03
 0.49156513908744426E+00   0.34238313639551E-01  -0.64446033715471E+03
 0.49219294916894474E+00   0.36722001698414E-01  -0.59573204724513E+03
 0.49277798034852993E+00   0.39383478017693E-01  -0.55043585656172E+03
 0.49332298352429765E+00   0.42235432700963E-01  -0.50833550338079E+03
 0.49383054124415793E+00   0.45291456246181E-01  -0.46921130146950E+03
 0.49430307701259191E+00   0.48566102631601E-01  -0.43285892752759E+03
 0.49474286349451185E+00   0.52074956703276E-01  -0.39908835896615E+03
 0.49515202969832239E+00   0.55834706139791E-01  -0.36772294660273E+03
 0.49553256733984397E+00   0.59863218284852E-01  -0.33859859905397E+03
 0.49588633675489535E+00   0.64179622153785E-01  -0.31156304416679E+03
 0.49621507292834699E+00   0.68804395935657E-01  -0.28647511874833E+03
 0.49652039238611201E+00   0.73759460328728E-01  -0.26320402535563E+03
 0.49680380172584065E+00   0.79068278063012E-01  -0.24162849368316E+03
 0.49706670824009569E+00   0.84755959979821E-01  -0.22163580935930E+03
 0.49731043223827237E+00   0.90849378054143E-01  -0.20312073773623E+03
 0.49753621941076098E+00   0.97377285761297E-01  -0.18598446592243E+03
 0.49774525055337648E+00   0.10437044620442E+00  -0.17013376335162E+03
 0.49793864618099970E+00   0.11186176843355E+00  -0.15548054433270E+03
 0.49811746545105939E+00   0.11988645240026E+00  -0.14194187245970E+03
 0.49828270145785414E+00   0.12848214300340E+00  -0.12944024768575E+03
 0.49843527657749875E+00   0.13768909369134E+00  -0.11790389603222E+03
 0.49857604115252829E+00   0.14755034009334E+00  -0.10726681309005E+03
 0.49870577698745910E+00   0.15811188415740E+00  -0.97468450739887E+02
 0.49882520519558315E+00   0.16942288927237E+00  -0.88453082385345E+02
 0.49893499675560526E+00   0.18153588684917E+00  -0.80168970665926E+02
 0.49903578379539859E+00   0.19450699482699E+00  -0.72567486720579E+02
 0.49912816981030955E+00   0.20839614855590E+00  -0.65602315235849E+02
 0.49921273743263173E+00   0.22326734448556E+00  -0.59228848406984E+02
 0.49929005282587985E+00   0.23918889705942E+00  -0.53403837456041E+02
 0.49936066622846564E+00   0.25623370917446E+00  -0.48085336482526E+02
 0.49942510862185863E+00   0.27447955651526E+00  -0.43232939690077E+02
 0.49948388498462060E+00   0.29400938600797E+00  -0.38808276654061E+02
 0.49953746519473347E+00   0.31491162856155E+00  -0.34775685303453E+02
 0.49958627451137899E+00   0.33728052616913E+00  -0.31102917166051E+02
 0.49963068688164547E+00   0.36121647332923E+00  -0.27761630805391E+02
 0.49967102583820633E+00   0.38682637261280E+00  -0.24727315292342E+02
 0.49970757762785167E+00   0.41422400404472E+00  -0.21978295338181E+02
 0.49974061544138976E+00   0.44353040778554E+00  -0.19493903670955E+02
 0.49977042166885177E+00   0.47487427938818E+00  -0.17252804043334E+02
 0.49979728991063976E+00   0.50839237666158E+00  -0.15232837620653E+02
 0.49982150429520289E+00   0.54422993689737E+00  -0.13412575422840E+02
 0.49984331475965543E+00   0.58254110290335E+00  -0.11773173509961E+02
 0.49986292633585033E+00   0.62348935593563E+00  -0.10299175038862E+02
 0.49988050445554727E+00   0.66724795322943E+00  -0.89781086614745E+01
 0.49989618833846750E+00   0.71400036739287E+00  -0.77994802232340E+01
 0.49991010477802100E+00   0.76394072444865E+00  -0.67537353462789E+01
 0.49992237836326869E+00   0.81727423678444E+00  -0.58314903682544E+01
 0.49993313709479392E+00   0.87421762670440E+00  -0.50231097039236E+01
 0.49994251386119182E+00   0.93499953566278E+00  -0.43185943674174E+01
 0.49995064485442609E+00   0.99986091361083E+00  -0.37077005274071E+01
 0.49995766615321602E+00   0.10690553822024E+01  -0.31801956998140E+01
 0.49996370961784214E+00   0.11428495648913E+01  -0.27261666725089E+01
 0.49996889902817249E+00   0.12215233762238E+01  -0.23363091760993E+01
 0.49997334712731023E+00   0.13053702618907E+01  -0.20021495594527E+01
 0.49997715395364994E+00   0.13946973803820E+01  -0.17161697312184E+01
 0.49998040658017456E+00   0.14898257163832E+01  -0.14718264494113E+01
 0.49998318013154464E+00   0.15910901154124E+01  -0.12634746848618E+01
 0.49998553970365855E+00   0.16988392286241E+01  -0.10862232477399E+01
 0.49998754258729905E+00   0.18134353562483E+01  -0.93576761893046E+00
 0.49998924010690804E+00   0.19352541778144E+01  -0.80825172895514E+00
 0.49999067858329227E+00   0.20646843571704E+01  -0.70019557165829E+00
 0.49999189941135269E+00   0.22021270103889E+01  -0.60848931304205E+00
 0.49999293871151751E+00   0.23479950249930E+01  -0.53041943412536E+00
 0.49999382711991436E+00   0.25027122195788E+01  -0.46368446100510E+00
 0.49999459001737567E+00   0.26667123339008E+01  -0.40637773853040E+00
 0.49999524815628271E+00   0.28404378408543E+01  -0.35694032601968E+00
 0.49999581846980623E+00   0.30243385735729E+01  -0.31410019706798E+00
 0.49999631485762974E+00   0.32188701630746E+01  -0.27681320996043E+00
 0.49999674883327871E+00   0.34244922845610E+01  -0.24421447655936E+00
 0.49999713000477408E+00   0.36416667135785E+01  -0.21558225323810E+00
 0.49999746641140785E+00   0.38708551967931E+01  -0.19031264059285E+00
 0.49999776475815200E+00   0.41125171460457E+01  -0.16790197345891E+00
 0.49999803058837833E+00   0.43671071685993E+01  -0.14793384540304E+00
 0.49999826842615103E+00   0.46350724509653E+01  -0.13006841910358E+00
 0.49999848190801804E+00   0.49168500183013E+01  -0.11403252590811E+00
 0.49999867391421271E+00   0.52128638959647E+01  -0.99609809947586E-01
 0.49999884670168793E+00   0.55235222042457E+01  -0.86630734639682E-01
 0.49999900203655884E+00   0.58492142214126E+01  -0.74962633918465E-01
 0.49999914132091922E+00   0.61903074538070E+01  -0.64500186060620E-01
 0.49999926570811742E+00   0.65471447546554E+01  -0.55156754502439E-01
 0.49999937620093293E+00   0.69200415353393E+01  -0.46857013131060E-01
 0.49999947372836895E+00   0.73092831139412E+01  -0.39531177923025E-01
 0.49999955919874961E+00   0.77151222458371E+01  -0.33111018426447E-01
 0.49999963352928772E+00   0.81377768798438E+01  -0.27527636747508E-01
 0.49999969765493901E+00   0.85774281809213E+01  -0.22710802423329E-01
 0.49999975252169476E+00   0.90342188566791E+01  -0.18589456226014E-01
 0.49999979907086634E+00   0.95082518200100E+01  -0.15092890591674E-01
 0.49999983822087435E+00   0.99995892142010E+01  -0.12152117542053E-01
 0.49999987085146846E+00   0.10508251820010E+02  -0.97010539907925E-02
 0.49999989779272058E+00   0.11034218856679E+02  -0.76773484754522E-02
 0.49999991981859954E+00   0.11577428180921E+02  -0.60228638192359E-02
 0.49999993764345174E+00   0.12137776879844E+02  -0.46839414473623E-02
 0.49999995191964203E+00   0.12715122245837E+02  -0.36115785930222E-02
 0.49999996323548901E+00   0.13309283113941E+02  -0.27615833921006E-02
 0.49999997211363939E+00   0.13920041535339E+02  -0.20946969391156E-02
 0.49999997901056281E+00   0.14547144754655E+02  -0.15766313098695E-02
 0.49999998431778370E+00   0.15190307453807E+02  -0.11779769363505E-02
 0.49999998836506776E+00   0.15849214221413E+02  -0.87396330853040E-03
 0.49999999142532986E+00   0.16523522204246E+02  -0.64409030555068E-03
 0.49999999372074599E+00   0.17212863895965E+02  -0.47166905459695E-03
 0.49999999542946427E+00   0.17916850018301E+02  -0.34331789407149E-03
 0.49999999669236567E+00   0.18635072450965E+02  -0.24845448113764E-03
 0.49999999761946623E+00   0.19367107168599E+02  -0.17881489783167E-03
 0.49999999829570008E+00   0.20112517146046E+02  -0.12801927876960E-03
 0.49999999878595414E+00   0.20870855196793E+02  -0.91193617383745E-04
 0.49999999913932475E+00   0.21641666713578E+02  -0.64650016523782E-04
 0.49999999939263146E+00   0.22424492284561E+02  -0.45622768298337E-04
 0.49999999957325919E+00   0.23218870163075E+02  -0.32054830644057E-04
 0.49999999969931963E+00   0.24024338573573E+02  -0.22585751752624E-04
 0.50000000000000000E+00   0.24840437840854E+02   0.15609735726230E-12
 0.50000000000000000E+00   0.25666712333901E+02   0.15443202272536E-12
 0.50000000000000000E+00   0.26502712219579E+02   0.15043521983671E-12
 0.50000000000000000E+00   0.27347995024993E+02   0.14621637234313E-12
 0.50000000000000000E+00   0.28202127010389E+02   0.14177548024463E-12
 0.50000000000000000E+00   0.29064684357170E+02   0.13744561044859E-12
 0.50000000000000000E+00   0.29935254177814E+02   0.13367085216487E-12
 0.50000000000000000E+00   0.30813435356248E+02   0.12989609388114E-12
 0.50000000000000000E+00   0.31698839228624E+02   0.12612133559742E-12
 0.50000000000000000E+00   0.32591090115412E+02   0.12267964422108E-12
 0.50000000000000000E+00   0.33489825716383E+02   0.11934897514720E-12
 0.50000000000000000E+00   0.34394697380382E+02   0.11624035067825E-12
 0.50000000000000000E+00   0.35305370261891E+02   0.11324274851177E-12
 0.50000000000000000E+00   0.36221523376224E+02   0.11046719095020E-12
 0.50000000000000000E+00   0.37142849564891E+02   0.10769163338864E-12
 0.50000000000000000E+00   0.38069055382202E+02   0.10513812043200E-12
 0.50000000000000000E+00   0.38999860913611E+02   0.10258460747536E-12
 0.50000000000000000E+00   0.39934999535663E+02   0.10025313912365E-12
 0.50000000000000000E+00   0.40874217626704E+02   0.97810648469476E-13
