 0.12488174486105282E+00   0.97578195523695E-18  -0.11281545566406E+06
 0.12758488787026528E+00   0.29483069282768E-04  -0.10962949649177E+06
 0.13629546997773431E+00   0.61082173640461E-04  -0.10022282673540E+06
 0.15148330894722381E+00   0.94949178290611E-04  -0.86408836244579E+05
 0.17245072545623724E+00   0.13124684686428E-03  -0.71336364318529E+05
 0.19692624423285679E+00   0.17014962340302E-03  -0.57802162490436E+05
 0.22194476230434329E+00   0.21184447044981E-03  -0.47052806482916E+05
 0.24545729049031742E+00   0.25653176725507E-03  -0.38947902873089E+05
 0.26680828221274111E+00   0.30442627240692E-03  -0.32825637233611E+05
 0.28607042561139917E+00   0.35575815550320E-03  -0.28086473632310E+05
 0.30347469428547147E+00   0.41077410281323E-03  -0.24321779546726E+05
 0.31923997723219422E+00   0.46973850223137E-03  -0.21265934191091E+05
 0.33355448701783830E+00   0.53293471320370E-03  -0.18741513231388E+05
 0.34657974776784417E+00   0.60066642771546E-03  -0.16625658665442E+05
 0.35845512239944971E+00   0.67325912886222E-03  -0.14830599771525E+05
 0.36930148147602493E+00   0.75106165399386E-03  -0.13291958095251E+05
 0.37922416491745403E+00   0.83444786992019E-03  -0.11961438003169E+05
 0.38831539031041135E+00   0.92381846820159E-03  -0.10802097064837E+05
 0.39665622492903729E+00   0.10196028891215E-02  -0.97851929937957E+04
 0.40431821108968630E+00   0.11222613835509E-02  -0.88880263067323E+04
 0.41136471402425556E+00   0.12322872225722E-02  -0.80924301964060E+04
 0.41785204611523946E+00   0.13502090654347E-02  -0.73836918775132E+04
 0.42383040971734942E+00   0.14765934971652E-02  -0.67497681159332E+04
 0.42934469191783664E+00   0.16120477479678E-02  -0.61807054047409E+04
 0.43443513775813014E+00   0.17572226074079E-02  -0.56682050959900E+04
 0.43913792314335703E+00   0.19128155473023E-02  -0.52052928984798E+04
 0.44348564453055356E+00   0.20795740682274E-02  -0.47860646409844E+04
 0.44750773923520037E+00   0.22582992856177E-02  -0.44054885266087E+04
 0.45123084762383769E+00   0.24498497725618E-02  -0.40592497538616E+04
 0.45467912641385372E+00   0.26551456776172E-02  -0.37436272765405E+04
 0.45787452066360712E+00   0.28751731372654E-02  -0.34553952020829E+04
 0.46083700071815248E+00   0.31109890040199E-02  -0.31917432637295E+04
 0.46358476931001058E+00   0.33637259126873E-02  -0.29502121931284E+04
 0.46613444314825675E+00   0.36345977088734E-02  -0.27286408318494E+04
 0.46850121262198990E+00   0.39249052655295E-02  -0.25251225642801E+04
 0.47069898266427135E+00   0.42360427151559E-02  -0.23379692070617E+04
 0.47274049734495122E+00   0.45695041272231E-02  -0.21656809047371E+04
 0.47463745036581229E+00   0.49268906624595E-02  -0.20069208949624E+04
 0.47640058330353896E+00   0.53099182378730E-02  -0.18604942460262E+04
 0.47803977317278890E+00   0.57204257387563E-02  -0.17253298535548E+04
 0.47956411065314875E+00   0.61603838164655E-02  -0.16004651259894E+04
 0.48098197013202015E+00   0.66319043134761E-02  -0.14850328997947E+04
 0.48230107255405785E+00   0.71372503601200E-02  -0.13782502128618E+04
 0.48352854193144701E+00   0.76788471905016E-02  -0.12794086337538E+04
 0.48467095625380424E+00   0.82592937283951E-02  -0.11878658994670E+04
 0.48573439343835273E+00   0.88813749974526E-02  -0.11030386584021E+04
 0.48672447287739851E+00   0.95480754138094E-02  -0.10243961506329E+04
 0.48764639306868818E+00   0.10262593023187E-01  -0.95145468618206E+03
 0.48850496575303021E+00   0.11028354748868E-01  -0.88377280525052E+03
 0.48930464693099540E+00   0.11849032721462E-01  -0.82094702332185E+03
 0.49004956508527187E+00   0.12728561766261E-01  -0.76260807960728E+03
 0.49074354689621302E+00   0.13671158129094E-01  -0.70841762009741E+03
 0.49139014070436138E+00   0.14681339527142E-01  -0.65806525706283E+03
 0.49199263794449566E+00   0.15763946616981E-01  -0.61126595561977E+03
 0.49255409275036743E+00   0.16924165978315E-01  -0.56775770528204E+03
 0.49307733990722546E+00   0.18167554718499E-01  -0.52729944052254E+03
 0.49356501131001507E+00   0.19500066809896E-01  -0.48966917948196E+03
 0.49401955106837825E+00   0.20928081279553E-01  -0.45466235426150E+03
 0.49444322938495022E+00   0.22458432378533E-01  -0.42209030986112E+03
 0.49483815532064357E+00   0.24098441866553E-01  -0.39177895188924E+03
 0.49520628854940141E+00   0.25855953556357E-01  -0.36356752576792E+03
 0.49554945019505564E+00   0.27739370271550E-01  -0.33730751236611E+03
 0.49586933283425549E+00   0.29757693381404E-01  -0.31286162687718E+03
 0.49616750974176627E+00   0.31920565086455E-01  -0.29010290936846E+03
 0.49644544344761687E+00   0.34238313639551E-01  -0.26891389681544E+03
 0.49670449366944386E+00   0.36722001698414E-01  -0.24918586762957E+03
 0.49694592467781029E+00   0.39383478017693E-01  -0.23081815072958E+03
 0.49717091214712394E+00   0.42235432700963E-01  -0.21371749212029E+03
 0.49738054953991295E+00   0.45291456246181E-01  -0.19779747275514E+03
 0.49757585406751870E+00   0.48566102631601E-01  -0.18297797219155E+03
 0.49775777226560036E+00   0.52074956703276E-01  -0.16918467322137E+03
 0.49792718521812196E+00   0.55834706139791E-01  -0.15634860328857E+03
 0.49808491345859596E+00   0.59863218284852E-01  -0.14440570910831E+03
 0.49823172157223483E+00   0.64179622153785E-01  -0.13329646148679E+03
 0.49836832251726065E+00   0.68804395935657E-01  -0.12296548791735E+03
 0.49849538167795421E+00   0.73759460328728E-01  -0.11336123110026E+03
 0.49861352065615067E+00   0.79068278063012E-01  -0.10443563209997E+03
 0.49872332080193249E+00   0.84755959979821E-01  -0.96143837407271E+02
 0.49882532647844829E+00   0.90849378054143E-01  -0.88443929703421E+02
 0.49892004805037965E+00   0.97377285761297E-01  -0.81296682607250E+02
 0.49900796458099250E+00   0.10437044620442E+00  -0.74665340098545E+02
 0.49908952621941971E+00   0.11186176843355E+00  -0.68515421615979E+02
 0.49916515625844682E+00   0.11988645240026E+00  -0.62814553981213E+02
 0.49923525284437981E+00   0.12848214300340E+00  -0.57532331246034E+02
 0.49930019032559314E+00   0.13768909369134E+00  -0.52640203219974E+02
 0.49936032023658461E+00   0.14755034009334E+00  -0.48111392700098E+02
 0.49941597193214166E+00   0.15811188415740E+00  -0.43920840117883E+02
 0.49946745291523803E+00   0.16942288927237E+00  -0.40045172163266E+02
 0.49951504894804266E+00   0.18153588684917E+00  -0.36462687529861E+02
 0.49955902410465175E+00   0.19450699482699E+00  -0.33153347743688E+02
 0.49959962102060002E+00   0.20839614855590E+00  -0.30098753810557E+02
 0.49963706170603811E+00   0.22326734448556E+00  -0.27282081035218E+02
 0.49967154936396418E+00   0.23918889705942E+00  -0.24687938792909E+02
 0.49970327157047401E+00   0.25623370917446E+00  -0.22302128409429E+02
 0.49973240476211389E+00   0.27447955651526E+00  -0.20111303288145E+02
 0.49975911918515109E+00   0.29400938600797E+00  -0.18102594818528E+02
 0.49978358264749217E+00   0.31491162856155E+00  -0.16263328741338E+02
 0.49980596136047528E+00   0.33728052616913E+00  -0.14580960584128E+02
 0.49982641736855804E+00   0.36121647332923E+00  -0.13043267717240E+02
 0.49984510387537778E+00   0.38682637261280E+00  -0.11638699534624E+02
 0.49986216075444773E+00   0.41422400404472E+00  -0.10356713728100E+02
 0.49987771203217274E+00   0.44353040778554E+00  -0.91879643495757E+01
 0.49989186584921114E+00   0.47487427938818E+00  -0.81243037187114E+01
 0.49990471637472533E+00   0.50839237666158E+00  -0.71586377308913E+01
 0.49991634677192776E+00   0.54422993689737E+00  -0.62847023416981E+01
 0.49992683241274205E+00   0.58254110290335E+00  -0.54968214951069E+01
 0.49993624380649010E+00   0.62348935593563E+00  -0.47896866721557E+01
 0.49994464895713286E+00   0.66724795322943E+00  -0.41581794736084E+01
 0.49995211504016945E+00   0.71400036739287E+00  -0.35972453861112E+01
 0.49995870940060883E+00   0.76394072444865E+00  -0.31018185994345E+01
 0.49996449993867498E+00   0.81727423678444E+00  -0.26667928483818E+01
 0.49996955498702578E+00   0.87421762670440E+00  -0.22870304710593E+01
 0.49997394280220570E+00   0.93499953566278E+00  -0.19574004582657E+01
 0.49997773079888302E+00   0.99986091361083E+00  -0.16728358346843E+01
 0.49998098465089102E+00   0.10690553822024E+01  -0.14284010556379E+01
 0.49998376737022243E+00   0.11428495648913E+01  -0.12193610713647E+01
 0.49998613845599182E+00   0.12215233762238E+01  -0.10412451481333E+01
 0.49998815318231715E+00   0.13053702618907E+01  -0.88990026794302E+00
 0.49998986206950535E+00   0.13946973803820E+01  -0.76153077309549E+00
 0.49999131055917490E+00   0.14898257163832E+01  -0.65272270532888E+00
 0.49999253889294570E+00   0.15910901154124E+01  -0.56045286631318E+00
 0.49999358217745388E+00   0.16988392286241E+01  -0.48208389319790E+00
 0.49999447060646984E+00   0.18134353562483E+01  -0.41534754262670E+00
 0.49999522980395833E+00   0.19352541778144E+01  -0.35831889783012E+00
 0.49999588124965383E+00   0.20646843571704E+01  -0.30938438352782E+00
 0.49999644275039279E+00   0.22021270103889E+01  -0.26720634861796E+00
 0.49999692892504677E+00   0.23479950249930E+01  -0.23068663076778E+00
 0.49999735167737991E+00   0.25027122195788E+01  -0.19893103072063E+00
 0.49999772063845271E+00   0.26667123339008E+01  -0.17121607615406E+00
 0.49999804356737138E+00   0.28404378408543E+01  -0.14695891575929E+00
 0.49999832670547056E+00   0.30243385735729E+01  -0.12569071224111E+00
 0.49999857508382300E+00   0.32188701630746E+01  -0.10703354195558E+00
 0.49999879278694453E+00   0.34244922845610E+01  -0.90680585323864E-01
 0.49999898317665581E+00   0.36416667135785E+01  -0.76379310595281E-01
 0.49999914907954579E+00   0.38708551967931E+01  -0.63917391820589E-01
 0.49999929294005030E+00   0.41125171460457E+01  -0.53111209896687E-01
 0.49999941693972277E+00   0.43671071685993E+01  -0.43796893175564E-01
 0.49999952308279116E+00   0.46350724509653E+01  -0.35823890660075E-01
 0.49999961324916042E+00   0.49168500183013E+01  -0.29050990472887E-01
 0.49999968921863086E+00   0.52128638959647E+01  -0.23344500643819E-01
 0.49999975267344310E+00   0.55235222042457E+01  -0.18578057789593E-01
 0.49999980518890308E+00   0.58492142214126E+01  -0.14633331268529E-01
 0.49999984822213817E+00   0.61903074538070E+01  -0.11400867690297E-01
 0.49999988310617705E+00   0.65471447546554E+01  -0.87805355824244E-02
 0.49999991105144626E+00   0.69200415353393E+01  -0.66814129130979E-02
 0.49999993315202690E+00   0.73092831139412E+01  -0.50213170627937E-02
 0.49999995039214212E+00   0.77151222458371E+01  -0.37263175472595E-02
 0.49999996364981719E+00   0.81377768798438E+01  -0.27304609835110E-02
 0.49999997369766674E+00   0.85774281809213E+01  -0.19757120333295E-02
 0.49999998120295602E+00   0.90342188566791E+01  -0.14119487101489E-02
 0.49999998672943691E+00   0.95082518200100E+01  -0.99682451674776E-03
 0.49999999074241064E+00   0.99995892142010E+01  -0.69538812490932E-03
 0.49999999361709552E+00   0.10508251820010E+02  -0.47945483747769E-03
 0.49999999564940595E+00   0.11034218856679E+02  -0.32679689540727E-03
 0.49999999706788900E+00   0.11577428180921E+02  -0.22024689143818E-03
 0.49999999804565687E+00   0.12137776879844E+02  -0.14680140482437E-03
 0.49999999871147249E+00   0.12715122245837E+02  -0.96788360573585E-04
 0.49999999915949112E+00   0.13309283113941E+02  -0.63135221433863E-04
 0.49999999945746132E+00   0.13920041535339E+02  -0.40753060369547E-04
 0.49999999965338593E+00   0.14547144754655E+02  -0.26036080638003E-04
 0.50000000000000000E+00   0.15190307453807E+02   0.93258734068513E-14
 0.50000000000000000E+00   0.15849214221413E+02   0.10769163338864E-13
 0.50000000000000000E+00   0.16523522204246E+02   0.10769163338864E-13
 0.50000000000000000E+00   0.17212863895965E+02   0.10436096431476E-13
 0.50000000000000000E+00   0.17916850018301E+02   0.98809849191639E-14
 0.50000000000000000E+00   0.18635072450965E+02   0.95479180117763E-14
 0.50000000000000000E+00   0.19367107168599E+02   0.92148511043888E-14
 0.50000000000000000E+00   0.20112517146046E+02   0.88262730457700E-14
 0.50000000000000000E+00   0.20870855196793E+02   0.86042284408450E-14
 0.50000000000000000E+00   0.21641666713578E+02   0.82711615334574E-14
 0.50000000000000000E+00   0.22424492284561E+02   0.79380946260699E-14
 0.50000000000000000E+00   0.23218870163075E+02   0.76605388699136E-14
 0.50000000000000000E+00   0.24024338573573E+02   0.74384942649885E-14
 0.50000000000000000E+00   0.24840437840854E+02   0.71054273576010E-14
 0.50000000000000000E+00   0.25666712333901E+02   0.69388939039072E-14
 0.50000000000000000E+00   0.26502712219579E+02   0.67168492989822E-14
 0.50000000000000000E+00   0.27347995024993E+02   0.64948046940572E-14
 0.50000000000000000E+00   0.28202127010389E+02   0.62727600891321E-14
 0.50000000000000000E+00   0.29064684357170E+02   0.61617377866696E-14
 0.50000000000000000E+00   0.29935254177814E+02   0.59952043329758E-14
 0.50000000000000000E+00   0.30813435356248E+02   0.58286708792821E-14
 0.50000000000000000E+00   0.31698839228624E+02   0.56066262743570E-14
 0.50000000000000000E+00   0.32591090115412E+02   0.53845816694320E-14
 0.50000000000000000E+00   0.33489825716383E+02   0.52735593669695E-14
 0.50000000000000000E+00   0.34394697380382E+02   0.51625370645070E-14
 0.50000000000000000E+00   0.35305370261891E+02   0.49960036108132E-14
 0.50000000000000000E+00   0.36221523376224E+02   0.48849813083507E-14
 0.50000000000000000E+00   0.37142849564891E+02   0.47739590058882E-14
 0.50000000000000000E+00   0.38069055382202E+02   0.47184478546569E-14
 0.50000000000000000E+00   0.38999860913611E+02   0.45519144009631E-14
 0.50000000000000000E+00   0.39934999535663E+02   0.44408920985006E-14
 0.50000000000000000E+00   0.40874217626704E+02   0.43576253716537E-14
