 0.14692485398372579E+00   0.97578195523695E-18  -0.90254993082713E+05
 0.14991435915016432E+00   0.29483069282768E-04  -0.87706225818839E+05
 0.15949622570717537E+00   0.61082173640461E-04  -0.80180890668377E+05
 0.17601760298725522E+00   0.94949178290611E-04  -0.69129699159885E+05
 0.19844630757820453E+00   0.13124684686428E-03  -0.57071722687139E+05
 0.22408587743479888E+00   0.17014962340302E-03  -0.46244362383777E+05
 0.24971029142630208E+00   0.21184447044981E-03  -0.37644878734109E+05
 0.27327159641599369E+00   0.25653176725507E-03  -0.31160956983182E+05
 0.29424330339315480E+00   0.30442627240692E-03  -0.26263145585565E+05
 0.31282704168402153E+00   0.35575815550320E-03  -0.22471815802769E+05
 0.32935097391103596E+00   0.41077410281323E-03  -0.19460061624378E+05
 0.34410468760246660E+00   0.46973850223137E-03  -0.17015386429186E+05
 0.35732798587160108E+00   0.53293471320370E-03  -0.14995850756546E+05
 0.36922008472033591E+00   0.60066642771546E-03  -0.13303168210616E+05
 0.37994782562363311E+00   0.67325912886222E-03  -0.11867122219301E+05
 0.38965200004538042E+00   0.75106165399386E-03  -0.10636210023893E+05
 0.39845224540307767E+00   0.83444786992019E-03  -0.95717951220407E+04
 0.40645087496502874E+00   0.92381846820159E-03  -0.86443235734804E+04
 0.41373590308212937E+00   0.10196028891215E-02  -0.78308015528711E+04
 0.42038345639074065E+00   0.11222613835509E-02  -0.71130694771657E+04
 0.42645971170145364E+00   0.12322872225722E-02  -0.64765939039739E+04
 0.43202246560702412E+00   0.13502090654347E-02  -0.59096046082677E+04
 0.43712241502662613E+00   0.14765934971652E-02  -0.54024670057779E+04
 0.44180420901250078E+00   0.16120477479678E-02  -0.49472182937949E+04
 0.44610731817481020E+00   0.17572226074079E-02  -0.45372195565753E+04
 0.45006675764690851E+00   0.19128155473023E-02  -0.41668913635257E+04
 0.45371369164875497E+00   0.20795740682274E-02  -0.38315103797454E+04
 0.45707594172667398E+00   0.22582992856177E-02  -0.35270511694609E+04
 0.46017841616415978E+00   0.24498497725618E-02  -0.32500618928216E+04
 0.46304347451801037E+00   0.26551456776172E-02  -0.29975657137328E+04
 0.46569123847950267E+00   0.28751731372654E-02  -0.27669819184480E+04
 0.46813985810249831E+00   0.31109890040199E-02  -0.25560622931960E+04
 0.47040574073904362E+00   0.33637259126873E-02  -0.23628394221446E+04
 0.47250374867339295E+00   0.36345977088734E-02  -0.21855843764733E+04
 0.47444737036849649E+00   0.39249052655295E-02  -0.20227718605333E+04
 0.47624886937498495E+00   0.42360427151559E-02  -0.18730513232160E+04
 0.47791941425581075E+00   0.45695041272231E-02  -0.17352228742683E+04
 0.47946919231483615E+00   0.49268906624595E-02  -0.16082170962333E+04
 0.48090750945758498E+00   0.53099182378730E-02  -0.14910780342089E+04
 0.48224287813595901E+00   0.57204257387563E-02  -0.13829487929259E+04
 0.48348309501939751E+00   0.61603838164655E-02  -0.12830592848120E+04
 0.48463530977972841E+00   0.66319043134761E-02  -0.11907157618084E+04
 0.48570608616549593E+00   0.71372503601200E-02  -0.11052918337070E+04
 0.48670145636571549E+00   0.76788471905016E-02  -0.10262207311266E+04
 0.48762696951622275E+00   0.82592937283951E-02  -0.95298861526839E+03
 0.48848773507885523E+00   0.88813749974526E-02  -0.88512877180318E+03
 0.48928846172038354E+00   0.95480754138094E-02  -0.82221655456717E+03
 0.49003349223100034E+00   0.10262593023187E-01  -0.76386496763388E+03
 0.49072683494849395E+00   0.11028354748868E-01  -0.70972079292799E+03
 0.49137219209174116E+00   0.11849032721462E-01  -0.65946118572431E+03
 0.49197298535397943E+00   0.12728561766261E-01  -0.61279067281632E+03
 0.49253237906095865E+00   0.13671158129094E-01  -0.56943849838097E+03
 0.49305330116028834E+00   0.14681339527142E-01  -0.52915627103176E+03
 0.49353846227502118E+00   0.15763946616981E-01  -0.49171587257558E+03
 0.49399037302593551E+00   0.16924165978315E-01  -0.45690759483815E+03
 0.49441135980234641E+00   0.18167554718499E-01  -0.42453847581003E+03
 0.49480357914002981E+00   0.19500066809896E-01  -0.39443081046277E+03
 0.49516903084645469E+00   0.20928081279553E-01  -0.36642081503078E+03
 0.49550956999760576E+00   0.22458432378533E-01  -0.34035742646034E+03
 0.49582691791685474E+00   0.24098441866553E-01  -0.31610122118554E+03
 0.49612267223434631E+00   0.25855953556357E-01  -0.29352343947452E+03
 0.49639831611491042E+00   0.27739370271550E-01  -0.27250510336103E+03
 0.49665522673342444E+00   0.29757693381404E-01  -0.25293621768502E+03
 0.49689468306860096E+00   0.31920565086455E-01  -0.23471504505495E+03
 0.49711787307924404E+00   0.34238313639551E-01  -0.21774744664704E+03
 0.49732590032092572E+00   0.36722001698414E-01  -0.20194628170409E+03
 0.49751979005568198E+00   0.39383478017693E-01  -0.18723085941130E+03
 0.49770049490258195E+00   0.42235432700963E-01  -0.17352643753288E+03
 0.49786890007278217E+00   0.45291456246181E-01  -0.16076376280658E+03
 0.49802582822883623E+00   0.48566102631601E-01  -0.14887864863334E+03
 0.49817204400449278E+00   0.52074956703276E-01  -0.13781158607715E+03
 0.49830825821787772E+00   0.55834706139791E-01  -0.12750738462249E+03
 0.49843513180773685E+00   0.59863218284852E-01  -0.11791483953233E+03
 0.49855327951921335E+00   0.64179622153785E-01  -0.10898642302171E+03
 0.49866327336237798E+00   0.68804395935657E-01  -0.10067799681884E+03
 0.49876564586333905E+00   0.73759460328728E-01  -0.92948544036056E+02
 0.49886089312418075E+00   0.79068278063012E-01  -0.85759918623479E+02
 0.49894947770418169E+00   0.84755959979821E-01  -0.79076611033919E+02
 0.49903183133074153E+00   0.90849378054143E-01  -0.72865529089333E+02
 0.49910835744423365E+00   0.97377285761297E-01  -0.67095793407011E+02
 0.49917943357668282E+00   0.10437044620442E+00  -0.61738547111828E+02
 0.49924541355988550E+00   0.11186176843355E+00  -0.56766779920600E+02
 0.49930662955451954E+00   0.11988645240026E+00  -0.52155167022354E+02
 0.49936339388820039E+00   0.12848214300340E+00  -0.47879923476154E+02
 0.49941600068761044E+00   0.13768909369134E+00  -0.43918675084555E+02
 0.49946472728811225E+00   0.14755034009334E+00  -0.40250346850721E+02
 0.49950983540401411E+00   0.15811188415740E+00  -0.36855070163226E+02
 0.49955157204431899E+00   0.16942288927237E+00  -0.33714109743628E+02
 0.49959017016286245E+00   0.18153588684917E+00  -0.30809811099665E+02
 0.49962584903898272E+00   0.19450699482699E+00  -0.28125568695164E+02
 0.49965881439659510E+00   0.20839614855590E+00  -0.25645814177600E+02
 0.49968925828821453E+00   0.22326734448556E+00  -0.23356022610561E+02
 0.49971735880063523E+00   0.23918889705942E+00  -0.21242732400700E+02
 0.49974327968806359E+00   0.25623370917446E+00  -0.19293570927563E+02
 0.49976717011610261E+00   0.27447955651526E+00  -0.17497272061635E+02
 0.49978916481068464E+00   0.29400938600797E+00  -0.15843663445448E+02
 0.49980938502753625E+00   0.31491162856155E+00  -0.14323592294541E+02
 0.49982794079835580E+00   0.33728052616913E+00  -0.12928755437878E+02
 0.49984493467644675E+00   0.36121647332923E+00  -0.11651416873452E+02
 0.49986046649757560E+00   0.38682637261280E+00  -0.10484049245133E+02
 0.49987463763624518E+00   0.41422400404472E+00  -0.94190134449113E+01
 0.49988755269836416E+00   0.44353040778554E+00  -0.84484310146407E+01
 0.49989931751969052E+00   0.47487427938818E+00  -0.75643342112189E+01
 0.49991003443462856E+00   0.50839237666158E+00  -0.67590211613718E+01
 0.49991979727146624E+00   0.54422993689737E+00  -0.60254315160817E+01
 0.49992868820151987E+00   0.58254110290335E+00  -0.53573827749829E+01
 0.49993677710698453E+00   0.62348935593563E+00  -0.47496173841915E+01
 0.49994412291587553E+00   0.66724795322943E+00  -0.41977020974991E+01
 0.49995077594913750E+00   0.71400036739287E+00  -0.36978513663488E+01
 0.49995678048255981E+00   0.76394072444865E+00  -0.32467346626585E+01
 0.49996217704229406E+00   0.81727423678444E+00  -0.28413038736667E+01
 0.49996700421411672E+00   0.87421762670440E+00  -0.24786572697210E+01
 0.49997129990889039E+00   0.93499953566278E+00  -0.21559443534946E+01
 0.49997510211325458E+00   0.99986091361083E+00  -0.18703093981332E+01
 0.49997844919651024E+00   0.10690553822024E+01  -0.16188683355017E+01
 0.49998137986293334E+00   0.11428495648913E+01  -0.13987122859014E+01
 0.49998393284437492E+00   0.12215233762238E+01  -0.12069306010079E+01
 0.49998614642595041E+00   0.13053702618907E+01  -0.10406464478564E+01
 0.49998805789010081E+00   0.13946973803820E+01  -0.89705852737690E+00
 0.49998970295261580E+00   0.14898257163832E+01  -0.77348340026845E+00
 0.49999111524949069E+00   0.15910901154124E+01  -0.66739399815999E+00
 0.49999232591707993E+00   0.16988392286241E+01  -0.57645113113500E+00
 0.49999336329128002E+00   0.18134353562483E+01  -0.49852605854798E+00
 0.49999425273581016E+00   0.19352541778144E+01  -0.43171336697825E+00
 0.49999501659618106E+00   0.20646843571704E+01  -0.37433441092965E+00
 0.49999567426549663E+00   0.22021270103889E+01  -0.32493235669795E+00
 0.49999624234123768E+00   0.23479950249930E+01  -0.28226039511555E+00
 0.49999673484867430E+00   0.25027122195788E+01  -0.24526495187492E+00
 0.49999716350622508E+00   0.26667123339008E+01  -0.21306574899316E+00
 0.49999753801031199E+00   0.28404378408543E+01  -0.18493440339934E+00
 0.49999786632125343E+00   0.30243385735729E+01  -0.16027294869042E+00
 0.49999815493661315E+00   0.32188701630746E+01  -0.13859330010457E+00
 0.49999840914332122E+00   0.34244922845610E+01  -0.11949831457565E+00
 0.49999863324411331E+00   0.36416667135785E+01  -0.10266478048470E+00
 0.49999883075690410E+00   0.38708551967931E+01  -0.87828440710948E-01
 0.49999900458747387E+00   0.41125171460457E+01  -0.74771020635212E-01
 0.49999915717642096E+00   0.43671071685993E+01  -0.63309189243310E-01
 0.49999929062114506E+00   0.46350724509653E+01  -0.53285396030068E-01
 0.49999940677320964E+00   0.49168500183013E+01  -0.44560557306251E-01
 0.49999950731135612E+00   0.52128638959647E+01  -0.37008571590925E-01
 0.49999959379106140E+00   0.55235222042457E+01  -0.30512596900382E-01
 0.49999966767293202E+00   0.58492142214126E+01  -0.24962917857104E-01
 0.49999973033408340E+00   0.61903074538070E+01  -0.20256090856022E-01
 0.49999978306831794E+00   0.65471447546554E+01  -0.16294930611959E-01
 0.49999982708155283E+00   0.69200415353393E+01  -0.12988853565930E-01
 0.49999986348795206E+00   0.73092831139412E+01  -0.10254168370087E-01
 0.49999989330970135E+00   0.77151222458371E+01  -0.80140928085028E-02
 0.49999991748034084E+00   0.81377768798438E+01  -0.61985033603235E-02
 0.49999993684949789E+00   0.85774281809213E+01  -0.47435797579484E-02
 0.49999995218660326E+00   0.90342188566791E+01  -0.35915257402890E-02
 0.49999996418246118E+00   0.95082518200100E+01  -0.26904511902621E-02
 0.49999997344919489E+00   0.99995892142010E+01  -0.19943761151714E-02
 0.49999998052008543E+00   0.10508251820010E+02  -0.14632428507850E-02
 0.49999998585079874E+00   0.11034218856679E+02  -0.10628238413154E-02
 0.49999998982282745E+00   0.11577428180921E+02  -0.76446304691058E-03
 0.49999999274917206E+00   0.12137776879844E+02  -0.54464930687914E-03
 0.49999999488171121E+00   0.12715122245837E+02  -0.38446264435865E-03
 0.49999999641948495E+00   0.13309283113941E+02  -0.26895204827693E-03
 0.49999999751714147E+00   0.13920041535339E+02  -0.18650107390616E-03
 0.49999999829296304E+00   0.14547144754655E+02  -0.12822488023234E-03
 0.49999999883610252E+00   0.15190307453807E+02  -0.87426717107597E-04
 0.49999999921284033E+00   0.15849214221413E+02  -0.59127878621390E-04
 0.49999999947181950E+00   0.16523522204246E+02  -0.39674541689905E-04
 0.49999999964830266E+00   0.17212863895965E+02  -0.26417930822864E-04
 0.49999999999999989E+00   0.17916850018301E+02   0.15543122344752E-14
 0.50000000000000000E+00   0.18635072450965E+02   0.42743586448069E-14
 0.50000000000000000E+00   0.19367107168599E+02   0.48849813083507E-14
 0.50000000000000000E+00   0.20112517146046E+02   0.48849813083507E-14
 0.50000000000000000E+00   0.20870855196793E+02   0.47739590058882E-14
 0.50000000000000000E+00   0.21641666713578E+02   0.46074255521944E-14
 0.50000000000000000E+00   0.22424492284561E+02   0.44964032497319E-14
 0.50000000000000000E+00   0.23218870163075E+02   0.43298697960381E-14
 0.50000000000000000E+00   0.24024338573573E+02   0.41633363423443E-14
 0.50000000000000000E+00   0.24840437840854E+02   0.40523140398818E-14
 0.50000000000000000E+00   0.25666712333901E+02   0.39412917374193E-14
 0.50000000000000000E+00   0.26502712219579E+02   0.37747582837255E-14
 0.50000000000000000E+00   0.27347995024993E+02   0.36637359812630E-14
 0.50000000000000000E+00   0.28202127010389E+02   0.35527136788005E-14
 0.50000000000000000E+00   0.29064684357170E+02   0.34416913763380E-14
 0.50000000000000000E+00   0.29935254177814E+02   0.33306690738755E-14
 0.50000000000000000E+00   0.30813435356248E+02   0.32751579226442E-14
 0.50000000000000000E+00   0.31698839228624E+02   0.31641356201817E-14
 0.50000000000000000E+00   0.32591090115412E+02   0.30808688933348E-14
 0.50000000000000000E+00   0.33489825716383E+02   0.29976021664879E-14
 0.50000000000000000E+00   0.34394697380382E+02   0.29420910152567E-14
 0.50000000000000000E+00   0.35305370261891E+02   0.28033131371785E-14
 0.50000000000000000E+00   0.36221523376224E+02   0.27478019859473E-14
 0.50000000000000000E+00   0.37142849564891E+02   0.26922908347160E-14
 0.50000000000000000E+00   0.38069055382202E+02   0.26645352591004E-14
 0.50000000000000000E+00   0.38999860913611E+02   0.25812685322535E-14
 0.50000000000000000E+00   0.39934999535663E+02   0.25257573810222E-14
 0.50000000000000000E+00   0.40874217626704E+02   0.24702462297910E-14
