 0.25882490613774539E-01   0.97578195523695E-18  -0.68798551811749E+06
 0.26594861318959752E-01   0.29483069282768E-04  -0.66855109510680E+06
 0.28947234650162815E-01   0.61082173640461E-04  -0.61116973635566E+06
 0.33268654987860441E-01   0.94949178290611E-04  -0.52690350448361E+06
 0.39742107989963069E-01   0.13124684686428E-03  -0.43496038422575E+06
 0.48156074852114497E-01   0.17014962340302E-03  -0.35240066781454E+06
 0.57890441086374207E-01   0.21184447044981E-03  -0.28682856483846E+06
 0.68300339605982294E-01   0.25653176725507E-03  -0.23738769075223E+06
 0.79036059314446641E-01   0.30442627240692E-03  -0.20004097761737E+06
 0.89984942166436530E-01   0.35575815550320E-03  -0.17113124669375E+06
 0.10111191804023344E+00   0.41077410281323E-03  -0.14816583079867E+06
 0.11239299758724314E+00   0.46973850223137E-03  -0.12952443549224E+06
 0.12380377338250220E+00   0.53293471320370E-03  -0.11412476626137E+06
 0.13531868042412384E+00   0.60066642771546E-03  -0.10121738447963E+06
 0.14691118248837554E+00   0.67325912886222E-03  -0.90266885020786E+05
 0.15855401053573498E+00   0.75106165399386E-03  -0.80880556483043E+05
 0.17021941612625258E+00   0.83444786992019E-03  -0.72763793426352E+05
 0.18187943443073759E+00   0.92381846820159E-03  -0.65691245592305E+05
 0.19350615155238754E+00   0.10196028891215E-02  -0.59487584164108E+05
 0.20507197073716008E+00   0.11222613835509E-02  -0.54014341929287E+05
 0.21654987208466414E+00   0.12322872225722E-02  -0.49160701464117E+05
 0.22791366059752705E+00   0.13502090654347E-02  -0.44836915316464E+05
 0.23913819780526108E+00   0.14765934971652E-02  -0.40969520717766E+05
 0.25019961275157920E+00   0.16120477479678E-02  -0.37497802648328E+05
 0.26107548881243525E+00   0.17572226074079E-02  -0.34371141138951E+05
 0.27174502358290165E+00   0.19128155473023E-02  -0.31546995209541E+05
 0.28218915989765331E+00   0.20795740682274E-02  -0.28989352030113E+05
 0.29239068689513359E+00   0.22582992856177E-02  -0.26667520679450E+05
 0.30233431086374246E+00   0.24498497725618E-02  -0.24555184341257E+05
 0.31200669638754208E+00   0.26551456776172E-02  -0.22629648546341E+05
 0.32139647901197643E+00   0.28751731372654E-02  -0.20871239707403E+05
 0.33049425125617904E+00   0.31109890040199E-02  -0.19262820000690E+05
 0.33929252429340229E+00   0.33637259126873E-02  -0.17789393135464E+05
 0.34778566799759625E+00   0.36345977088734E-02  -0.16437781724396E+05
 0.35596983231097501E+00   0.39249052655295E-02  -0.15196361506321E+05
 0.36384285302897346E+00   0.42360427151559E-02  -0.14054841044086E+05
 0.37140414513409536E+00   0.45695041272231E-02  -0.13004078048754E+05
 0.37865458675103791E+00   0.49268906624595E-02  -0.12035925394910E+05
 0.38559639665645218E+00   0.53099182378730E-02  -0.11143101352200E+05
 0.39223300807325934E+00   0.57204257387563E-02  -0.10319079681734E+05
 0.39856894122706710E+00   0.61603838164655E-02  -0.95579961168264E+04
 0.40460967685581256E+00   0.66319043134761E-02  -0.88545684275391E+04
 0.41036153255681307E+00   0.71372503601200E-02  -0.82040278029912E+04
 0.41583154353982632E+00   0.76788471905016E-02  -0.76020597084490E+04
 0.42102734904048666E+00   0.82592937283951E-02  -0.70447527111489E+04
 0.42595708534371912E+00   0.88813749974526E-02  -0.65285540388442E+04
 0.43062928607775808E+00   0.95480754138094E-02  -0.60502308528160E+04
 0.43505279017110710E+00   0.10262593023187E-01  -0.56068363936653E+04
 0.43923665762091485E+00   0.11028354748868E-01  -0.51956803021616E+04
 0.44319009300495904E+00   0.11849032721462E-01  -0.48143025352951E+04
 0.44692237648383515E+00   0.12728561766261E-01  -0.44604503944397E+04
 0.45044280188882219E+00   0.13671158129094E-01  -0.41320582619331E+04
 0.45376062137958800E+00   0.14681339527142E-01  -0.38272297070942E+04
 0.45688499609235123E+00   0.15763946616981E-01  -0.35442216745423E+04
 0.45982495219512654E+00   0.16924165978315E-01  -0.32814305076124E+04
 0.46258934183879263E+00   0.18167554718499E-01  -0.30373795878662E+04
 0.46518680866182682E+00   0.19500066809896E-01  -0.28107083877782E+04
 0.46762575779297660E+00   0.20928081279553E-01  -0.26001627370612E+04
 0.46991433070467659E+00   0.22458432378533E-01  -0.24045860944106E+04
 0.47206038575626436E+00   0.24098441866553E-01  -0.22229116001425E+04
 0.47407148567999874E+00   0.25855953556357E-01  -0.20541546739730E+04
 0.47595489329136342E+00   0.27739370271550E-01  -0.18974059411130E+04
 0.47771757589814834E+00   0.29757693381404E-01  -0.17518243535408E+04
 0.47936621691454501E+00   0.31920565086455E-01  -0.16166305444805E+04
 0.48090723041082273E+00   0.34238313639551E-01  -0.14911006801572E+04
 0.48234677223646710E+00   0.36722001698414E-01  -0.13745612333362E+04
 0.48369074202606788E+00   0.39383478017693E-01  -0.12663850379929E+04
 0.48494477462873403E+00   0.42235432700963E-01  -0.11659886434995E+04
 0.48611422527215753E+00   0.45291456246181E-01  -0.10728305416727E+04
 0.48720415641227333E+00   0.48566102631601E-01  -0.98640958015571E+03
 0.48821933359967862E+00   0.52074956703276E-01  -0.90626295501854E+03
 0.48916423383117996E+00   0.55834706139791E-01  -0.83196349894841E+03
 0.49004306540171594E+00   0.59863218284852E-01  -0.76311633505585E+03
 0.49085979518663186E+00   0.64179622153785E-01  -0.69935520111106E+03
 0.49161817802426788E+00   0.68804395935657E-01  -0.64033883708289E+03
 0.49232178299618234E+00   0.73759460328728E-01  -0.58574781031230E+03
 0.49297401238453137E+00   0.79068278063012E-01  -0.53528207170407E+03
 0.49357811066434837E+00   0.84755959979821E-01  -0.48865941364307E+03
 0.49413716307843103E+00   0.90849378054143E-01  -0.44561483448334E+03
 0.49465408626369239E+00   0.97377285761297E-01  -0.40590059586306E+03
 0.49513161693113650E+00   0.10437044620442E+00  -0.36928649657332E+03
 0.49557230769570787E+00   0.11186176843355E+00  -0.33555966006614E+03
 0.49597853893616561E+00   0.11988645240026E+00  -0.30452315922433E+03
 0.49635254805701168E+00   0.12848214300340E+00  -0.27599338068655E+03
 0.49669646316632843E+00   0.13768909369134E+00  -0.24979712137725E+03
 0.49701231896666087E+00   0.14755034009334E+00  -0.22577009730265E+03
 0.49730204403083139E+00   0.15811188415740E+00  -0.20375766578425E+03
 0.49756743450776036E+00   0.16942288927237E+00  -0.18361659804655E+03
 0.49781014201109292E+00   0.18153588684917E+00  -0.16521579139774E+03
 0.49803169079512688E+00   0.19450699482699E+00  -0.14843478513680E+03
 0.49823351790784565E+00   0.20839614855590E+00  -0.13316056886234E+03
 0.49841701805645100E+00   0.22326734448556E+00  -0.11928406807158E+03
 0.49858357505355383E+00   0.23918889705942E+00  -0.10669767182824E+03
 0.49873456825085960E+00   0.25623370917446E+00  -0.95294667458085E+02
 0.49887135069135224E+00   0.27447955651526E+00  -0.84970818049544E+02
 0.49899520432336925E+00   0.29400938600797E+00  -0.75627671544401E+02
 0.49910728712291763E+00   0.31491162856155E+00  -0.67176478245490E+02
 0.49920859807498785E+00   0.33728052616913E+00  -0.59540762073234E+02
 0.49929999229867722E+00   0.36121647332923E+00  -0.52655119426244E+02
 0.49938225543596898E+00   0.38682637261280E+00  -0.46459568229099E+02
 0.49945617961802707E+00   0.41422400404472E+00  -0.40893796656919E+02
 0.49952255580925220E+00   0.44353040778554E+00  -0.35897718983922E+02
 0.49958209551375471E+00   0.47487427938818E+00  -0.31417347196328E+02
 0.49963537899231070E+00   0.50839237666158E+00  -0.27408662768940E+02
 0.49968287263427147E+00   0.54422993689737E+00  -0.23836286669965E+02
 0.49972498309457841E+00   0.58254110290335E+00  -0.20669390601504E+02
 0.49976210711843216E+00   0.62348935593563E+00  -0.17877939627134E+02
 0.49979465831178066E+00   0.66724795322943E+00  -0.15430672771981E+02
 0.49982306999619980E+00   0.71400036739287E+00  -0.13294883394871E+02
 0.49984778156809007E+00   0.76394072444865E+00  -0.11437439721363E+02
 0.49986921818806684E+00   0.81727423678444E+00  -0.98263063470326E+01
 0.49988777291241554E+00   0.87421762670440E+00  -0.84318820332501E+01
 0.49990379764793924E+00   0.93499953566278E+00  -0.72276746980261E+01
 0.49991760473267227E+00   0.99986091361083E+00  -0.61901786019063E+01
 0.49992947512418218E+00   0.10690553822024E+01  -0.52982559014103E+01
 0.49993966533070011E+00   0.11428495648913E+01  -0.45326134667403E+01
 0.49994840783104666E+00   0.12215233762238E+01  -0.38757694905443E+01
 0.49995590719679867E+00   0.13053702618907E+01  -0.33123433540751E+01
 0.49996233796808620E+00   0.13946973803820E+01  -0.28292140084894E+01
 0.49996784717339854E+00   0.14898257163832E+01  -0.24153297209627E+01
 0.49997255981724265E+00   0.15910901154124E+01  -0.20612951095221E+01
 0.49997658435110071E+00   0.16988392286241E+01  -0.17589596416760E+01
 0.49998001638080231E+00   0.18134353562483E+01  -0.15011387692243E+01
 0.49998294041052876E+00   0.19352541778144E+01  -0.12814826540812E+01
 0.49998543027937425E+00   0.20646843571704E+01  -0.10944431754167E+01
 0.49998754915036370E+00   0.22021270103889E+01  -0.93527460207175E+00
 0.49998934977591880E+00   0.23479950249930E+01  -0.80001353366123E+00
 0.49999087551602428E+00   0.25027122195788E+01  -0.68540232917494E+00
 0.49999216229148563E+00   0.26667123339008E+01  -0.58874231787413E+00
 0.49999324124757671E+00   0.28404378408543E+01  -0.50769366752164E+00
 0.49999414136345932E+00   0.30243385735729E+01  -0.44007934171925E+00
 0.49999489091439686E+00   0.32188701630746E+01  -0.38377524234750E+00
 0.49999551717419805E+00   0.34244922845610E+01  -0.33673254609810E+00
 0.49999604491971883E+00   0.36416667135785E+01  -0.29709002888250E+00
 0.49999649501049148E+00   0.38708551967931E+01  -0.26328074843164E+00
 0.49999688388769931E+00   0.41125171460457E+01  -0.23406967074964E+00
 0.49999722397049978E+00   0.43671071685993E+01  -0.20852389326767E+00
 0.49999752448567536E+00   0.46350724509653E+01  -0.18595032013229E+00
 0.49999779231866737E+00   0.49168500183013E+01  -0.16583173294265E+00
 0.49999803268997711E+00   0.52128638959647E+01  -0.14777598036556E+00
 0.49999824962483863E+00   0.55235222042457E+01  -0.13148069701643E+00
 0.49999844625814083E+00   0.58492142214126E+01  -0.11671039821914E+00
 0.49999862503223419E+00   0.61903074538070E+01  -0.10328162107237E+00
 0.49999878783543938E+00   0.65471447546554E+01  -0.91052519951713E-01
 0.49999893611264740E+00   0.69200415353393E+01  -0.79914558381748E-01
 0.49999907096451235E+00   0.73092831139412E+01  -0.69785057986737E-01
 0.49999919324091691E+00   0.77151222458371E+01  -0.60600177585590E-01
 0.49999930362780648E+00   0.81377768798438E+01  -0.52308390562899E-01
 0.49999940272340160E+00   0.85774281809213E+01  -0.44864760003666E-01
 0.49999949109932923E+00   0.90342188566791E+01  -0.38226346791885E-01
 0.49999956934348233E+00   0.95082518200100E+01  -0.32348990139239E-01
 0.49999963808368980E+00   0.99995892142010E+01  -0.27185529617112E-01
 0.49999969799385202E+00   0.10508251820010E+02  -0.22685344227978E-01
 0.49999974978644762E+00   0.11034218856679E+02  -0.18794915280916E-01
 0.49999979419667850E+00   0.11577428180921E+02  -0.15459017316452E-01
 0.49999983196365350E+00   0.12137776879844E+02  -0.12622131498538E-01
 0.49999986381290745E+00   0.12715122245837E+02  -0.10229758694377E-01
 0.49999989044264997E+00   0.13309283113941E+02  -0.82294523625119E-02
 0.49999991251417797E+00   0.13920041535339E+02  -0.65715387548382E-02
 0.49999993064556519E+00   0.14547144754655E+02  -0.52095908518028E-02
 0.49999994540738213E+00   0.15190307453807E+02  -0.41007499286136E-02
 0.49999995731957242E+00   0.15849214221413E+02  -0.32059601179912E-02
 0.49999996684924847E+00   0.16523522204246E+02  -0.24901340270653E-02
 0.49999997440960842E+00   0.17212863895965E+02  -0.19222340567344E-02
 0.49999998036027576E+00   0.17916850018301E+02  -0.14752469160331E-02
 0.49999998500918796E+00   0.18635072450965E+02  -0.11260417290897E-02
 0.49999998861590267E+00   0.19367107168599E+02  -0.85512168521396E-03
 0.49999999139598339E+00   0.20112517146046E+02  -0.64629465031629E-03
 0.49999999352603131E+00   0.20870855196793E+02  -0.48629512406251E-03
 0.49999999514894711E+00   0.21641666713578E+02  -0.36438905531133E-03
 0.49999999637907744E+00   0.22424492284561E+02  -0.27198725826327E-03
 0.49999999730700523E+00   0.23218870163075E+02  -0.20228553577617E-03
 0.49999999800384309E+00   0.24024338573573E+02  -0.14994223992781E-03
 0.49999999852496441E+00   0.24840437840854E+02  -0.11079797405955E-03
 0.49999999891316926E+00   0.25666712333901E+02  -0.81637785233735E-04
 0.49999999920131782E+00   0.26502712219579E+02  -0.59993385674417E-04
 0.49999999941448292E+00   0.27347995024993E+02  -0.43981375314139E-04
 0.49999999957168950E+00   0.28202127010389E+02  -0.32172745114245E-04
 0.49999999968729597E+00   0.29064684357170E+02  -0.23488903011071E-04
 0.50000000000000000E+00   0.29935254177814E+02   0.94981800202731E-11
 0.50000000000000000E+00   0.30813435356248E+02   0.92332808065976E-11
 0.50000000000000000E+00   0.31698839228624E+02   0.89774854217239E-11
 0.50000000000000000E+00   0.32591090115412E+02   0.87325702224916E-11
 0.50000000000000000E+00   0.33489825716383E+02   0.84985352089006E-11
 0.50000000000000000E+00   0.34394697380382E+02   0.82749362917411E-11
 0.50000000000000000E+00   0.35305370261891E+02   0.80615514264082E-11
 0.50000000000000000E+00   0.36221523376224E+02   0.78577144790870E-11
 0.50000000000000000E+00   0.37142849564891E+02   0.76629813605678E-11
 0.50000000000000000E+00   0.38069055382202E+02   0.74762418478258E-11
 0.50000000000000000E+00   0.38999860913611E+02   0.72977179854661E-11
 0.50000000000000000E+00   0.39934999535663E+02   0.71271877288837E-11
 0.50000000000000000E+00   0.40874217626704E+02   0.69630967658441E-11
