 0.30645370107377234E-01   0.97578195523695E-18  -0.57522214741267E+06
 0.31480094111608042E-01   0.29483069282768E-04  -0.55897371766013E+06
 0.34233203066473220E-01   0.61082173640461E-04  -0.51099935369031E+06
 0.39277680229200557E-01   0.94949178290611E-04  -0.44054754051611E+06
 0.46802647171133305E-01   0.13124684686428E-03  -0.36367739123605E+06
 0.56527072317314075E-01   0.17014962340302E-03  -0.29465239398338E+06
 0.67698944155638097E-01   0.21184447044981E-03  -0.23983013547727E+06
 0.79553818268073659E-01   0.25653176725507E-03  -0.19849461738468E+06
 0.91681003018955501E-01   0.30442627240692E-03  -0.16727058637275E+06
 0.10394696874656706E+00   0.35575815550320E-03  -0.14310040438125E+06
 0.11630821661769046E+00   0.41077410281323E-03  -0.12390004107081E+06
 0.12873473826358842E+00   0.46973850223137E-03  -0.10831482650608E+06
 0.14119699939117272E+00   0.53293471320370E-03  -0.95439893433844E+05
 0.15366516260370314E+00   0.60066642771546E-03  -0.84648663520185E+05
 0.16610933493173641E+00   0.67325912886222E-03  -0.75493504105193E+05
 0.17849985337529675E+00   0.75106165399386E-03  -0.67646083539628E+05
 0.19080756628167189E+00   0.83444786992019E-03  -0.60860092939889E+05
 0.20300410439051264E+00   0.92381846820159E-03  -0.54947125082643E+05
 0.21506213625148657E+00   0.10196028891215E-02  -0.49760593765554E+05
 0.22695560325911296E+00   0.11222613835509E-02  -0.45184731342020E+05
 0.23865993022220061E+00   0.12322872225722E-02  -0.41126887055436E+05
 0.25015220817577710E+00   0.13502090654347E-02  -0.37512025892749E+05
 0.26141134700736923E+00   0.14765934971652E-02  -0.34278727779101E+05
 0.27241819636951675E+00   0.16120477479678E-02  -0.31376230475715E+05
 0.28315563424649098E+00   0.17572226074079E-02  -0.28762211756039E+05
 0.29360862339959382E+00   0.19128155473023E-02  -0.26401103851520E+05
 0.30376423670087810E+00   0.20795740682274E-02  -0.24262796853713E+05
 0.31361165305476546E+00   0.22582992856177E-02  -0.22321630223068E+05
 0.32314212618291938E+00   0.24498497725618E-02  -0.20555600369348E+05
 0.33234892899930035E+00   0.26551456776172E-02  -0.18945732140811E+05
 0.34122727662587349E+00   0.28751731372654E-02  -0.17475575969773E+05
 0.34977423129769453E+00   0.31109890040199E-02  -0.16130802294190E+05
 0.35798859248693554E+00   0.33637259126873E-02  -0.14898871970274E+05
 0.36587077555096614E+00   0.36345977088734E-02  -0.13768766551522E+05
 0.37342268209471985E+00   0.39249052655295E-02  -0.12730766103790E+05
 0.38064756504887548E+00   0.42360427151559E-02  -0.11776265044638E+05
 0.38754989121989442E+00   0.45695041272231E-02  -0.10897618609070E+05
 0.39413520378237710E+00   0.49268906624595E-02  -0.10088014143476E+05
 0.40040998687400109E+00   0.53099182378730E-02  -0.93413626503163E+04
 0.40638153413227152E+00   0.57204257387563E-02  -0.86522069452007E+04
 0.41205782269214414E+00   0.61603838164655E-02  -0.80156435157391E+04
 0.41744739385377050E+00   0.66319043134761E-02  -0.74272557396343E+04
 0.42255924133739148E+00   0.71372503601200E-02  -0.68830565658895E+04
 0.42740270777287331E+00   0.76788471905016E-02  -0.63794391161096E+04
 0.43198738982770279E+00   0.82592937283951E-02  -0.59131339439238E+04
 0.43632305216092265E+00   0.88813749974526E-02  -0.54811719156289E+04
 0.44041955020158480E+00   0.95480754138094E-02  -0.50808518564765E+04
 0.44428676158789771E+00   0.10262593023187E-01  -0.47097122539804E+04
 0.44793452596563438E+00   0.11028354748868E-01  -0.43655064294196E+04
 0.45137259272948016E+00   0.11849032721462E-01  -0.40461806869460E+04
 0.45461057619665868E+00   0.12728561766261E-01  -0.37498550307056E+04
 0.45765791762646896E+00   0.13671158129094E-01  -0.34748061075103E+04
 0.46052385344098318E+00   0.14681339527142E-01  -0.32194520884294E+04
 0.46321738896073872E+00   0.15763946616981E-01  -0.29823392491746E+04
 0.46574727694587664E+00   0.16924165978315E-01  -0.27621300477423E+04
 0.46812200023085648E+00   0.18167554718499E-01  -0.25575925294138E+04
 0.47034975776529214E+00   0.19500066809896E-01  -0.23675909143889E+04
 0.47243845343377422E+00   0.20928081279553E-01  -0.21910772421028E+04
 0.47439568713710606E+00   0.22458432378533E-01  -0.20270839582208E+04
 0.47622874779351049E+00   0.24098441866553E-01  -0.18747173346290E+04
 0.47794460817904860E+00   0.25855953556357E-01  -0.17331516085099E+04
 0.47954992187979478E+00   0.27739370271550E-01  -0.16016237136699E+04
 0.48105102304756114E+00   0.29757693381404E-01  -0.14794284582151E+04
 0.48245393003101145E+00   0.31920565086455E-01  -0.13659139860663E+04
 0.48376435406081486E+00   0.34238313639551E-01  -0.12604773640818E+04
 0.48498771364072651E+00   0.36722001698414E-01  -0.11625601893218E+04
 0.48612915382530492E+00   0.39383478017693E-01  -0.10716442349231E+04
 0.48719356731745334E+00   0.42235432700963E-01  -0.98724733268013E+03
 0.48818561238103392E+00   0.45291456246181E-01  -0.90891983958574E+03
 0.48910972267103497E+00   0.48566102631601E-01  -0.83624202122186E+03
 0.48997010718966161E+00   0.52074956703276E-01  -0.76882243939120E+03
 0.49077074336936438E+00   0.55834706139791E-01  -0.70629706374628E+03
 0.49151536974691712E+00   0.59863218284852E-01  -0.64832857255409E+03
 0.49220748469417375E+00   0.64179622153785E-01  -0.59460532470031E+03
 0.49285035469875438E+00   0.68804395935657E-01  -0.54483972709403E+03
 0.49344703191004335E+00   0.73759460328728E-01  -0.49876601706656E+03
 0.49400037789721662E+00   0.79068278063012E-01  -0.45613768987712E+03
 0.49451308934931160E+00   0.84755959979821E-01  -0.41672488953291E+03
 0.49498772145547099E+00   0.90849378054143E-01  -0.38031207553470E+03
 0.49542670544658063E+00   0.97377285761297E-01  -0.34669621824363E+03
 0.49583235797534048E+00   0.10437044620442E+00  -0.31568568337376E+03
 0.49620688162248255E+00   0.11186176843355E+00  -0.28709984437164E+03
 0.49655235794096542E+00   0.11988645240026E+00  -0.26076930235054E+03
 0.49687073712285468E+00   0.12848214300340E+00  -0.23653639389364E+03
 0.49716383113611479E+00   0.13768909369134E+00  -0.21425546208844E+03
 0.49743331830980092E+00   0.14755034009334E+00  -0.19379228558291E+03
 0.49768076357287699E+00   0.15811188415740E+00  -0.17502235068172E+03
 0.49790764791318487E+00   0.16942288927237E+00  -0.15782845776375E+03
 0.49811538931253496E+00   0.18153588684917E+00  -0.14209900390141E+03
 0.49830533982417313E+00   0.19450699482699E+00  -0.12772809240099E+03
 0.49847876340387848E+00   0.20839614855590E+00  -0.11461710825372E+03
 0.49863681674209842E+00   0.22326734448556E+00  -0.10267607195625E+03
 0.49878055179379494E+00   0.23918889705942E+00  -0.91823362296255E+02
 0.49891094125117569E+00   0.25623370917446E+00  -0.81983720553890E+02
 0.49902891491051765E+00   0.27447955651526E+00  -0.73085448905542E+02
 0.49913539221788322E+00   0.29400938600797E+00  -0.65057911611049E+02
 0.49923130026590373E+00   0.31491162856155E+00  -0.57830143212889E+02
 0.49931757231103080E+00   0.33728052616913E+00  -0.51330930004248E+02
 0.49939512727772961E+00   0.36121647332923E+00  -0.45490325317047E+02
 0.49946483537166514E+00   0.38682637261280E+00  -0.40242210381106E+02
 0.49952747945699838E+00   0.41422400404472E+00  -0.35527173232407E+02
 0.49958372727374323E+00   0.44353040778554E+00  -0.31294572041862E+02
 0.49963413434768017E+00   0.47487427938818E+00  -0.27502291560929E+02
 0.49967918969984271E+00   0.50839237666158E+00  -0.24113285289086E+02
 0.49971937913989228E+00   0.54422993689737E+00  -0.21090802415260E+02
 0.49975520441721233E+00   0.58254110290335E+00  -0.18396940121722E+02
 0.49978713813411468E+00   0.62348935593563E+00  -0.15996027152218E+02
 0.49981557226071222E+00   0.66724795322943E+00  -0.13858486504328E+02
 0.49984081037148431E+00   0.71400036739287E+00  -0.11961410655838E+02
 0.49986309566573550E+00   0.76394072444865E+00  -0.10286448750133E+02
 0.49988264595919124E+00   0.81727423678444E+00  -0.88171723800341E+01
 0.49989967841520344E+00   0.87421762670440E+00  -0.75372144173507E+01
 0.49991442019920851E+00   0.93499953566278E+00  -0.64294666847103E+01
 0.49992710778516808E+00   0.99986091361083E+00  -0.54761306812340E+01
 0.49993797952827934E+00   0.10690553822024E+01  -0.46592742876464E+01
 0.49994726589223837E+00   0.11428495648913E+01  -0.39615646526906E+01
 0.49995518066395755E+00   0.12215233762238E+01  -0.33669269109962E+01
 0.49996191519412514E+00   0.13053702618907E+01  -0.28609756828641E+01
 0.49996763644223985E+00   0.13946973803820E+01  -0.24311609337378E+01
 0.49997248847201492E+00   0.14898257163832E+01  -0.20666548302471E+01
 0.49997659608821643E+00   0.15910901154124E+01  -0.17580779223049E+01
 0.49998006875451456E+00   0.16988392286241E+01  -0.14972043816595E+01
 0.49998300320003791E+00   0.18134353562483E+01  -0.12767658719031E+01
 0.49998548428442802E+00   0.19352541778144E+01  -0.10903863268765E+01
 0.49998758495505613E+00   0.20646843571704E+01  -0.93258498418134E+00
 0.49998936647675812E+00   0.22021270103889E+01  -0.79875899072126E+00
 0.49999087949660281E+00   0.23479950249930E+01  -0.68510331681585E+00
 0.49999216574681038E+00   0.25027122195788E+01  -0.58848276278648E+00
 0.49999325988603871E+00   0.26667123339008E+01  -0.50629359423109E+00
 0.49999419109093501E+00   0.28404378408543E+01  -0.43634395331473E+00
 0.49999498424514466E+00   0.30243385735729E+01  -0.37676451915323E+00
 0.49999566074714508E+00   0.32188701630746E+01  -0.32594780856505E+00
 0.49999623903483581E+00   0.34244922845610E+01  -0.28250875821396E+00
 0.49999673493375862E+00   0.36416667135785E+01  -0.24525855846074E+00
 0.49999716191367322E+00   0.38708551967931E+01  -0.21318537373918E+00
 0.49999753130875163E+00   0.41125171460457E+01  -0.18543779754830E+00
 0.49999785253115636E+00   0.43671071685993E+01  -0.16130880568741E+00
 0.49999813328972714E+00   0.46350724509653E+01  -0.14021932683499E+00
 0.49999837981458473E+00   0.49168500183013E+01  -0.12170136930687E+00
 0.49999859708294792E+00   0.52128638959647E+01  -0.10538105731548E+00
 0.49999878903941986E+00   0.55235222042457E+01  -0.90962083005717E-01
 0.49999895880389539E+00   0.58492142214126E+01  -0.78210088679160E-01
 0.49999910886102006E+00   0.61903074538070E+01  -0.66938434968765E-01
 0.49999924122625000E+00   0.65471447546554E+01  -0.56995726858597E-01
 0.49999935758483122E+00   0.69200415353393E+01  -0.48255373855944E-01
 0.49999945940149676E+00   0.73092831139412E+01  -0.40607349950801E-01
 0.49999954800045121E+00   0.77151222458371E+01  -0.33952185410710E-01
 0.49999962461730907E+00   0.81377768798438E+01  -0.28197065247080E-01
 0.49999969042687287E+00   0.85774281809213E+01  -0.23253742730526E-01
 0.49999974655255164E+00   0.90342188566791E+01  -0.19037831728227E-01
 0.49999979406432155E+00   0.95082518200100E+01  -0.15468959925509E-01
 0.49999983397190612E+00   0.99995892142010E+01  -0.12471281060398E-01
 0.49999986721825307E+00   0.10508251820010E+02  -0.99739648743897E-02
 0.49999989467587858E+00   0.11034218856679E+02  -0.79114716737889E-02
 0.49999991714620184E+00   0.11577428180921E+02  -0.62236023395483E-02
 0.49999993536052534E+00   0.12137776879844E+02  -0.48554246168653E-02
 0.49999994998118219E+00   0.12715122245837E+02  -0.37571869786062E-02
 0.49999996160215082E+00   0.13309283113941E+02  -0.28842724007654E-02
 0.49999997074938651E+00   0.13920041535339E+02  -0.21971734743880E-02
 0.49999997788163530E+00   0.14547144754655E+02  -0.16614312550414E-02
 0.49999998339245905E+00   0.15190307453807E+02  -0.12474831576723E-02
 0.49999998761381231E+00   0.15849214221413E+02  -0.93039423753538E-03
 0.49999999082107305E+00   0.16523522204246E+02  -0.68947936207397E-03
 0.49999999323911926E+00   0.17212863895965E+02  -0.50784669784321E-03
 0.49999999504893228E+00   0.17916850018301E+02  -0.37190174936219E-03
 0.49999999639423315E+00   0.18635072450965E+02  -0.27084885579942E-03
 0.49999999738777251E+00   0.19367107168599E+02  -0.19621868703590E-03
 0.49999999811702922E+00   0.20112517146046E+02  -0.14144023899254E-03
 0.49999999864918948E+00   0.20870855196793E+02  -0.10146676249123E-03
 0.49999999903537701E+00   0.21641666713578E+02  -0.72458103570927E-04
 0.49999999931415956E+00   0.22424492284561E+02  -0.51517235040599E-04
 0.49999999951440099E+00   0.23218870163075E+02  -0.36476001983754E-04
 0.49999999965754371E+00   0.24024338573573E+02  -0.25723771039488E-04
 0.49999999969931963E+00   0.24840437840854E+02  -0.22585748044257E-04
 0.50000000000000000E+00   0.25666712333901E+02   0.37416736375917E-11
 0.50000000000000000E+00   0.26502712219579E+02   0.36255443092159E-11
 0.50000000000000000E+00   0.27347995024993E+02   0.35142999621485E-11
 0.50000000000000000E+00   0.28202127010389E+02   0.34074965071795E-11
 0.50000000000000000E+00   0.29064684357170E+02   0.33071323457534E-11
 0.50000000000000000E+00   0.29935254177814E+02   0.32105429426110E-11
 0.50000000000000000E+00   0.30813435356248E+02   0.31190605653819E-11
 0.50000000000000000E+00   0.31698839228624E+02   0.30315749910415E-11
 0.50000000000000000E+00   0.32591090115412E+02   0.29487523534044E-11
 0.50000000000000000E+00   0.33489825716383E+02   0.28697044740511E-11
 0.50000000000000000E+00   0.34394697380382E+02   0.27942093083766E-11
 0.50000000000000000E+00   0.35305370261891E+02   0.27220448117760E-11
 0.50000000000000000E+00   0.36221523376224E+02   0.26532109842492E-11
 0.50000000000000000E+00   0.37142849564891E+02   0.25874857811914E-11
 0.50000000000000000E+00   0.38069055382202E+02   0.25246471579976E-11
 0.50000000000000000E+00   0.38999860913611E+02   0.24642510254580E-11
 0.50000000000000000E+00   0.39934999535663E+02   0.24067414727824E-11
 0.50000000000000000E+00   0.40874217626704E+02   0.23512303215512E-11
