 0.44598238339094258E-01   0.97578195523695E-18  -0.38350970907099E+06
 0.45775855978748392E-01   0.29483069282768E-04  -0.37267743833290E+06
 0.49646388597286394E-01   0.61082173640461E-04  -0.34069467566347E+06
 0.56684973564795571E-01   0.94949178290611E-04  -0.29372699405096E+06
 0.67058232588714475E-01   0.13124684686428E-03  -0.24248045466384E+06
 0.80244101851658964E-01   0.17014962340302E-03  -0.19646402601197E+06
 0.95095474896309332E-01   0.21184447044981E-03  -0.15991607794495E+06
 0.11051787016092549E+00   0.25653176725507E-03  -0.13235927488647E+06
 0.12594712995914498E+00   0.30442627240692E-03  -0.11154344794068E+06
 0.14120731928531643E+00   0.35575815550320E-03  -0.95430173816103E+05
 0.15624597953370783E+00   0.41077410281323E-03  -0.82630100866795E+05
 0.17103127035212434E+00   0.46973850223137E-03  -0.72240117460803E+05
 0.18553494145401575E+00   0.53293471320370E-03  -0.63656980075344E+05
 0.19973117744323263E+00   0.60066642771546E-03  -0.56462970855574E+05
 0.21359668868211376E+00   0.67325912886222E-03  -0.50359668822425E+05
 0.22711080645058343E+00   0.75106165399386E-03  -0.45128186806307E+05
 0.24025553828653018E+00   0.83444786992019E-03  -0.40604319314077E+05
 0.25301558453212269E+00   0.92381846820159E-03  -0.36662461816035E+05
 0.26537831856801464E+00   0.10196028891215E-02  -0.33204890336894E+05
 0.27733373389105320E+00   0.11222613835509E-02  -0.30154426491288E+05
 0.28887436169481012E+00   0.12322872225722E-02  -0.27449303048380E+05
 0.29999516295522172E+00   0.13502090654347E-02  -0.25039496506353E+05
 0.31069339920950984E+00   0.14765934971652E-02  -0.22884059891992E+05
 0.32096848625891816E+00   0.16120477479678E-02  -0.20949151360641E+05
 0.33082183494138390E+00   0.17572226074079E-02  -0.19206555647002E+05
 0.34025668292928896E+00   0.19128155473023E-02  -0.17632560361393E+05
 0.34927792123149970E+00   0.20795740682274E-02  -0.16207091589592E+05
 0.35789191873979076E+00   0.22582992856177E-02  -0.14913041563481E+05
 0.36610634777828993E+00   0.24498497725618E-02  -0.13735740379434E+05
 0.37393001320991365E+00   0.26551456776172E-02  -0.12662536989518E+05
 0.38137268724257301E+00   0.28751731372654E-02  -0.11682463964293E+05
 0.38844495167433823E+00   0.31109890040199E-02  -0.10785967107288E+05
 0.39515804893195450E+00   0.33637259126873E-02  -0.99646857316383E+04
 0.40152374289966219E+00   0.36345977088734E-02  -0.92112728495382E+04
 0.40755419021106487E+00   0.39249052655295E-02  -0.85192470547733E+04
 0.41326182238947140E+00   0.42360427151559E-02  -0.78828697576821E+04
 0.41865923897332247E+00   0.45695041272231E-02  -0.72970428411793E+04
 0.42375911155303442E+00   0.49268906624595E-02  -0.67572228729431E+04
 0.42857409847255801E+00   0.53099182378730E-02  -0.62593488227144E+04
 0.43311676981092900E+00   0.57204257387563E-02  -0.57997808596493E+04
 0.43739954215316956E+00   0.61603838164655E-02  -0.53752482897819E+04
 0.44143462258275817E+00   0.66319043134761E-02  -0.49828050722335E+04
 0.44523396127598247E+00   0.71372503601200E-02  -0.46197916502260E+04
 0.44880921204825530E+00   0.76788471905016E-02  -0.42838020680917E+04
 0.45217170019039371E+00   0.82592937283951E-02  -0.39726555324808E+04
 0.45533239693563166E+00   0.88813749974526E-02  -0.36843717255554E+04
 0.45830189991265374E+00   0.95480754138094E-02  -0.34171492982728E+04
 0.46109041896338043E+00   0.10262593023187E-01  -0.31693470691421E+04
 0.46370776673406888E+00   0.11028354748868E-01  -0.29394675329122E+04
 0.46616335348225291E+00   0.11849032721462E-01  -0.27261423482550E+04
 0.46846618557816111E+00   0.12728561766261E-01  -0.25281195265694E+04
 0.47062486721581254E+00   0.13671158129094E-01  -0.23442520878528E+04
 0.47264760488453372E+00   0.14681339527142E-01  -0.21734879859842E+04
 0.47454221418499176E+00   0.15763946616981E-01  -0.20148611361743E+04
 0.47631612860403860E+00   0.16924165978315E-01  -0.18674834029215E+04
 0.47797640988907164E+00   0.18167554718499E-01  -0.17305374284773E+04
 0.47952975968487660E+00   0.19500066809896E-01  -0.16032702002914E+04
 0.48098253211405823E+00   0.20928081279553E-01  -0.14849872717550E+04
 0.48234074699664092E+00   0.22458432378533E-01  -0.13750475642015E+04
 0.48361010341625466E+00   0.24098441866553E-01  -0.12728586898816E+04
 0.48479599335122958E+00   0.25855953556357E-01  -0.11778727456742E+04
 0.48590351510155599E+00   0.27739370271550E-01  -0.10895825357043E+04
 0.48693748626089772E+00   0.29757693381404E-01  -0.10075181877324E+04
 0.48790245601222348E+00   0.31920565086455E-01  -0.93124413293303E+03
 0.48880271657384494E+00   0.34238313639551E-01  -0.86035642106333E+03
 0.48964231370012962E+00   0.36722001698414E-01  -0.79448034239743E+03
 0.49042505626066563E+00   0.39383478017693E-01  -0.73326832331556E+03
 0.49115452509604041E+00   0.42235432700963E-01  -0.67639805324441E+03
 0.49183408158254560E+00   0.45291456246181E-01  -0.62357078649572E+03
 0.49246687661071986E+00   0.48566102631601E-01  -0.57450974519732E+03
 0.49305586091395148E+00   0.52074956703276E-01  -0.52895853514311E+03
 0.49360379769993756E+00   0.55834706139791E-01  -0.48667948825673E+03
 0.49411327808127170E+00   0.59863218284852E-01  -0.44745188299609E+03
 0.49458673867287045E+00   0.64179622153785E-01  -0.41107008211595E+03
 0.49502647911079517E+00   0.68804395935657E-01  -0.37734175080152E+03
 0.49543467601271007E+00   0.73759460328728E-01  -0.34608641117685E+03
 0.49581339028141819E+00   0.79068278063012E-01  -0.31713455817912E+03
 0.49616456712871598E+00   0.84755959979821E-01  -0.29032737228824E+03
 0.49649003154409832E+00   0.90849378054143E-01  -0.26551681151026E+03
 0.49679148395319644E+00   0.97377285761297E-01  -0.24256571540822E+03
 0.49707050029851668E+00   0.10437044620442E+00  -0.22134759733569E+03
 0.49732853844571662E+00   0.11186176843355E+00  -0.20174598065719E+03
 0.49756695029754727E+00   0.11988645240026E+00  -0.18365332647139E+03
 0.49778699738812821E+00   0.12848214300340E+00  -0.16696972123689E+03
 0.49798986719622718E+00   0.13768909369134E+00  -0.15160153155201E+03
 0.49817668760950284E+00   0.14755034009334E+00  -0.13746021741247E+03
 0.49834853751856317E+00   0.15811188415740E+00  -0.12446145319898E+03
 0.49850645221651829E+00   0.16942288927237E+00  -0.11252465284370E+03
 0.49865142308035626E+00   0.18153588684917E+00  -0.10157293545121E+03
 0.49878439196487534E+00   0.19450699482699E+00  -0.91533496206538E+02
 0.49890624194959232E+00   0.20839614855590E+00  -0.82338256932953E+02
 0.49901778762469895E+00   0.22326734448556E+00  -0.73924555037635E+02
 0.49911976977606759E+00   0.23918889705942E+00  -0.66235504438342E+02
 0.49921285998262610E+00   0.25623370917446E+00  -0.59219613886430E+02
 0.49929767766601030E+00   0.27447955651526E+00  -0.52829472841631E+02
 0.49937481359086600E+00   0.29400938600797E+00  -0.47019958092047E+02
 0.49944484474623163E+00   0.31491162856155E+00  -0.41747095302008E+02
 0.49950832850456639E+00   0.33728052616913E+00  -0.36968483961092E+02
 0.49956578130421569E+00   0.36121647332923E+00  -0.32644887745281E+02
 0.49961766019849085E+00   0.38682637261280E+00  -0.28741608742900E+02
 0.49966436042669854E+00   0.41422400404472E+00  -0.25228656900395E+02
 0.49970622850523516E+00   0.44353040778554E+00  -0.22079754194459E+02
 0.49974358255501816E+00   0.47487427938818E+00  -0.19270797440386E+02
 0.49977673169729619E+00   0.50839237666158E+00  -0.16778393751159E+02
 0.49980598967879086E+00   0.54422993689737E+00  -0.14578831690723E+02
 0.49983168106036641E+00   0.58254110290335E+00  -0.12647612486196E+02
 0.49985414041504450E+00   0.62348935593563E+00  -0.10959507128545E+02
 0.49987370615891924E+00   0.66724795322943E+00  -0.94890169592386E+01
 0.49989071115417766E+00   0.71400036739287E+00  -0.82110768428254E+01
 0.49990547228377974E+00   0.76394072444865E+00  -0.71018356635775E+01
 0.49991828096386359E+00   0.81727423678444E+00  -0.61393665140825E+01
 0.49992939617713228E+00   0.87421762670440E+00  -0.53041877258885E+01
 0.49993904118719251E+00   0.93499953566278E+00  -0.45795076753552E+01
 0.49994740462287335E+00   0.99986091361083E+00  -0.39511416457582E+01
 0.49995464587079735E+00   0.10690553822024E+01  -0.34071053955409E+01
 0.49996090333056592E+00   0.11428495648913E+01  -0.29369940183213E+01
 0.49996630233382466E+00   0.12215233762238E+01  -0.25313863474550E+01
 0.49997095911135514E+00   0.13053702618907E+01  -0.21815464588756E+01
 0.49997497975692839E+00   0.13946973803820E+01  -0.18795011543811E+01
 0.49997845688842885E+00   0.14898257163832E+01  -0.16182904920988E+01
 0.49998146770048246E+00   0.15910901154124E+01  -0.13921138274967E+01
 0.49998407487966640E+00   0.16988392286241E+01  -0.11962608631074E+01
 0.49998632948695881E+00   0.18134353562483E+01  -0.10268949711768E+01
 0.49998827426401743E+00   0.19352541778144E+01  -0.88080472486750E+00
 0.49998994634903304E+00   0.20646843571704E+01  -0.75519981627584E+00
 0.49999137907567304E+00   0.22021270103889E+01  -0.64757587401581E+00
 0.49999260294553860E+00   0.23479950249930E+01  -0.55564137919039E+00
 0.49999364601743024E+00   0.25027122195788E+01  -0.47728839792249E+00
 0.49999453396147320E+00   0.26667123339008E+01  -0.41058849466317E+00
 0.49999528997200748E+00   0.28404378408543E+01  -0.35379925879455E+00
 0.49999593466732306E+00   0.30243385735729E+01  -0.30537182276347E+00
 0.49999648604691072E+00   0.32188701630746E+01  -0.26395406279823E+00
 0.49999695953425388E+00   0.34244922845610E+01  -0.22838737631509E+00
 0.49999736810539402E+00   0.36416667135785E+01  -0.19769701844570E+00
 0.49999772248801633E+00   0.38708551967931E+01  -0.17107714287420E+00
 0.49999803140936411E+00   0.41125171460457E+01  -0.14787217624202E+00
 0.49999830187072214E+00   0.43671071685993E+01  -0.12755619755519E+00
 0.49999853942893496E+00   0.46350724509653E+01  -0.10971179005853E+00
 0.49999874846947823E+00   0.49168500183013E+01  -0.94009528026429E-01
 0.49999893245973509E+00   0.52128638959647E+01  -0.80188950882649E-01
 0.49999909417462396E+00   0.55235222042457E+01  -0.68041614440033E-01
 0.49999923588938988E+00   0.58492142214126E+01  -0.57396608851340E-01
 0.49999935953640134E+00   0.61903074538070E+01  -0.48108780435261E-01
 0.49999946682461616E+00   0.65471447546554E+01  -0.40049757752079E-01
 0.49999955932242474E+00   0.69200415353393E+01  -0.33101728644157E-01
 0.49999963850704710E+00   0.73092831139412E+01  -0.27153729645443E-01
 0.49999970578634378E+00   0.77151222458371E+01  -0.22100007607407E-01
 0.49999976250117562E+00   0.81377768798438E+01  -0.17839842307354E-01
 0.49999980991747206E+00   0.85774281809213E+01  -0.14278142271828E-01
 0.49999984921624296E+00   0.90342188566791E+01  -0.11326194944932E-01
 0.49999988148694297E+00   0.95082518200100E+01  -0.89021651067420E-02
 0.49999990772584746E+00   0.99995892142010E+01  -0.69312168636890E-02
 0.49999992883803690E+00   0.10508251820010E+02  -0.53453644813501E-02
 0.49999994564042471E+00   0.11034218856679E+02  -0.40832450554262E-02
 0.49999995886398579E+00   0.11577428180921E+02  -0.30899509678126E-02
 0.49999996915493172E+00   0.12137776879844E+02  -0.23169416934055E-02
 0.49999997707578020E+00   0.12715122245837E+02  -0.17219634474586E-02
 0.49999998310756133E+00   0.13309283113941E+02  -0.12688833822390E-02
 0.49999998765395193E+00   0.13920041535339E+02  -0.92737913906893E-03
 0.49999999104741949E+00   0.14547144754655E+02  -0.67247723480701E-03
 0.49999999355691721E+00   0.15190307453807E+02  -0.48397515685306E-03
 0.49999999539640688E+00   0.15849214221413E+02  -0.34580103955628E-03
 0.49999999673350337E+00   0.16523522204246E+02  -0.24536441950129E-03
 0.49999999769767584E+00   0.17212863895965E+02  -0.17294015091385E-03
 0.49999999838764642E+00   0.17916850018301E+02  -0.12111269900994E-03
 0.49999999887780233E+00   0.18635072450965E+02  -0.84294412638908E-04
 0.49999999922358201E+00   0.19367107168599E+02  -0.58320999589467E-04
 0.49999999946588158E+00   0.20112517146046E+02  -0.40120569846813E-04
 0.49999999963458003E+00   0.20870855196793E+02  -0.27448700795851E-04
 0.49999999969931963E+00   0.21641666713578E+02  -0.22585751282111E-04
 0.50000000000000000E+00   0.22424492284561E+02   0.60573768223549E-12
 0.50000000000000000E+00   0.23218870163075E+02   0.58664184621193E-12
 0.50000000000000000E+00   0.24024338573573E+02   0.56710192097853E-12
 0.50000000000000000E+00   0.24840437840854E+02   0.54867221876975E-12
 0.50000000000000000E+00   0.25666712333901E+02   0.53135273958560E-12
 0.50000000000000000E+00   0.26502712219579E+02   0.51492143882115E-12
 0.50000000000000000E+00   0.27347995024993E+02   0.49893422726655E-12
 0.50000000000000000E+00   0.28202127010389E+02   0.48383519413164E-12
 0.50000000000000000E+00   0.29064684357170E+02   0.46962433941644E-12
 0.50000000000000000E+00   0.29935254177814E+02   0.45563552930616E-12
 0.50000000000000000E+00   0.30813435356248E+02   0.44275694222051E-12
 0.50000000000000000E+00   0.31698839228624E+02   0.43032244434471E-12
 0.50000000000000000E+00   0.32591090115412E+02   0.41855408028368E-12
 0.50000000000000000E+00   0.33489825716383E+02   0.40745185003743E-12
 0.50000000000000000E+00   0.34394697380382E+02   0.39668268669857E-12
 0.50000000000000000E+00   0.35305370261891E+02   0.38646863487202E-12
 0.50000000000000000E+00   0.36221523376224E+02   0.37658764995285E-12
 0.50000000000000000E+00   0.37142849564891E+02   0.36726177654600E-12
 0.50000000000000000E+00   0.38069055382202E+02   0.35849101465146E-12
 0.50000000000000000E+00   0.38999860913611E+02   0.35005331966431E-12
 0.50000000000000000E+00   0.39934999535663E+02   0.34183766928209E-12
 0.50000000000000000E+00   0.40874217626704E+02   0.33373304120232E-12
