 0.25486402878531725E-01   0.97578195523695E-18  -0.69926128740996E+06
 0.26188477005363101E-01   0.29483069282768E-04  -0.67950826404337E+06
 0.28507080648914752E-01   0.61082173640461E-04  -0.62118619537893E+06
 0.32767386752762542E-01   0.94949178290611E-04  -0.53553850800318E+06
 0.39151527525544939E-01   0.13124684686428E-03  -0.44208807491735E+06
 0.47453421276727761E-01   0.17014962340302E-03  -0.35817487047726E+06
 0.57063789830616808E-01   0.21184447044981E-03  -0.29152776806810E+06
 0.67347814769577852E-01   0.25653176725507E-03  -0.24127634473716E+06
 0.77961013944965990E-01   0.30442627240692E-03  -0.20331735106370E+06
 0.88792579354844331E-01   0.35575815550320E-03  -0.17393365407611E+06
 0.99808238537769239E-01   0.41077410281323E-03  -0.15059172276184E+06
 0.11098460828917196E+00   0.46973850223137E-03  -0.13164470010731E+06
 0.12229782678600687E+00   0.53293471320370E-03  -0.11599254877780E+06
 0.13372281565024577E+00   0.60066642771546E-03  -0.10287354404391E+06
 0.14523345866047846E+00   0.67325912886222E-03  -0.91743503477594E+05
 0.15680283334730286E+00   0.75106165399386E-03  -0.82203277661627E+05
 0.16840345897809528E+00   0.83444786992019E-03  -0.73953431472506E+05
 0.18000755568847254E+00   0.92381846820159E-03  -0.66764920330754E+05
 0.19158730958832648E+00   0.10196028891215E-02  -0.60459541149195E+05
 0.20311513847713045E+00   0.11222613835509E-02  -0.54896556757163E+05
 0.21456395277683452E+00   0.12322872225722E-02  -0.49963333068907E+05
 0.22590740645795346E+00   0.13502090654347E-02  -0.45568651398513E+05
 0.23712013307732221E+00   0.14765934971652E-02  -0.41637844722868E+05
 0.24817796255034144E+00   0.16120477479678E-02  -0.38109202763035E+05
 0.25905811491912489E+00   0.17572226074079E-02  -0.34931275797786E+05
 0.26973936811956389E+00   0.19128155473023E-02  -0.32060825550864E+05
 0.28020219755915371E+00   0.20795740682274E-02  -0.29461248927203E+05
 0.29042888615648443E+00   0.22582992856177E-02  -0.27101351995860E+05
 0.30040360432634455E+00   0.24498497725618E-02  -0.24954386646952E+05
 0.31011246018821897E+00   0.26551456776172E-02  -0.22997286508247E+05
 0.31954352100190908E+00   0.28751731372654E-02  -0.21210055617899E+05
 0.32868680746936624E+00   0.31109890040199E-02  -0.19575275350990E+05
 0.33753426307034579E+00   0.33637259126873E-02  -0.18077703723463E+05
 0.34607970101171892E+00   0.36345977088734E-02  -0.16703947470299E+05
 0.35431873166309258E+00   0.39249052655295E-02  -0.15442191907572E+05
 0.36224867352751605E+00   0.42360427151559E-02  -0.14281977014589E+05
 0.36986845086289782E+00   0.45695041272231E-02  -0.13214010742309E+05
 0.37717848103854645E+00   0.49268906624595E-02  -0.12230012499136E+05
 0.38418055459558953E+00   0.53099182378730E-02  -0.11322581249543E+05
 0.39087771079507516E+00   0.57204257387563E-02  -0.10485083802907E+05
 0.39727411119873979E+00   0.61603838164655E-02  -0.97115597551950E+04
 0.40337491354981025E+00   0.66319043134761E-02  -0.89966402372407E+04
 0.40918614791870028E+00   0.71372503601200E-02  -0.83354781667649E+04
 0.41471459676348110E+00   0.76788471905016E-02  -0.77236881313233E+04
 0.41996768023813846E+00   0.82592937283951E-02  -0.71572943719142E+04
 0.42495334777168148E+00   0.88813749974526E-02  -0.66326856115314E+04
 0.42967997664516655E+00   0.95480754138094E-02  -0.61465756943303E+04
 0.43415627801725865E+00   0.10262593023187E-01  -0.56959691805996E+04
 0.43839121059654823E+00   0.11028354748868E-01  -0.52781311890544E+04
 0.44239390193440420E+00   0.11849032721462E-01  -0.48905608977166E+04
 0.44617357711960653E+00   0.12728561766261E-01  -0.45309682128502E+04
 0.44973949450010020E+00   0.13671158129094E-01  -0.41972531958209E+04
 0.45310088794445669E+00   0.14681339527142E-01  -0.38874879030423E+04
 0.45626691509539352E+00   0.15763946616981E-01  -0.35999003460758E+04
 0.45924661107355008E+00   0.16924165978315E-01  -0.33328603183571E+04
 0.46204884718008404E+00   0.18167554718499E-01  -0.30848668620126E+04
 0.46468229434354080E+00   0.19500066809896E-01  -0.28545371623382E+04
 0.46715539137826378E+00   0.20928081279553E-01  -0.26405966584089E+04
 0.46947631856320932E+00   0.22458432378533E-01  -0.24418701474255E+04
 0.47165297754154528E+00   0.24098441866553E-01  -0.22572736443251E+04
 0.47369297888598300E+00   0.25855953556357E-01  -0.20858067532721E+04
 0.47560363850210363E+00   0.27739370271550E-01  -0.19265453432906E+04
 0.47739198288799545E+00   0.29757693381404E-01  -0.17786344316526E+04
 0.47906476093593525E+00   0.31920565086455E-01  -0.16412813774409E+04
 0.48062845712755631E+00   0.34238313639551E-01  -0.15137497155275E+04
 0.48208929945837870E+00   0.36722001698414E-01  -0.13953540726851E+04
 0.48345325720187954E+00   0.39383478017693E-01  -0.12854564542201E+04
 0.48472602873017023E+00   0.42235432700963E-01  -0.11834637826003E+04
 0.48591302522993890E+00   0.45291456246181E-01  -0.10888261420038E+04
 0.48701935867393620E+00   0.48566102631601E-01  -0.10010350150954E+04
 0.48804984058355150E+00   0.52074956703276E-01  -0.91962097247860E+03
 0.48900899372888973E+00   0.55834706139791E-01  -0.84415063686640E+03
 0.48990107465170030E+00   0.59863218284852E-01  -0.77422307902735E+03
 0.49073010230802966E+00   0.64179622153785E-01  -0.70946599637370E+03
 0.49149988731663119E+00   0.68804395935657E-01  -0.64953207758839E+03
 0.49221405672529733E+00   0.73759460328728E-01  -0.59409591544942E+03
 0.49287607039449238E+00   0.79068278063012E-01  -0.54285173413831E+03
 0.49348922687673769E+00   0.84755959979821E-01  -0.49551206020898E+03
 0.49405665911298913E+00   0.90849378054143E-01  -0.45180728216533E+03
 0.49458132347131939E+00   0.97377285761297E-01  -0.41148580437936E+03
 0.49506598930557338E+00   0.10437044620442E+00  -0.37431423052283E+03
 0.49551323876187503E+00   0.11186176843355E+00  -0.34007682748871E+03
 0.49592548450599322E+00   0.11988645240026E+00  -0.30857368771120E+03
 0.49630500283313006E+00   0.12848214300340E+00  -0.27961779081826E+03
 0.49665396476624002E+00   0.13768909369134E+00  -0.25303229024094E+03
 0.49697444351492959E+00   0.14755034009334E+00  -0.22864965615844E+03
 0.49726839475328577E+00   0.15811188415740E+00  -0.20631291927573E+03
 0.49753763149571351E+00   0.16942288927237E+00  -0.18587734327757E+03
 0.49778382026306045E+00   0.18153588684917E+00  -0.16721050044971E+03
 0.49800850719383088E+00   0.19450699482699E+00  -0.15019010596801E+03
 0.49821316255382353E+00   0.20839614855590E+00  -0.13470049492775E+03
 0.49839922393897840E+00   0.22326734448556E+00  -0.12062923314148E+03
 0.49856812122709582E+00   0.23918889705942E+00  -0.10786513423735E+03
 0.49872127394480259E+00   0.25623370917446E+00  -0.96298376081798E+02
 0.49886006047345705E+00   0.27447955651526E+00  -0.85822748954204E+02
 0.49898576769570041E+00   0.29400938600797E+00  -0.76339379200660E+02
 0.49909954020208780E+00   0.31491162856155E+00  -0.67760484348605E+02
 0.49920235928491058E+00   0.33728052616913E+00  -0.60010884571681E+02
 0.49929508106827020E+00   0.36121647332923E+00  -0.53025067534952E+02
 0.49937852172741032E+00   0.38682637261280E+00  -0.46740723868331E+02
 0.49945350983726272E+00   0.41422400404472E+00  -0.41094776493598E+02
 0.49952084426528570E+00   0.44353040778554E+00  -0.36026528720246E+02
 0.49958121482605250E+00   0.47487427938818E+00  -0.31483611298636E+02
 0.49963517635591748E+00   0.50839237666158E+00  -0.27423906125965E+02
 0.49968318605416090E+00   0.54422993689737E+00  -0.23812714113177E+02
 0.49972566124597961E+00   0.58254110290335E+00  -0.20618394932507E+02
 0.49976302310391635E+00   0.62348935593563E+00  -0.17809069562217E+02
 0.49979571486112240E+00   0.66724795322943E+00  -0.15351244522492E+02
 0.49982419752600549E+00   0.71400036739287E+00  -0.13210128692602E+02
 0.49984893205873104E+00   0.76394072444865E+00  -0.11350967642544E+02
 0.49987035810308555E+00   0.81727423678444E+00  -0.97406364894163E+01
 0.49988887780789920E+00   0.87421762670440E+00  -0.83488502131723E+01
 0.49990484978109750E+00   0.93499953566278E+00  -0.71486129759359E+01
 0.49991859303172759E+00   0.99986091361083E+00  -0.61159177360971E+01
 0.49993039525001970E+00   0.10690553822024E+01  -0.52291208500945E+01
 0.49994051788741900E+00   0.11428495648913E+01  -0.44685579263604E+01
 0.49994919515541847E+00   0.12215233762238E+01  -0.38166171435209E+01
 0.49995663084170472E+00   0.13053702618907E+01  -0.32579769233682E+01
 0.49996299814304768E+00   0.13946973803820E+01  -0.27796172556629E+01
 0.49996844364744419E+00   0.14898257163832E+01  -0.23705195882970E+01
 0.49997309311426408E+00   0.15910901154124E+01  -0.20212319031472E+01
 0.49997705645659274E+00   0.16988392286241E+01  -0.17234939315675E+01
 0.49998043077935589E+00   0.18134353562483E+01  -0.14700085681675E+01
 0.49998330163670984E+00   0.19352541778144E+01  -0.12543471508302E+01
 0.49998574327304307E+00   0.20646843571704E+01  -0.10709311561403E+01
 0.49998781867379699E+00   0.22021270103889E+01  -0.91502822771204E+00
 0.49998958006682803E+00   0.23479950249930E+01  -0.78271439689489E+00
 0.49999107025941747E+00   0.25027122195788E+01  -0.67077356126724E+00
 0.49999232489082690E+00   0.26667123339008E+01  -0.57652821453335E+00
 0.49999337524383836E+00   0.28404378408543E+01  -0.49762820722136E+00
 0.49999425073138226E+00   0.30243385735729E+01  -0.43186392911387E+00
 0.49999497999988207E+00   0.32188701630746E+01  -0.37708340954851E+00
 0.49999559029196800E+00   0.34244922845610E+01  -0.33124017346835E+00
 0.49999610588517984E+00   0.36416667135785E+01  -0.29251050831742E+00
 0.49999654686763084E+00   0.38708551967931E+01  -0.25938542132772E+00
 0.49999692888885527E+00   0.41125171460457E+01  -0.23068934638037E+00
 0.49999726371126030E+00   0.43671071685993E+01  -0.20553871485171E+00
 0.49999756008092611E+00   0.46350724509653E+01  -0.18327654021504E+00
 0.49999782455427810E+00   0.49168500183013E+01  -0.16341031900606E+00
 0.49999806213073672E+00   0.52128638959647E+01  -0.14556450692467E+00
 0.49999827668334712E+00   0.55235222042457E+01  -0.12944817062152E+00
 0.49999847123669772E+00   0.58492142214126E+01  -0.11483411090258E+00
 0.49999864814901673E+00   0.61903074538070E+01  -0.10154518390487E+00
 0.49999880924294149E+00   0.65471447546554E+01  -0.89444477915372E-01
 0.49999895591297339E+00   0.69200415353393E+01  -0.78427241592399E-01
 0.49999908922354103E+00   0.73092831139412E+01  -0.68413517684773E-01
 0.49999921000171310E+00   0.77151222458371E+01  -0.59341178746109E-01
 0.49999931892279648E+00   0.81377768798438E+01  -0.51159497283833E-01
 0.49999941658455355E+00   0.85774281809213E+01  -0.43823570843837E-01
 0.49999950356567480E+00   0.90342188566791E+01  -0.37289929730898E-01
 0.49999958046563969E+00   0.95082518200100E+01  -0.31513542850136E-01
 0.49999964792545626E+00   0.99995892142010E+01  -0.26446259842023E-01
 0.49999970663133320E+00   0.10508251820010E+02  -0.22036535173950E-01
 0.49999975730548396E+00   0.11034218856679E+02  -0.18230118928075E-01
 0.49999980068944860E+00   0.11577428180921E+02  -0.14971309583100E-01
 0.49999983752524846E+00   0.12137776879844E+02  -0.12204369525870E-01
 0.49999986853841849E+00   0.12715122245837E+02  -0.98747996257611E-02
 0.49999989442498100E+00   0.13309283113941E+02  -0.79303176586150E-02
 0.49999991584251668E+00   0.13920041535339E+02  -0.63215290190985E-02
 0.49999993340430721E+00   0.14547144754655E+02  -0.50023666541126E-02
 0.49999994767530986E+00   0.15190307453807E+02  -0.39303934850876E-02
 0.49999995916918588E+00   0.15849214221413E+02  -0.30670255540395E-02
 0.49999996834624438E+00   0.16523522204246E+02  -0.23776864891834E-02
 0.49999997561255638E+00   0.17212863895965E+02  -0.18318740734933E-02
 0.49999998132053447E+00   0.17916850018301E+02  -0.14031166427912E-02
 0.49999998577107363E+00   0.18635072450965E+02  -0.10688123347236E-02
 0.49999998921707856E+00   0.19367107168599E+02  -0.80996408951073E-03
 0.49999999186801458E+00   0.20112517146046E+02  -0.61083780999072E-03
 0.49999999389504146E+00   0.20870855196793E+02  -0.45857675561933E-03
 0.49999999543631435E+00   0.21641666713578E+02  -0.34280333794268E-03
 0.49999999660212230E+00   0.22424492284561E+02  -0.25523313954512E-03
 0.49999999747963769E+00   0.23218870163075E+02  -0.18931816931467E-03
 0.49999999813714674E+00   0.24024338573573E+02  -0.13992907345850E-03
 0.49999999862771000E+00   0.24840437840854E+02  -0.10308019764560E-03
 0.49999999899225450E+00   0.25666712333901E+02  -0.75697267761132E-04
 0.49999999926213784E+00   0.26502712219579E+02  -0.55424849603636E-04
 0.49999999946123819E+00   0.27347995024993E+02  -0.40469342260874E-04
 0.49999999960763497E+00   0.28202127010389E+02  -0.29472681426057E-04
 0.49999999969931985E+00   0.29064684357170E+02  -0.22585741020098E-04
 0.50000000000000000E+00   0.29935254177814E+02   0.10579093157048E-10
 0.50000000000000000E+00   0.30813435356248E+02   0.10281997475658E-10
 0.50000000000000000E+00   0.31698839228624E+02   0.99964481137249E-11
 0.50000000000000000E+00   0.32591090115412E+02   0.97235552942720E-11
 0.50000000000000000E+00   0.33489825716383E+02   0.94626528834851E-11
 0.50000000000000000E+00   0.34394697380382E+02   0.92141849705740E-11
 0.50000000000000000E+00   0.35305370261891E+02   0.89765972433042E-11
 0.50000000000000000E+00   0.36221523376224E+02   0.87496676570709E-11
 0.50000000000000000E+00   0.37142849564891E+02   0.85325080334542E-11
 0.50000000000000000E+00   0.38069055382202E+02   0.83253404170591E-11
 0.50000000000000000E+00   0.38999860913611E+02   0.81266104956512E-11
 0.50000000000000000E+00   0.39934999535663E+02   0.79363182692305E-11
 0.50000000000000000E+00   0.40874217626704E+02   0.77537976039821E-11
