 0.31219897070300345E-01   0.97578195523695E-18  -0.56394541007281E+06
 0.32069197510806391E-01   0.29483069282768E-04  -0.54801557877637E+06
 0.34869979445581387E-01   0.61082173640461E-04  -0.50098190560612E+06
 0.40000204060969637E-01   0.94949178290611E-04  -0.43191152293923E+06
 0.47649229727834169E-01   0.13124684686428E-03  -0.35654865761638E+06
 0.57527147495955458E-01   0.17014962340302E-03  -0.28887711878264E+06
 0.68865867809311601E-01   0.21184447044981E-03  -0.23512983212709E+06
 0.80886706634459821E-01   0.25653176725507E-03  -0.19460483811962E+06
 0.93171875098730650E-01   0.30442627240692E-03  -0.16399306487303E+06
 0.10558551676576670E+00   0.35575815550320E-03  -0.14029682826146E+06
 0.11808327832368558E+00   0.41077410281323E-03  -0.12147296151047E+06
 0.13063459737836308E+00   0.46973850223137E-03  -0.10619335703377E+06
 0.14320950924940012E+00   0.53293471320370E-03  -0.93570890225429E+05
 0.15577786233942220E+00   0.60066642771546E-03  -0.82991268720052E+05
 0.16830956886865819E+00   0.67325912886222E-03  -0.74015637058963E+05
 0.18077489162716748E+00   0.75106165399386E-03  -0.66322101535203E+05
 0.19314472414044198E+00   0.83444786992019E-03  -0.59669182898163E+05
 0.20539085815082514E+00   0.92381846820159E-03  -0.53872168213981E+05
 0.21748623327580363E+00   0.10196028891215E-02  -0.48787345535062E+05
 0.22940516431306471E+00   0.11222613835509E-02  -0.44301217171000E+05
 0.24112354239269257E+00   0.12322872225722E-02  -0.40322949037034E+05
 0.25261900701029377E+00   0.13502090654347E-02  -0.36778977374018E+05
 0.26387108686588046E+00   0.14765934971652E-02  -0.33609086390795E+05
 0.27486130834414935E+00   0.16120477479678E-02  -0.30763509144854E+05
 0.28557327136305677E+00   0.17572226074079E-02  -0.28200753205475E+05
 0.29599269315510979E+00   0.19128155473023E-02  -0.25885948149770E+05
 0.30610742130050161E+00   0.20795740682274E-02  -0.23789574388432E+05
 0.31590741798088784E+00   0.22582992856177E-02  -0.21886474449023E+05
 0.32538471795221324E+00   0.24498497725618E-02  -0.20155076094243E+05
 0.33453336313685039E+00   0.26551456776172E-02  -0.18576776135149E+05
 0.34334931700843230E+00   0.28751731372654E-02  -0.17135447437047E+05
 0.35183036209223961E+00   0.31109890040199E-02  -0.15817041294196E+05
 0.35997598393966157E+00   0.33637259126873E-02  -0.14609264305754E+05
 0.36778724487069570E+00   0.36345977088734E-02  -0.13501313944549E+05
 0.37526665062948533E+00   0.39249052655295E-02  -0.12483660730134E+05
 0.38241801288166322E+00   0.42360427151559E-02  -0.11547867680904E+05
 0.38924631021588785E+00   0.45695041272231E-02  -0.10686439792502E+05
 0.39575755001190355E+00   0.49268906624595E-02  -0.98926978580349E+04
 0.40195863321867803E+00   0.53099182378730E-02  -0.91606721424549E+04
 0.40785722376180666E+00   0.57204257387563E-02  -0.84850123440771E+04
 0.41346162398032960E+00   0.61603838164655E-02  -0.78609109897017E+04
 0.41878065718806545E+00   0.66319043134761E-02  -0.72840379666980E+04
 0.42382355816995421E+00   0.71372503601200E-02  -0.67504843330374E+04
 0.42859987216406087E+00   0.76788471905016E-02  -0.62567138923946E+04
 0.43311936264731965E+00   0.82592937283951E-02  -0.57995212969221E+04
 0.43739192803867011E+00   0.88813749974526E-02  -0.53759956608971E+04
 0.44142752725657408E+00   0.95480754138094E-02  -0.49834888461381E+04
 0.44523611391762258E+00   0.10262593023187E-01  -0.46195877240799E+04
 0.44882757883703023E+00   0.11028354748868E-01  -0.42820898367676E+04
 0.45221170038787012E+00   0.11849032721462E-01  -0.39689819752607E+04
 0.45539810219153010E+00   0.12728561766261E-01  -0.36784212732868E+04
 0.45839621754485393E+00   0.13671158129094E-01  -0.34087184797616E+04
 0.46121525993819629E+00   0.14681339527142E-01  -0.31583231285371E+04
 0.46386419898241893E+00   0.15763946616981E-01  -0.29258103694137E+04
 0.46635174104226490E+00   0.16924165978315E-01  -0.27098692624723E+04
 0.46868631387089288E+00   0.18167554718499E-01  -0.25092923691420E+04
 0.47087605456033321E+00   0.19500066809896E-01  -0.23229664986718E+04
 0.47292880017308114E+00   0.20928081279553E-01  -0.21498644879608E+04
 0.47485208051273714E+00   0.22458432378533E-01  -0.19890379057158E+04
 0.47665311264240617E+00   0.24098441866553E-01  -0.18396105779352E+04
 0.47833879698673709E+00   0.25855953556357E-01  -0.17007728298108E+04
 0.47991571517021014E+00   0.27739370271550E-01  -0.15717763287044E+04
 0.48139013014013643E+00   0.29757693381404E-01  -0.14519293951569E+04
 0.48276798952713906E+00   0.31920565086455E-01  -0.13405926298408E+04
 0.48405493342699962E+00   0.34238313639551E-01  -0.12371746983799E+04
 0.48525630752698834E+00   0.36722001698414E-01  -0.11411281476461E+04
 0.48637718139035635E+00   0.39383478017693E-01  -0.10519452231886E+04
 0.48742236969930847E+00   0.42235432700963E-01  -0.96915382009313E+03
 0.48839645207297788E+00   0.45291456246181E-01  -0.89231386975479E+03
 0.48930378631155530E+00   0.48566102631601E-01  -0.82101451976486E+03
 0.49014851197506726E+00   0.52074956703276E-01  -0.75487229913849E+03
 0.49093454563192596E+00   0.55834706139791E-01  -0.69353011879074E+03
 0.49166557329173610E+00   0.59863218284852E-01  -0.63665664381550E+03
 0.49234504677651947E+00   0.64179622153785E-01  -0.58394549411477E+03
 0.49297618866135196E+00   0.68804395935657E-01  -0.53511390761096E+03
 0.49356200672515887E+00   0.73759460328728E-01  -0.48990079119261E+03
 0.49410531567846838E+00   0.79068278063012E-01  -0.44806432802984E+03
 0.49460876223719252E+00   0.84755959979821E-01  -0.40937943569560E+03
 0.49507484927298451E+00   0.90849378054143E-01  -0.37363539044097E+03
 0.49550595529967073E+00   0.97377285761297E-01  -0.34063388895917E+03
 0.49590434658556126E+00   0.10437044620442E+00  -0.31018773880588E+03
 0.49627218059893019E+00   0.11186176843355E+00  -0.28212026100238E+03
 0.49661150136439114E+00   0.11988645240026E+00  -0.25626534794838E+03
 0.49692422972450562E+00   0.12848214300340E+00  -0.23246793928389E+03
 0.49721215427476928E+00   0.13768909369134E+00  -0.21058447193327E+03
 0.49747693075507560E+00   0.14755034009334E+00  -0.19048271256095E+03
 0.49772009621024693E+00   0.15811188415740E+00  -0.17204049661781E+03
 0.49794309618674271E+00   0.16942288927237E+00  -0.15514350948846E+03
 0.49814731088034375E+00   0.18153588684917E+00  -0.13968317701069E+03
 0.49833406182196954E+00   0.19450699482699E+00  -0.12555605210471E+03
 0.49850459500958044E+00   0.20839614855590E+00  -0.11266499538837E+03
 0.49866005778246297E+00   0.22326734448556E+00  -0.10092083405577E+03
 0.49880149173580102E+00   0.23918889705942E+00  -0.90242814742380E+02
 0.49892984975952026E+00   0.25623370917446E+00  -0.80557245762615E+02
 0.49904602914292107E+00   0.27447955651526E+00  -0.71794941628323E+02
 0.49915090634712245E+00   0.29400938600797E+00  -0.63888556218348E+02
 0.49924536120075258E+00   0.31491162856155E+00  -0.56770724356494E+02
 0.49933028364405752E+00   0.33728052616913E+00  -0.50373525011602E+02
 0.49940656157523178E+00   0.36121647332923E+00  -0.44629370638653E+02
 0.49947505295839667E+00   0.38682637261280E+00  -0.39473081780466E+02
 0.49953654939025677E+00   0.41422400404472E+00  -0.34844603879435E+02
 0.49959174268024209E+00   0.44353040778554E+00  -0.30691496988405E+02
 0.49964121107554910E+00   0.47487427938818E+00  -0.26969948632855E+02
 0.49968544239682644E+00   0.50839237666158E+00  -0.23643013669911E+02
 0.49972489137514198E+00   0.54422993689737E+00  -0.20676287733987E+02
 0.49976002607782299E+00   0.58254110290335E+00  -0.18034407456784E+02
 0.49979131391765086E+00   0.62348935593563E+00  -0.15682096628338E+02
 0.49981916792880010E+00   0.66724795322943E+00  -0.13588198823337E+02
 0.49984391562603436E+00   0.71400036739287E+00  -0.11728010881788E+02
 0.49986581054890039E+00   0.76394072444865E+00  -0.10082408436177E+02
 0.49988506431412383E+00   0.81727423678444E+00  -0.86354321111464E+01
 0.49990187595604241E+00   0.87421762670440E+00  -0.73720795898837E+01
 0.49991644915278244E+00   0.93499953566278E+00  -0.62770093354148E+01
 0.49992899734626722E+00   0.99986091361083E+00  -0.53341545717038E+01
 0.49993974037672573E+00   0.10690553822024E+01  -0.45269749915338E+01
 0.49994889681634480E+00   0.11428495648913E+01  -0.38390315907578E+01
 0.49995667549228645E+00   0.12215233762238E+01  -0.32546223947727E+01
 0.49996326856701218E+00   0.13053702618907E+01  -0.27593012411313E+01
 0.49996884739042846E+00   0.13946973803820E+01  -0.23401884460257E+01
 0.49997356134631987E+00   0.14898257163832E+01  -0.19860566857051E+01
 0.49997753915831850E+00   0.15910901154124E+01  -0.16872322781571E+01
 0.49998089163000442E+00   0.16988392286241E+01  -0.14353888833140E+01
 0.49998371463866786E+00   0.18134353562483E+01  -0.12233222737318E+01
 0.49998609147002521E+00   0.19352541778144E+01  -0.10447747078046E+01
 0.49998809420051221E+00   0.20646843571704E+01  -0.89433091617361E+00
 0.49998978445408920E+00   0.22021270103889E+01  -0.76736112149804E+00
 0.49999121408961344E+00   0.23479950249930E+01  -0.65996930836759E+00
 0.49999242616722761E+00   0.25027122195788E+01  -0.56892056015399E+00
 0.49999345619746394E+00   0.26667123339008E+01  -0.49154717913385E+00
 0.49999433347737610E+00   0.28404378408543E+01  -0.42564828455203E+00
 0.49999508231350887E+00   0.30243385735729E+01  -0.36939792228581E+00
 0.49999572302337453E+00   0.32188701630746E+01  -0.32126982014665E+00
 0.49999627269907387E+00   0.34244922845610E+01  -0.27998001546229E+00
 0.49999674577005554E+00   0.36416667135785E+01  -0.24444457430049E+00
 0.49999715441884762E+00   0.38708551967931E+01  -0.21374835732214E+00
 0.49999750889904326E+00   0.41125171460457E+01  -0.18712112973918E+00
 0.49999781779218511E+00   0.43671071685993E+01  -0.16391826205165E+00
 0.49999808822727304E+00   0.46350724509653E+01  -0.14360423937484E+00
 0.49999832607660533E+00   0.49168500183013E+01  -0.12573794895546E+00
 0.49999853613509293E+00   0.52128638959647E+01  -0.10995920976210E+00
 0.49999872228632058E+00   0.55235222042457E+01  -0.95976297778009E-01
 0.49999888765650669E+00   0.58492142214126E+01  -0.83554380601750E-01
 0.49999903475628987E+00   0.61903074538070E+01  -0.72504866636653E-01
 0.49999916560947838E+00   0.65471447546554E+01  -0.62675733645323E-01
 0.49999928186737075E+00   0.69200415353393E+01  -0.53942941320116E-01
 0.49999938490701701E+00   0.73092831139412E+01  -0.46203050124878E-01
 0.49999947591196475E+00   0.77151222458371E+01  -0.39367155915849E-01
 0.49999955593467582E+00   0.81377768798438E+01  -0.33356201425943E-01
 0.49999962594088188E+00   0.85774281809213E+01  -0.28097644347066E-01
 0.49999968683750062E+00   0.90342188566791E+01  -0.23523360450102E-01
 0.49999973948704485E+00   0.95082518200100E+01  -0.19568561104582E-01
 0.49999978471239886E+00   0.99995892142010E+01  -0.16171434530876E-01
 0.49999982329606435E+00   0.10508251820010E+02  -0.13273202424637E-01
 0.49999985597739771E+00   0.11034218856679E+02  -0.10818327405945E-01
 0.49999988345013480E+00   0.11577428180921E+02  -0.87546990051495E-02
 0.49999990636106806E+00   0.12137776879844E+02  -0.70337329511032E-02
 0.49999992530965109E+00   0.12715122245837E+02  -0.56104009096862E-02
 0.49999994084785715E+00   0.13309283113941E+02  -0.44432410798878E-02
 0.49999995347979687E+00   0.13920041535339E+02  -0.34943868862354E-02
 0.49999996366107347E+00   0.14547144754655E+02  -0.27296154665786E-02
 0.49999997179825617E+00   0.15190307453807E+02  -0.21183871582369E-02
 0.49999997824899384E+00   0.15849214221413E+02  -0.16338369627618E-02
 0.49999998332316137E+00   0.16523522204246E+02  -0.12526884979294E-02
 0.49999998728516909E+00   0.17212863895965E+02  -0.95508043368664E-03
 0.49999999035731968E+00   0.17916850018301E+02  -0.72431441194754E-03
 0.49999999272392370E+00   0.18635072450965E+02  -0.54654585045011E-03
 0.49999999453583133E+00   0.19367107168599E+02  -0.41044356957931E-03
 0.49999999591505406E+00   0.20112517146046E+02  -0.30684261214864E-03
 0.49999999695921959E+00   0.20870855196793E+02  -0.22840963866866E-03
 0.49999999774568138E+00   0.21641666713578E+02  -0.16933419807108E-03
 0.49999999833518327E+00   0.22424492284561E+02  -0.12505349134129E-03
 0.49999999877503698E+00   0.23218870163075E+02  -0.92013678508529E-04
 0.49999999910181625E+00   0.24024338573573E+02  -0.67467505692864E-04
 0.49999999934359840E+00   0.24840437840854E+02  -0.49305924489484E-04
 0.49999999952180019E+00   0.25666712333901E+02  -0.35920213858454E-04
 0.49999999965266029E+00   0.26502712219579E+02  -0.26090600057760E-04
 0.49999999969931963E+00   0.27347995024993E+02  -0.22585748766790E-04
 0.50000000000000000E+00   0.28202127010389E+02   0.30500046932502E-11
 0.50000000000000000E+00   0.29064684357170E+02   0.29618529850950E-11
 0.50000000000000000E+00   0.29935254177814E+02   0.28765878568038E-11
 0.50000000000000000E+00   0.30813435356248E+02   0.27953195314012E-11
 0.50000000000000000E+00   0.31698839228624E+02   0.27171598304676E-11
 0.50000000000000000E+00   0.32591090115412E+02   0.26429969324226E-11
 0.50000000000000000E+00   0.33489825716383E+02   0.25721647034516E-11
 0.50000000000000000E+00   0.34394697380382E+02   0.25044410989494E-11
 0.50000000000000000E+00   0.35305370261891E+02   0.24398261189162E-11
 0.50000000000000000E+00   0.36221523376224E+02   0.23780977187471E-11
 0.50000000000000000E+00   0.37142849564891E+02   0.23190338538370E-11
 0.50000000000000000E+00   0.38069055382202E+02   0.22628565687910E-11
 0.50000000000000000E+00   0.38999860913611E+02   0.22088997297942E-11
 0.50000000000000000E+00   0.39934999535663E+02   0.21571633368467E-11
 0.50000000000000000E+00   0.40874217626704E+02   0.21074253453435E-11
