 0.40282588255406780E-01   0.97578195523695E-18  -0.42862050994822E+06
 0.41356620512217293E-01   0.29483069282768E-04  -0.41651385121305E+06
 0.44890494501211818E-01   0.61082173640461E-04  -0.38076838129971E+06
 0.51331829338402496E-01   0.94949178290611E-04  -0.32827505127126E+06
 0.60860243371357578E-01   0.13124684686428E-03  -0.27099946167335E+06
 0.73033420716904357E-01   0.17014962340302E-03  -0.21956928786574E+06
 0.86826934271076101E-01   0.21184447044981E-03  -0.17872153569894E+06
 0.10124445035872286E+00   0.25653176725507E-03  -0.14792271315469E+06
 0.11576481564996956E+00   0.30442627240692E-03  -0.12465792560208E+06
 0.13022189677708190E+00   0.35575815550320E-03  -0.10664893483910E+06
 0.14456327290505866E+00   0.41077410281323E-03  -0.92342935708311E+05
 0.15875505610093740E+00   0.46973850223137E-03  -0.80730567821159E+05
 0.17276604519474892E+00   0.53293471320370E-03  -0.71137617565740E+05
 0.18656672756410772E+00   0.60066642771546E-03  -0.63097223600806E+05
 0.20012946322309244E+00   0.67325912886222E-03  -0.56275856433897E+05
 0.21342867777430730E+00   0.75106165399386E-03  -0.50428877339096E+05
 0.22644101942236317E+00   0.83444786992019E-03  -0.45372762437880E+05
 0.23914547827340593E+00   0.92381846820159E-03  -0.40967130133016E+05
 0.25152346778045837E+00   0.10196028891215E-02  -0.37102759471758E+05
 0.26355886915915011E+00   0.11222613835509E-02  -0.33693392242137E+05
 0.27523804045218242E+00   0.12322872225722E-02  -0.30669994484930E+05
 0.28654979265105929E+00   0.13502090654347E-02  -0.27976657605530E+05
 0.29748533587095183E+00   0.14765934971652E-02  -0.25567617384947E+05
 0.30803819901284724E+00   0.16120477479678E-02  -0.23405050650461E+05
 0.31820412663615383E+00   0.17572226074079E-02  -0.21457422779896E+05
 0.32798095691181639E+00   0.19128155473023E-02  -0.19698231798139E+05
 0.33736848454311175E+00   0.20795740682274E-02  -0.18105042283767E+05
 0.34636831244498145E+00   0.22582992856177E-02  -0.16658733943190E+05
 0.35498369578187283E+00   0.24498497725618E-02  -0.15342911179441E+05
 0.36321938169862739E+00   0.26551456776172E-02  -0.14143434789465E+05
 0.37108144775890561E+00   0.28751731372654E-02  -0.13048047288466E+05
 0.37857714174997820E+00   0.31109890040199E-02  -0.12046070715489E+05
 0.38571472513859872E+00   0.33637259126873E-02  -0.11128161061244E+05
 0.39250332208516914E+00   0.36345977088734E-02  -0.10286107304141E+05
 0.39895277555492231E+00   0.39249052655295E-02  -0.95126658676614E+04
 0.40507351171535388E+00   0.42360427151559E-02  -0.88014234123251E+04
 0.41087641348594867E+00   0.45695041272231E-02  -0.81466824506049E+04
 0.41637270381446939E+00   0.49268906624595E-02  -0.75433654650400E+04
 0.42157383899663059E+00   0.53099182378730E-02  -0.69869341193842E+04
 0.42649141213408770E+00   0.57204257387563E-02  -0.64733208522542E+04
 0.43113706663905060E+00   0.61603838164655E-02  -0.59988706849171E+04
 0.43552241954108406E+00   0.66319043134761E-02  -0.55602914979802E+04
 0.43965899423051025E+00   0.71372503601200E-02  -0.51546113641600E+04
 0.44355816218044852E+00   0.76788471905016E-02  -0.47791417871279E+04
 0.44723109312266340E+00   0.82592937283951E-02  -0.44314459054771E+04
 0.45068871310767772E+00   0.88813749974526E-02  -0.41093108880981E+04
 0.45394166985354434E+00   0.95480754138094E-02  -0.38107238818015E+04
 0.45700030477695530E+00   0.10262593023187E-01  -0.35338509808686E+04
 0.45987463110172971E+00   0.11028354748868E-01  -0.32770187767322E+04
 0.46257431745022337E+00   0.11849032721462E-01  -0.30386981183842E+04
 0.46510867634011005E+00   0.12728561766261E-01  -0.28174897736360E+04
 0.46748665702988956E+00   0.13671158129094E-01  -0.26121117306013E+04
 0.46971684217931603E+00   0.14681339527142E-01  -0.24213879197432E+04
 0.47180744781402917E+00   0.15763946616981E-01  -0.22442381711451E+04
 0.47376632610573088E+00   0.16924165978315E-01  -0.20796692505784E+04
 0.47560097049951822E+00   0.18167554718499E-01  -0.19267668424582E+04
 0.47731852273824382E+00   0.19500066809896E-01  -0.17846883686509E+04
 0.47892578135050584E+00   0.20928081279553E-01  -0.16526565499190E+04
 0.48042921118541748E+00   0.22458432378533E-01  -0.15299536319354E+04
 0.48183495359605522E+00   0.24098441866553E-01  -0.14159162105118E+04
 0.48314883689828614E+00   0.25855953556357E-01  -0.13099306010116E+04
 0.48437638676818429E+00   0.27739370271550E-01  -0.12114287047038E+04
 0.48552283629759230E+00   0.29757693381404E-01  -0.11198843296966E+04
 0.48659313551462191E+00   0.31920565086455E-01  -0.10348099254299E+04
 0.48759196030789037E+00   0.34238313639551E-01  -0.95575368663307E+03
 0.48852372088440943E+00   0.36722001698414E-01  -0.88229697426490E+03
 0.48939257014830106E+00   0.39383478017693E-01  -0.81405198687224E+03
 0.49020241269206422E+00   0.42235432700963E-01  -0.75065959768052E+03
 0.49095691536601316E+00   0.45291456246181E-01  -0.69178725667610E+03
 0.49165952045843353E+00   0.48566102631601E-01  -0.63712685653341E+03
 0.49231346210451332E+00   0.52074956703276E-01  -0.58639249729694E+03
 0.49292178540717407E+00   0.55834706139791E-01  -0.53931817494703E+03
 0.49348736602667331E+00   0.59863218284852E-01  -0.49565555254886E+03
 0.49401292651918854E+00   0.64179622153785E-01  -0.45517208468211E+03
 0.49450104581891552E+00   0.68804395935657E-01  -0.41764975452915E+03
 0.49495416067820164E+00   0.73759460328728E-01  -0.38288449634740E+03
 0.49537456154373366E+00   0.79068278063012E-01  -0.35068609796850E+03
 0.49576438790209187E+00   0.84755959979821E-01  -0.32087818831817E+03
 0.49612562798943471E+00   0.90849378054143E-01  -0.29329793198540E+03
 0.49646012540676859E+00   0.97377285761297E-01  -0.26779523663909E+03
 0.49676959233237539E+00   0.10437044620442E+00  -0.24423149721169E+03
 0.49705562703172895E+00   0.11186176843355E+00  -0.22247805089446E+03
 0.49731973257103035E+00   0.11988645240026E+00  -0.20241457510602E+03
 0.49756333373010370E+00   0.12848214300340E+00  -0.18392765185825E+03
 0.49778778967280596E+00   0.13768909369134E+00  -0.16690967816456E+03
 0.49799440072628026E+00   0.14755034009334E+00  -0.15125824175529E+03
 0.49818440858708152E+00   0.15811188415740E+00  -0.13687600858513E+03
 0.49835899047530702E+00   0.16942288927237E+00  -0.12367107851513E+03
 0.49851924931294417E+00   0.18153588684917E+00  -0.11155764927153E+03
 0.49866620394255545E+00   0.19450699482699E+00  -0.10045668378281E+03
 0.49880078527132921E+00   0.20839614855590E+00  -0.90296136626592E+02
 0.49892384430526510E+00   0.22326734448556E+00  -0.81010290965587E+02
 0.49903617325958666E+00   0.23918889705942E+00  -0.72538118713336E+02
 0.49913853049165968E+00   0.25623370917446E+00  -0.64821362892243E+02
 0.49923165208722403E+00   0.27447955651526E+00  -0.57803634619702E+02
 0.49931624059360685E+00   0.29400938600797E+00  -0.51431236509152E+02
 0.49939294133681700E+00   0.31491162856155E+00  -0.45654922037912E+02
 0.49946232680725783E+00   0.33728052616913E+00  -0.40431047356678E+02
 0.49952490029778696E+00   0.36121647332923E+00  -0.35721275695405E+02
 0.49958111535573707E+00   0.38682637261280E+00  -0.31491095615078E+02
 0.49963140087585561E+00   0.41422400404472E+00  -0.27707919524307E+02
 0.49967618280034370E+00   0.44353040778554E+00  -0.24339441431821E+02
 0.49971589730730348E+00   0.47487427938818E+00  -0.21352637539665E+02
 0.49975099395145833E+00   0.50839237666158E+00  -0.18713523796474E+02
 0.49978192970922514E+00   0.54422993689737E+00  -0.16387597811955E+02
 0.49980915639897572E+00   0.58254110290335E+00  -0.14340778843089E+02
 0.49983310474983828E+00   0.62348935593563E+00  -0.12540599658521E+02
 0.49985416872303162E+00   0.66724795322943E+00  -0.10957379516541E+02
 0.49987269379359989E+00   0.71400036739287E+00  -0.95650998284278E+01
 0.49988897285443507E+00   0.76394072444865E+00  -0.83417075808281E+01
 0.49990325253280610E+00   0.81727423678444E+00  -0.72686370833362E+01
 0.49991574911191039E+00   0.87421762670440E+00  -0.63296108837878E+01
 0.49992666618992881E+00   0.93499953566278E+00  -0.55093110177748E+01
 0.49993620198848865E+00   0.99986091361083E+00  -0.47928286171226E+01
 0.49994454222166446E+00   0.10690553822024E+01  -0.41661987040084E+01
 0.49995184818177829E+00   0.11428495648913E+01  -0.36172944011850E+01
 0.49995825157303320E+00   0.12215233762238E+01  -0.31362142177579E+01
 0.49996385818643874E+00   0.13053702618907E+01  -0.27150052511800E+01
 0.49996875568481686E+00   0.13946973803820E+01  -0.23470778159571E+01
 0.49997302080957307E+00   0.14898257163832E+01  -0.20266636917294E+01
 0.49997672395083914E+00   0.15910901154124E+01  -0.17484725664484E+01
 0.49997993101620014E+00   0.16988392286241E+01  -0.15075514870928E+01
 0.49998270338918105E+00   0.18134353562483E+01  -0.12992878479692E+01
 0.49998509692638221E+00   0.19352541778144E+01  -0.11194846177025E+01
 0.49998716080568539E+00   0.20646843571704E+01  -0.96444676952968E+00
 0.49998893682902268E+00   0.22021270103889E+01  -0.83103357943926E+00
 0.49999045959570415E+00   0.23479950249930E+01  -0.71664554406878E+00
 0.49999175778254812E+00   0.25027122195788E+01  -0.61912817218403E+00
 0.49999285645899538E+00   0.26667123339008E+01  -0.53659804444011E+00
 0.49999377977900739E+00   0.28404378408543E+01  -0.46724058205549E+00
 0.49999455277254456E+00   0.30243385735729E+01  -0.40917546096710E+00
 0.49999520115283363E+00   0.32188701630746E+01  -0.36047107837762E+00
 0.49999574941411645E+00   0.34244922845610E+01  -0.31928743379916E+00
 0.49999621872526478E+00   0.36416667135785E+01  -0.28403434407316E+00
 0.49999662588534921E+00   0.38708551967931E+01  -0.25344988879079E+00
 0.49999698349120125E+00   0.41125171460457E+01  -0.22658781690049E+00
 0.49999730076780707E+00   0.43671071685993E+01  -0.20275516582043E+00
 0.49999758450815673E+00   0.46350724509653E+01  -0.18144166052302E+00
 0.49999783983785845E+00   0.49168500183013E+01  -0.16226227666501E+00
 0.49999807073987745E+00   0.52128638959647E+01  -0.14491782310945E+00
 0.49999828037904842E+00   0.55235222042457E+01  -0.12917056514553E+00
 0.49999847129284447E+00   0.58492142214126E+01  -0.11482989410244E+00
 0.49999864550724965E+00   0.61903074538070E+01  -0.10174362321617E+00
 0.49999880461889346E+00   0.65471447546554E+01  -0.89791817729104E-01
 0.49999894986735327E+00   0.69200415353393E+01  -0.78881363656987E-01
 0.49999908220814021E+00   0.73092831139412E+01  -0.68940485257107E-01
 0.49999920238790330E+00   0.77151222458371E+01  -0.59913095932413E-01
 0.49999931101828166E+00   0.81377768798438E+01  -0.51753250683512E-01
 0.49999940864278358E+00   0.85774281809213E+01  -0.44420122409847E-01
 0.49999949579123565E+00   0.90342188566791E+01  -0.37873911885802E-01
 0.49999957301798742E+00   0.95082518200100E+01  -0.32072977998427E-01
 0.49999964092251103E+00   0.99995892142010E+01  -0.26972290378378E-01
 0.49999970015369372E+00   0.10508251820010E+02  -0.22523106913841E-01
 0.49999975140139918E+00   0.11034218856679E+02  -0.18673607662903E-01
 0.49999979538025241E+00   0.11577428180921E+02  -0.15370112829817E-01
 0.49999983281077109E+00   0.12137776879844E+02  -0.12558500082516E-01
 0.49999986440192512E+00   0.12715122245837E+02  -0.10185514551304E-01
 0.49999989083739194E+00   0.13309283113941E+02  -0.81998013085691E-02
 0.49999991276589462E+00   0.13920041535339E+02  -0.65526310779367E-02
 0.49999993079475713E+00   0.14547144754655E+02  -0.51983843491752E-02
 0.49999994548546267E+00   0.15190307453807E+02  -0.40948849613840E-02
 0.49999995735037556E+00   0.15849214221413E+02  -0.32036463967695E-02
 0.49999996685039122E+00   0.16523522204246E+02  -0.24900482441499E-02
 0.49999997439371491E+00   0.17212863895965E+02  -0.19234279476437E-02
 0.49999998033605914E+00   0.17916850018301E+02  -0.14770659906551E-02
 0.49999998498238363E+00   0.18635072450965E+02  -0.11280551738824E-02
 0.49999998859004924E+00   0.19367107168599E+02  -0.85706369857941E-03
 0.49999999137305495E+00   0.20112517146046E+02  -0.64801693742433E-03
 0.49999999350693292E+00   0.20870855196793E+02  -0.48772970967037E-03
 0.49999999513388910E+00   0.21641666713578E+02  -0.36552015203872E-03
 0.49999999636784853E+00   0.22424492284561E+02  -0.27283071625206E-03
 0.49999999729916600E+00   0.23218870163075E+02  -0.20287437831512E-03
 0.49999999799885519E+00   0.24024338573573E+02  -0.15031690265621E-03
 0.49999999852227411E+00   0.24840437840854E+02  -0.11100005273135E-03
 0.49999999891225688E+00   0.25666712333901E+02  -0.81706311013896E-04
 0.49999999920172411E+00   0.26502712219579E+02  -0.59962855738727E-04
 0.49999999941581980E+00   0.27347995024993E+02  -0.43880952425246E-04
 0.49999999957364027E+00   0.28202127010389E+02  -0.32026195901258E-04
 0.49999999968961156E+00   0.29064684357170E+02  -0.23314968542909E-04
 0.49999999999999989E+00   0.29935254177814E+02   0.72786221494425E-12
 0.50000000000000000E+00   0.30813435356248E+02   0.71276318180935E-12
 0.50000000000000000E+00   0.31698839228624E+02   0.69477756881042E-12
 0.50000000000000000E+00   0.32591090115412E+02   0.67634786660165E-12
 0.50000000000000000E+00   0.33489825716383E+02   0.65858429820764E-12
 0.50000000000000000E+00   0.34394697380382E+02   0.64170890823334E-12
 0.50000000000000000E+00   0.35305370261891E+02   0.62505556286396E-12
 0.50000000000000000E+00   0.36221523376224E+02   0.60951244051921E-12
 0.50000000000000000E+00   0.37142849564891E+02   0.59485749659416E-12
 0.50000000000000000E+00   0.38069055382202E+02   0.58031357497157E-12
 0.50000000000000000E+00   0.38999860913611E+02   0.56643578716375E-12
 0.50000000000000000E+00   0.39934999535663E+02   0.55311311086825E-12
 0.50000000000000000E+00   0.40874217626704E+02   0.54023452378260E-12
