 0.30091609779053688E-01   0.97578195523695E-18  -0.58649881907916E+06
 0.30912247024558522E-01   0.29483069282768E-04  -0.56993179073196E+06
 0.33619270562930445E-01   0.61082173640461E-04  -0.52101673460061E+06
 0.38580800652365334E-01   0.94949178290611E-04  -0.44918348913207E+06
 0.45985629889260624E-01   0.13124684686428E-03  -0.37080605382328E+06
 0.55561186437884727E-01   0.17014962340302E-03  -0.30042759601880E+06
 0.66570926046851553E-01   0.21184447044981E-03  -0.24453036366579E+06
 0.78264170782058495E-01   0.25653176725507E-03  -0.20238431965753E+06
 0.90237125433090745E-01   0.30442627240692E-03  -0.17054802921362E+06
 0.10235854451338032E+00   0.35575815550320E-03  -0.14590390031880E+06
 0.11458578808636956E+00   0.41077410281323E-03  -0.12632703905020E+06
 0.12688941852349980E+00   0.46973850223137E-03  -0.11043621310757E+06
 0.13924035568782328E+00   0.53293471320370E-03  -0.97308812578169E+05
 0.15160910628061977E+00   0.60066642771546E-03  -0.86305973150048E+05
 0.16396600740244491E+00   0.67325912886222E-03  -0.76971284954974E+05
 0.17628151001594311E+00   0.75106165399386E-03  -0.68969978396280E+05
 0.18852646058709352E+00   0.83444786992019E-03  -0.62050914953848E+05
 0.20067237470009050E+00   0.92381846820159E-03  -0.56021993112715E+05
 0.21269169723008513E+00   0.10196028891215E-02  -0.50733752414815E+05
 0.22455804412657304E+00   0.11222613835509E-02  -0.46068155257377E+05
 0.23624642147234420E+00   0.12322872225722E-02  -0.41930734212888E+05
 0.24773341822614092E+00   0.13502090654347E-02  -0.38244983016123E+05
 0.25899736988878597E+00   0.14765934971652E-02  -0.34948277310995E+05
 0.27001849121595273E+00   0.16120477479678E-02  -0.31988859565600E+05
 0.28077897699561694E+00   0.17572226074079E-02  -0.29323577761298E+05
 0.29126307077769209E+00   0.19128155473023E-02  -0.26916166788160E+05
 0.30145710225423716E+00   0.20795740682274E-02  -0.24735926423378E+05
 0.31134949471362666E+00   0.22582992856177E-02  -0.22756693065480E+05
 0.32093074461055920E+00   0.24498497725618E-02  -0.20956031776825E+05
 0.33019337579235108E+00   0.26551456776172E-02  -0.19314595448644E+05
 0.33913187129423050E+00   0.28751731372654E-02  -0.17815612086181E+05
 0.34774258586259182E+00   0.31109890040199E-02  -0.16444471277015E+05
 0.35602364249121038E+00   0.33637259126873E-02  -0.15188388140209E+05
 0.36397481627180028E+00   0.36345977088734E-02  -0.14036128315418E+05
 0.37159740878071118E+00   0.39249052655295E-02  -0.12977781419791E+05
 0.37889411606399137E+00   0.42360427151559E-02  -0.12004573274318E+05
 0.38586889306023386E+00   0.45695041272231E-02  -0.11108709356672E+05
 0.39252681703142295E+00   0.49268906624595E-02  -0.10283243568581E+05
 0.39887395227220845E+00   0.53099182378730E-02  -0.95219676505567E+04
 0.40491721805207770E+00   0.57204257387563E-02  -0.88193175342212E+04
 0.41066426142515533E+00   0.61603838164655E-02  -0.81702936645888E+04
 0.41612333622912800E+00   0.66319043134761E-02  -0.75703929038789E+04
 0.42130318929606370E+00   0.71372503601200E-02  -0.70155500836398E+04
 0.42621295461955633E+00   0.76788471905016E-02  -0.65020876320415E+04
 0.43086205596850247E+00   0.82592937283951E-02  -0.60266719898186E+04
 0.43526011821002314E+00   0.88813749974526E-02  -0.55862757578896E+04
 0.43941688740320356E+00   0.95480754138094E-02  -0.51781447046427E+04
 0.44334215955093731E+00   0.10262593023187E-01  -0.47997689107867E+04
 0.44704571774792229E+00   0.11028354748868E-01  -0.44488574518997E+04
 0.45053727733700766E+00   0.11849032721462E-01  -0.41233161190403E+04
 0.45382643858177951E+00   0.12728561766261E-01  -0.38212277604300E+04
 0.45692264627888640E+00   0.13671158129094E-01  -0.35408348956842E+04
 0.45983515566818439E+00   0.14681339527142E-01  -0.32805243109635E+04
 0.46257300395240969E+00   0.15763946616981E-01  -0.30388133907183E+04
 0.46514498671240501E+00   0.16924165978315E-01  -0.28143379808041E+04
 0.46755963850276905E+00   0.18167554718499E-01  -0.26058416095800E+04
 0.46982521694295354E+00   0.19500066809896E-01  -0.24121659185879E+04
 0.47194968969089923E+00   0.20928081279553E-01  -0.22322421725077E+04
 0.47394072381527613E+00   0.22458432378533E-01  -0.20650837287662E+04
 0.47580567728665957E+00   0.24098441866553E-01  -0.19097793495630E+04
 0.47755159260415186E+00   0.25855953556357E-01  -0.17654872323971E+04
 0.47918519296189782E+00   0.27739370271550E-01  -0.16314296199404E+04
 0.48071288179117971E+00   0.29757693381404E-01  -0.15068878305984E+04
 0.48214074684144670E+00   0.31920565086455E-01  -0.13911975391777E+04
 0.48347456989935056E+00   0.34238313639551E-01  -0.12837441552677E+04
 0.48471984240543570E+00   0.36722001698414E-01  -0.11839582242951E+04
 0.48588178540210214E+00   0.39383478017693E-01  -0.10913109271995E+04
 0.48696536988872530E+00   0.42235432700963E-01  -0.10053099412579E+04
 0.48797533219079547E+00   0.45291456246181E-01  -0.92549603524561E+03
 0.48891618007703319E+00   0.48566102631601E-01  -0.85144067769519E+03
 0.48979218937810742E+00   0.52074956703276E-01  -0.78274462230477E+03
 0.49060739564828404E+00   0.55834706139791E-01  -0.71903707089176E+03
 0.49136558787574436E+00   0.59863218284852E-01  -0.65997483997951E+03
 0.49207031004996177E+00   0.64179622153785E-01  -0.60524106720641E+03
 0.49272487282560373E+00   0.68804395935657E-01  -0.55454328006198E+03
 0.49333237387228102E+00   0.73759460328728E-01  -0.50761093271034E+03
 0.49389572320257258E+00   0.79068278063012E-01  -0.46419268933502E+03
 0.49441766900196571E+00   0.84755959979821E-01  -0.42405378565533E+03
 0.49490081978955247E+00   0.90849378054143E-01  -0.38697377214563E+03
 0.49534765967188271E+00   0.97377285761297E-01  -0.35274486857481E+03
 0.49576055482016801E+00   0.10437044620442E+00  -0.32117105481553E+03
 0.49614175112959880E+00   0.11186176843355E+00  -0.29206788517263E+03
 0.49649336541535471E+00   0.11988645240026E+00  -0.26526283435297E+03
 0.49681737537913728E+00   0.12848214300340E+00  -0.24059576880972E+03
 0.49711561609211036E+00   0.13768909369134E+00  -0.21791895185441E+03
 0.49738979048111753E+00   0.14755034009334E+00  -0.19709601608539E+03
 0.49764149483617787E+00   0.15811188415740E+00  -0.17799983056930E+03
 0.49787224794435531E+00   0.16942288927237E+00  -0.16051012885890E+03
 0.49808350444445082E+00   0.18153588684917E+00  -0.14451236247312E+03
 0.49827664292992607E+00   0.19450699482699E+00  -0.12989848436912E+03
 0.49845294185213529E+00   0.20839614855590E+00  -0.11656866354567E+03
 0.49861356717902322E+00   0.22326734448556E+00  -0.10443211723601E+03
 0.49875958481501209E+00   0.23918889705942E+00  -0.93406083558736E+02
 0.49889199279784086E+00   0.25623370917446E+00  -0.83413317302771E+02
 0.49901175870264924E+00   0.27447955651526E+00  -0.74379210208185E+02
 0.49911984810641780E+00   0.29400938600797E+00  -0.66229599775799E+02
 0.49921723517860783E+00   0.31491162856155E+00  -0.58889934639879E+02
 0.49930489246754384E+00   0.33728052616913E+00  -0.52286011802050E+02
 0.49938376235042437E+00   0.36121647332923E+00  -0.46346095778307E+02
 0.49945471753198639E+00   0.38682637261280E+00  -0.41003861534095E+02
 0.49951852338642067E+00   0.41422400404472E+00  -0.36201198027078E+02
 0.49957582132743972E+00   0.44353040778554E+00  -0.31889430324026E+02
 0.49962715376950539E+00   0.47487427938818E+00  -0.28027416455929E+02
 0.49967302837479410E+00   0.50839237666158E+00  -0.24576696246164E+02
 0.49971396967501724E+00   0.54422993689737E+00  -0.21497597755981E+02
 0.49975050145864708E+00   0.58254110290335E+00  -0.18750554516133E+02
 0.49978308543637257E+00   0.62348935593563E+00  -0.16300709246344E+02
 0.49981208776280994E+00   0.66724795322943E+00  -0.14120421192495E+02
 0.49983779427051050E+00   0.71400036739287E+00  -0.12188112169670E+02
 0.49986044770430782E+00   0.76394072444865E+00  -0.10485461615580E+02
 0.49988028051100847E+00   0.81727423678444E+00  -0.89949383883668E+01
 0.49989753291256556E+00   0.87421762670440E+00  -0.76984402202775E+01
 0.49991245667630058E+00   0.93499953566278E+00  -0.65770086948107E+01
 0.49992530910315425E+00   0.99986091361083E+00  -0.56112793984832E+01
 0.49993634243918117E+00   0.10690553822024E+01  -0.47822759053624E+01
 0.49994579314422183E+00   0.11428495648913E+01  -0.40722144637508E+01
 0.49995387412781200E+00   0.12215233762238E+01  -0.34650858293600E+01
 0.49996077157769847E+00   0.13053702618907E+01  -0.29468922425286E+01
 0.49996664645626704E+00   0.13946973803820E+01  -0.25055339614097E+01
 0.49997163914395198E+00   0.14898257163832E+01  -0.21304596289719E+01
 0.49997587448310510E+00   0.15910901154124E+01  -0.18122867758637E+01
 0.49997946462777820E+00   0.16988392286241E+01  -0.15425873129014E+01
 0.49998250907886749E+00   0.18134353562483E+01  -0.13138845716460E+01
 0.49998509354326753E+00   0.19352541778144E+01  -0.11197387564639E+01
 0.49998728968037148E+00   0.20646843571704E+01  -0.95476579282455E+00
 0.49998915646461167E+00   0.22021270103889E+01  -0.81453482755803E+00
 0.49999074256883042E+00   0.23479950249930E+01  -0.69538908764309E+00
 0.49999208883998747E+00   0.25027122195788E+01  -0.59425983620530E+00
 0.49999323028004028E+00   0.26667123339008E+01  -0.50851752258919E+00
 0.49999419737603046E+00   0.28404378408543E+01  -0.43587183455600E+00
 0.49999501688188325E+00   0.30243385735729E+01  -0.37431294651290E+00
 0.49999571223921624E+00   0.32188701630746E+01  -0.32207989121386E+00
 0.49999630381075622E+00   0.34244922845610E+01  -0.27764301256457E+00
 0.49999680905006372E+00   0.36416667135785E+01  -0.23969120619111E+00
 0.49999724267906220E+00   0.38708551967931E+01  -0.20711857645305E+00
 0.49999761690396527E+00   0.41125171460457E+01  -0.17900821125028E+00
 0.49999794167339573E+00   0.43671071685993E+01  -0.15461278897187E+00
 0.49999822496789698E+00   0.46350724509653E+01  -0.13333282868876E+00
 0.49999847310424894E+00   0.49168500183013E+01  -0.11469382907138E+00
 0.49999869103770933E+00   0.52128638959647E+01  -0.98323563810881E-01
 0.49999888264781062E+00   0.55235222042457E+01  -0.83930612819366E-01
 0.49999905099679659E+00   0.58492142214126E+01  -0.71284948812314E-01
 0.49999919855313779E+00   0.61903074538070E+01  -0.60201147367307E-01
 0.49999932737543545E+00   0.65471447546554E+01  -0.50524572521588E-01
 0.49999943925456308E+00   0.69200415353393E+01  -0.42120699502272E-01
 0.49999953581443324E+00   0.73092831139412E+01  -0.34867545436847E-01
 0.49999961857456038E+00   0.77151222458371E+01  -0.28650969792404E-01
 0.49999968898051306E+00   0.81377768798438E+01  -0.23362386846622E-01
 0.49999974841087674E+00   0.85774281809213E+01  -0.18898242627439E-01
 0.49999979817066548E+00   0.90342188566791E+01  -0.15160509749480E-01
 0.49999983948050136E+00   0.95082518200100E+01  -0.12057500118805E-01
 0.49999987346820512E+00   0.99995892142010E+01  -0.95044965943023E-02
 0.49999990116555376E+00   0.10508251820010E+02  -0.74239965297638E-02
 0.49999992350944950E+00   0.11034218856679E+02  -0.57456239102622E-02
 0.49999994134500453E+00   0.11577428180921E+02  -0.44058975955101E-02
 0.49999995542836290E+00   0.12137776879844E+02  -0.33480194099784E-02
 0.49999996642855010E+00   0.12715122245837E+02  -0.25217351393101E-02
 0.49999997492900955E+00   0.13309283113941E+02  -0.18832191235947E-02
 0.49999998142999458E+00   0.13920041535339E+02  -0.13948945929925E-02
 0.49999998635268389E+00   0.14547144754655E+02  -0.10251244862927E-02
 0.49999999004523510E+00   0.15190307453807E+02  -0.74775677986416E-03
 0.49999999279040835E+00   0.15849214221413E+02  -0.54155182606763E-03
 0.49999999481409080E+00   0.16523522204246E+02  -0.38954197696617E-03
 0.49999999629401887E+00   0.17212863895965E+02  -0.27837650015838E-03
 0.49999999736811751E+00   0.17916850018301E+02  -0.19769509008416E-03
 0.49999999814207441E+00   0.18635072450965E+02  -0.13955895873918E-03
 0.49999999869594447E+00   0.19367107168599E+02  -0.97954739044059E-04
 0.49999999908972620E+00   0.20112517146046E+02  -0.68375653734964E-04
 0.49999999936794504E+00   0.20870855196793E+02  -0.47477111815741E-04
 0.49999999956334407E+00   0.21641666713578E+02  -0.32799634464897E-04
 0.49999999969931985E+00   0.22424492284561E+02  -0.22585747131654E-04
 0.50000000000000000E+00   0.23218870163075E+02   0.46185277824407E-11
 0.50000000000000000E+00   0.24024338573573E+02   0.44662051834621E-11
 0.50000000000000000E+00   0.24840437840854E+02   0.43200998334214E-11
 0.50000000000000000E+00   0.25666712333901E+02   0.41815439999482E-11
 0.50000000000000000E+00   0.26502712219579E+02   0.40496495046227E-11
 0.50000000000000000E+00   0.27347995024993E+02   0.39250824812598E-11
 0.50000000000000000E+00   0.28202127010389E+02   0.38060665730200E-11
 0.50000000000000000E+00   0.29064684357170E+02   0.36932679137180E-11
 0.50000000000000000E+00   0.29935254177814E+02   0.35857983249343E-11
 0.50000000000000000E+00   0.30813435356248E+02   0.34834357620639E-11
 0.50000000000000000E+00   0.31698839228624E+02   0.33864022697117E-11
 0.50000000000000000E+00   0.32591090115412E+02   0.32935876248530E-11
 0.50000000000000000E+00   0.33489825716383E+02   0.32052138720928E-11
 0.50000000000000000E+00   0.34394697380382E+02   0.31208369222213E-11
 0.50000000000000000E+00   0.35305370261891E+02   0.30404567752385E-11
 0.50000000000000000E+00   0.36221523376224E+02   0.29636293419344E-11
 0.50000000000000000E+00   0.37142849564891E+02   0.28901325777042E-11
 0.50000000000000000E+00   0.38069055382202E+02   0.28197444379430E-11
 0.50000000000000000E+00   0.38999860913611E+02   0.27524649226507E-11
 0.50000000000000000E+00   0.39934999535663E+02   0.26882940318274E-11
 0.50000000000000000E+00   0.40874217626704E+02   0.26261215424483E-11
