 0.63226835380468083E-01   0.97578195523695E-18  -0.25945011141497E+06
 0.64826212610278336E-01   0.29483069282768E-04  -0.25212240278495E+06
 0.70058691401936504E-01   0.61082173640461E-04  -0.23048703996173E+06
 0.79479672068177298E-01   0.94949178290611E-04  -0.19871483188132E+06
 0.93146436481108111E-01   0.13124684686428E-03  -0.16404811079462E+06
 0.11015474396294707E+00   0.17014962340302E-03  -0.13291940862951E+06
 0.12883982079044545E+00   0.21184447044981E-03  -0.10819585278420E+06
 0.14773448374157538E+00   0.25653176725507E-03  -0.89554538936189E+05
 0.16613903620524159E+00   0.30442627240692E-03  -0.75473293966136E+05
 0.18387052887076055E+00   0.35575815550320E-03  -0.64573184949147E+05
 0.20090345637234003E+00   0.41077410281323E-03  -0.55914356809688E+05
 0.21723832408245278E+00   0.46973850223137E-03  -0.48885881488824E+05
 0.23288030468898360E+00   0.53293471320370E-03  -0.43079682807509E+05
 0.24783737535899930E+00   0.60066642771546E-03  -0.38213187182822E+05
 0.26211997461236075E+00   0.67325912886222E-03  -0.34084521805909E+05
 0.27574071292181007E+00   0.75106165399386E-03  -0.30545616106546E+05
 0.28871408976108703E+00   0.83444786992019E-03  -0.27485390022722E+05
 0.30105621995406240E+00   0.92381846820159E-03  -0.24818875876435E+05
 0.31278457222893447E+00   0.10196028891215E-02  -0.22479966335897E+05
 0.32391772224777071E+00   0.11222613835509E-02  -0.20416452530244E+05
 0.33447512178627331E+00   0.12322872225722E-02  -0.18586550756482E+05
 0.34447688519872455E+00   0.13502090654347E-02  -0.16956421574690E+05
 0.35394359382347629E+00   0.14765934971652E-02  -0.15498365525433E+05
 0.36289611856837201E+00   0.16120477479678E-02  -0.14189489535110E+05
 0.37135546056312407E+00   0.17572226074079E-02  -0.13010706719945E+05
 0.37934260947487830E+00   0.19128155473023E-02  -0.11945976232059E+05
 0.38687841885038698E+00   0.20795740682274E-02  -0.10981718516455E+05
 0.39398349766858420E+00   0.22582992856177E-02  -0.10106360497909E+05
 0.40067811715548207E+00   0.24498497725618E-02  -0.93099782116526E+04
 0.40698213182341203E+00   0.26551456776172E-02  -0.85840133536592E+04
 0.41291491364285182E+00   0.28751731372654E-02  -0.79210464997553E+04
 0.41849529823176007E+00   0.31109890040199E-02  -0.73146141948562E+04
 0.42374154194911084E+00   0.33637259126873E-02  -0.67590603135826E+04
 0.42867128880127137E+00   0.36345977088734E-02  -0.62494144207385E+04
 0.43330154610755461E+00   0.39249052655295E-02  -0.57812915713376E+04
 0.43764866792080964E+00   0.42360427151559E-02  -0.53508092610292E+04
 0.44172834525689231E+00   0.45695041272231E-02  -0.49545181911511E+04
 0.44555560225043545E+00   0.49268906624595E-02  -0.45893442340899E+04
 0.44914479742109092E+00   0.53099182378730E-02  -0.42525395352044E+04
 0.45250962930242772E+00   0.57204257387563E-02  -0.39416411110696E+04
 0.45566314575333966E+00   0.61603838164655E-02  -0.36544356319911E+04
 0.45861775633796620E+00   0.66319043134761E-02  -0.33889293328759E+04
 0.46138524722381319E+00   0.71372503601200E-02  -0.31433221977672E+04
 0.46397679810833575E+00   0.76788471905016E-02  -0.29159857224359E+04
 0.46640300074125263E+00   0.82592937283951E-02  -0.27054436859401E+04
 0.46867387866301879E+00   0.88813749974526E-02  -0.25103554632540E+04
 0.47079890782905864E+00   0.95480754138094E-02  -0.23295014924320E+04
 0.47278703783450932E+00   0.10262593023187E-01  -0.21617705755332E+04
 0.47464671349539728E+00   0.11028354748868E-01  -0.20061487459360E+04
 0.47638589657945352E+00   0.11849032721462E-01  -0.18617094782472E+04
 0.47801208751331425E+00   0.12728561766261E-01  -0.17276050527230E+04
 0.47953234692278174E+00   0.13671158129094E-01  -0.16030589155183E+04
 0.48095331688930221E+00   0.14681339527142E-01  -0.14873589003912E+04
 0.48228124182898024E+00   0.15763946616981E-01  -0.13798511976737E+04
 0.48352198892042003E+00   0.16924165978315E-01  -0.12799349731682E+04
 0.48468106802455491E+00   0.18167554718499E-01  -0.11870575537526E+04
 0.48576365105347769E+00   0.19500066809896E-01  -0.11007101083924E+04
 0.48677459075614493E+00   0.20928081279553E-01  -0.10204237633655E+04
 0.48771843889675759E+00   0.22458432378533E-01  -0.94576609915750E+03
 0.48859946380661551E+00   0.24098441866553E-01  -0.87633798393424E+03
 0.48942166729238362E+00   0.25855953556357E-01  -0.81177070499089E+03
 0.49018880088306771E+00   0.27739370271550E-01  -0.75172336527996E+03
 0.49090438139476300E+00   0.29757693381404E-01  -0.69588051718067E+03
 0.49157170578672493E+00   0.31920565086455E-01  -0.64395001019753E+03
 0.49219386527500275E+00   0.34238313639551E-01  -0.59566103333511E+03
 0.49277375866155304E+00   0.36722001698414E-01  -0.55076233652346E+03
 0.49331410482850191E+00   0.39383478017693E-01  -0.50902061865716E+03
 0.49381745434066721E+00   0.42235432700963E-01  -0.47021907250481E+03
 0.49428620009680557E+00   0.45291456246181E-01  -0.43415607883133E+03
 0.49472258697448640E+00   0.48566102631601E-01  -0.40064404336172E+03
 0.49512872042938960E+00   0.52074956703276E-01  -0.36950837041026E+03
 0.49550657404327941E+00   0.55834706139791E-01  -0.34058656568133E+03
 0.49585799607392500E+00   0.59863218284852E-01  -0.31372745734066E+03
 0.49618471515426038E+00   0.64179622153785E-01  -0.28879051827990E+03
 0.49648834542482334E+00   0.68804395935657E-01  -0.26564526299658E+03
 0.49677039156013536E+00   0.73759460328728E-01  -0.24417067993569E+03
 0.49703225433384468E+00   0.79068278063012E-01  -0.22425464696230E+03
 0.49727523746862806E+00   0.84755959979821E-01  -0.20579327071825E+03
 0.49750055636721435E+00   0.90849378054143E-01  -0.18869010262060E+03
 0.49770934872321265E+00   0.97377285761297E-01  -0.17285522998820E+03
 0.49790268592708475E+00   0.10437044620442E+00  -0.15820432288478E+03
 0.49808158302127181E+00   0.11186176843355E+00  -0.14465780475815E+03
 0.49824700461214688E+00   0.11988645240026E+00  -0.13214034044767E+03
 0.49839986536434466E+00   0.12848214300340E+00  -0.12058074252495E+03
 0.49854102611648765E+00   0.13768909369134E+00  -0.10991221473268E+03
 0.49867128871931654E+00   0.14755034009334E+00  -0.10007269653959E+03
 0.49879139302697734E+00   0.15811188415740E+00  -0.91005049269281E+02
 0.49890201810890766E+00   0.16942288927237E+00  -0.82656928128397E+02
 0.49900378784523325E+00   0.18153588684917E+00  -0.74980328422110E+02
 0.49909727967942641E+00   0.19450699482699E+00  -0.67930898722857E+02
 0.49918303474531717E+00   0.20839614855590E+00  -0.61467155224200E+02
 0.49926156764155877E+00   0.22326734448556E+00  -0.55549726848599E+02
 0.49933337446791026E+00   0.23918889705942E+00  -0.50140734702106E+02
 0.49939893815162317E+00   0.25623370917446E+00  -0.45203378204322E+02
 0.49945873049509448E+00   0.27447955651526E+00  -0.40701769929882E+02
 0.49951321075554622E+00   0.29400938600797E+00  -0.36601032746002E+02
 0.49956282093943266E+00   0.31491162856155E+00  -0.32867645000765E+02
 0.49960797839501853E+00   0.33728052616913E+00  -0.29469989535579E+02
 0.49964906680221344E+00   0.36121647332923E+00  -0.26379023670487E+02
 0.49968642746940284E+00   0.38682637261280E+00  -0.23568926496899E+02
 0.49972035417016797E+00   0.41422400404472E+00  -0.21017480476265E+02
 0.49975109629739645E+00   0.44353040778554E+00  -0.18705828399328E+02
 0.49977887462370668E+00   0.47487427938818E+00  -0.16617283704248E+02
 0.49980390689833198E+00   0.50839237666158E+00  -0.14735402858037E+02
 0.49982642769223617E+00   0.54422993689737E+00  -0.13042491638865E+02
 0.49984668478945826E+00   0.58254110290335E+00  -0.11519875145079E+02
 0.49986491490146184E+00   0.62348935593563E+00  -0.10149721676186E+02
 0.49988132050518930E+00   0.66724795322943E+00  -0.89167815063174E+01
 0.49989606290278793E+00   0.71400036739287E+00  -0.78089062983348E+01
 0.49990926960523596E+00   0.76394072444865E+00  -0.68164924045171E+01
 0.49992104723752118E+00   0.81727423678444E+00  -0.59315098116480E+01
 0.49993149339956378E+00   0.87421762670440E+00  -0.51466100638467E+01
 0.49994070475363978E+00   0.93499953566278E+00  -0.44545180609947E+01
 0.49994878099819656E+00   0.99986091361083E+00  -0.38477331142126E+01
 0.49995582543740213E+00   0.10690553822024E+01  -0.33184858432116E+01
 0.49996194319899900E+00   0.11428495648913E+01  -0.28588717709685E+01
 0.49996723817428562E+00   0.12215233762238E+01  -0.24610809184252E+01
 0.49997180962399196E+00   0.13053702618907E+01  -0.21176524996276E+01
 0.49997574919204729E+00   0.13946973803820E+01  -0.18216989873591E+01
 0.49997913884420719E+00   0.14898257163832E+01  -0.15670607269269E+01
 0.49998205002948604E+00   0.15910901154124E+01  -0.13483687260312E+01
 0.49998454414940985E+00   0.16988392286241E+01  -0.11610092392174E+01
 0.49998667417562881E+00   0.18134353562483E+01  -0.10010021262759E+01
 0.49998848693945214E+00   0.19352541778144E+01  -0.86482877032436E+00
 0.49999002529811942E+00   0.20646843571704E+01  -0.74926928284549E+00
 0.49999132933789570E+00   0.22021270103889E+01  -0.65131208032147E+00
 0.49999243626721168E+00   0.23479950249930E+01  -0.56816187409257E+00
 0.49999337945487121E+00   0.25027122195788E+01  -0.49731188782213E+00
 0.49999418749919444E+00   0.26667123339008E+01  -0.43661375621651E+00
 0.49999488394715763E+00   0.28404378408543E+01  -0.38429860256314E+00
 0.49999548771281865E+00   0.30243385735729E+01  -0.33894559291958E+00
 0.49999601388847648E+00   0.32188701630746E+01  -0.29942099373097E+00
 0.49999647461522612E+00   0.34244922845610E+01  -0.26481277136048E+00
 0.49999687981474983E+00   0.36416667135785E+01  -0.23437561757979E+00
 0.49999723772134469E+00   0.38708551967931E+01  -0.20749098222243E+00
 0.49999755523435402E+00   0.41125171460457E+01  -0.18364059760573E+00
 0.49999783814164478E+00   0.43671071685993E+01  -0.16238969010340E+00
 0.49999809126584138E+00   0.46350724509653E+01  -0.14337599445963E+00
 0.49999831857365717E+00   0.49168500183013E+01  -0.12630154035613E+00
 0.49999852327448191E+00   0.52128638959647E+01  -0.11092524631016E+00
 0.49999870792177775E+00   0.55235222042457E+01  -0.97055302659613E-01
 0.49999887452135550E+00   0.58492142214126E+01  -0.84541037980791E-01
 0.49999902464437118E+00   0.61903074538070E+01  -0.73264430989303E-01
 0.49999915953946439E+00   0.65471447546554E+01  -0.63131687012384E-01
 0.49999928023720297E+00   0.69200415353393E+01  -0.54065392380400E-01
 0.49999938764031948E+00   0.73092831139412E+01  -0.45997736228867E-01
 0.49999948259465332E+00   0.77151222458371E+01  -0.38865181504221E-01
 0.49999956593793549E+00   0.81377768798438E+01  -0.32604800499200E-01
 0.49999963852623858E+00   0.85774281809213E+01  -0.27152287941094E-01
 0.49999970124070703E+00   0.90342188566791E+01  -0.22441455484664E-01
 0.49999975497953586E+00   0.95082518200100E+01  -0.18404834179333E-01
 0.49999980064152583E+00   0.99995892142010E+01  -0.14974909678684E-01
 0.49999983910745116E+00   0.10508251820010E+02  -0.12085521877313E-01
 0.49999987122390543E+00   0.11034218856679E+02  -0.96730782011050E-02
 0.49999989779182946E+00   0.11577428180921E+02  -0.76774154132231E-02
 0.49999991955953599E+00   0.12137776879844E+02  -0.60423235002272E-02
 0.49999993721868108E+00   0.12715122245837E+02  -0.47158482960923E-02
 0.49999995140155562E+00   0.13309283113941E+02  -0.36504949001350E-02
 0.49999996267887059E+00   0.13920041535339E+02  -0.28033940415257E-02
 0.49999997155812231E+00   0.14547144754655E+02  -0.21364248629299E-02
 0.49999997848311123E+00   0.15190307453807E+02  -0.16162510763453E-02
 0.49999998383514188E+00   0.15849214221413E+02  -0.12142308069292E-02
 0.49999998793607264E+00   0.16523522204246E+02  -0.90618747960369E-03
 0.49999999105298903E+00   0.17212863895965E+02  -0.67205885663291E-03
 0.49999999340401124E+00   0.17916850018301E+02  -0.49546073755535E-03
 0.49999999516467231E+00   0.18635072450965E+02  -0.36320785955168E-03
 0.49999999647435578E+00   0.19367107168599E+02  -0.26483038634417E-03
 0.49999999744240387E+00   0.20112517146046E+02  -0.19211501547867E-03
 0.49999999815365231E+00   0.20870855196793E+02  -0.13868925536498E-03
 0.49999999867326600E+00   0.21641666713578E+02  -0.99658233474020E-04
 0.49999999905084175E+00   0.22424492284561E+02  -0.71296459956516E-04
 0.49999999932380973E+00   0.23218870163075E+02  -0.50792338615158E-04
 0.49999999952019836E+00   0.24024338573573E+02  -0.36040525888015E-04
 0.49999999966084274E+00   0.24840437840854E+02  -0.25475952628917E-04
 0.49999999969931963E+00   0.25666712333901E+02  -0.22585751797144E-04
 0.50000000000000000E+00   0.26502712219579E+02   0.10913492332065E-12
 0.50000000000000000E+00   0.27347995024993E+02   0.10758061108618E-12
 0.50000000000000000E+00   0.28202127010389E+02   0.10513812043200E-12
 0.50000000000000000E+00   0.29064684357170E+02   0.10214051826551E-12
 0.50000000000000000E+00   0.29935254177814E+02   0.99031893796564E-13
 0.50000000000000000E+00   0.30813435356248E+02   0.96367358537464E-13
 0.50000000000000000E+00   0.31698839228624E+02   0.93591800975901E-13
 0.50000000000000000E+00   0.32591090115412E+02   0.91149310321725E-13
 0.50000000000000000E+00   0.33489825716383E+02   0.88817841970013E-13
 0.50000000000000000E+00   0.34394697380382E+02   0.86486373618300E-13
 0.50000000000000000E+00   0.35305370261891E+02   0.84265927569049E-13
 0.50000000000000000E+00   0.36221523376224E+02   0.82156503822262E-13
 0.50000000000000000E+00   0.37142849564891E+02   0.80047080075474E-13
 0.50000000000000000E+00   0.38069055382202E+02   0.78270723236074E-13
 0.50000000000000000E+00   0.38999860913611E+02   0.76272321791748E-13
 0.50000000000000000E+00   0.39934999535663E+02   0.74718009557273E-13
 0.50000000000000000E+00   0.40874217626704E+02   0.72719608112948E-13
