 0.33080451177886064E-01   0.97578195523695E-18  -0.53011488026212E+06
 0.33976686288310895E-01   0.29483069282768E-04  -0.51514084356076E+06
 0.36930869938621623E-01   0.61082173640461E-04  -0.47092923522000E+06
 0.42336615774510249E-01   0.94949178290611E-04  -0.40600313414160E+06
 0.50383327619280230E-01   0.13124684686428E-03  -0.33516210917034E+06
 0.60751663960988619E-01   0.17014962340302E-03  -0.27155093372266E+06
 0.72621275478470498E-01   0.21184447044981E-03  -0.22102855149454E+06
 0.85167684844492553E-01   0.25653176725507E-03  -0.18293511952726E+06
 0.97950537325368917E-01   0.30442627240692E-03  -0.15416011026097E+06
 0.11082675373125604E+00   0.35575815550320E-03  -0.13188570125882E+06
 0.12374947880400657E+00   0.41077410281323E-03  -0.11419131633851E+06
 0.13668662861986405E+00   0.46973850223137E-03  -0.99828534873693E+05
 0.14960713262111439E+00   0.53293471320370E-03  -0.87963460132200E+05
 0.16248011991075012E+00   0.60066642771546E-03  -0.78018657601686E+05
 0.17527517394752390E+00   0.67325912886222E-03  -0.69581603387851E+05
 0.18796261672513243E+00   0.75106165399386E-03  -0.62349717582022E+05
 0.20051377871883053E+00   0.83444786992019E-03  -0.56096009813010E+05
 0.21290124894695364E+00   0.92381846820159E-03  -0.50646850003407E+05
 0.22509910070356987E+00   0.10196028891215E-02  -0.45867148964395E+05
 0.23708308931911307E+00   0.11222613835509E-02  -0.41650218874427E+05
 0.24883081918322203E+00   0.12322872225722E-02  -0.37910675669619E+05
 0.26032187819285324E+00   0.13502090654347E-02  -0.34579369362493E+05
 0.27153793872288329E+00   0.14765934971652E-02  -0.31599697027121E+05
 0.28246282511940024E+00   0.16120477479678E-02  -0.28924877627771E+05
 0.29308254855307969E+00   0.17572226074079E-02  -0.26515908142750E+05
 0.30338531081398423E+00   0.19128155473023E-02  -0.24340010210947E+05
 0.31336147925920543E+00   0.20795740682274E-02  -0.22369435228196E+05
 0.32300353562794781E+00   0.22582992856177E-02  -0.20580534953717E+05
 0.33230600180927766E+00   0.24498497725618E-02  -0.18953031241538E+05
 0.34126534588696877E+00   0.26551456776172E-02  -0.17469436825377E+05
 0.34987987190052838E+00   0.28751731372654E-02  -0.16114591904948E+05
 0.35814959676316999E+00   0.31109890040199E-02  -0.14875290379378E+05
 0.36607611768099663E+00   0.33637259126873E-02  -0.13739976112352E+05
 0.37366247323992818E+00   0.36345977088734E-02  -0.12698494369196E+05
 0.38091300108563492E+00   0.39249052655295E-02  -0.11741887062802E+05
 0.38783319483455292E+00   0.42360427151559E-02  -0.10862223042845E+05
 0.39442956253747052E+00   0.45695041272231E-02  -0.10052456610797E+05
 0.40070948868616180E+00   0.49268906624595E-02  -0.93063089174640E+04
 0.40668110142095748E+00   0.53099182378730E-02  -0.86181680247739E+04
 0.41235314627364056E+00   0.57204257387563E-02  -0.79830042788745E+04
 0.41773486747391175E+00   0.61603838164655E-02  -0.73962983122585E+04
 0.42283589756495121E+00   0.66319043134761E-02  -0.68539795160367E+04
 0.42766615581828149E+00   0.71372503601200E-02  -0.63523732347673E+04
 0.43223575571232542E+00   0.76788471905016E-02  -0.58881552615048E+04
 0.43655492154332892E+00   0.82592937283951E-02  -0.54583124695498E+04
 0.44063391407095220E+00   0.88813749974526E-02  -0.50601086245747E+04
 0.44448296496213630E+00   0.95480754138094E-02  -0.46910545876446E+04
 0.44811221968341908E+00   0.10262593023187E-01  -0.43488822547903E+04
 0.45153168840088831E+00   0.11028354748868E-01  -0.40315216888860E+04
 0.45475120437538996E+00   0.11849032721462E-01  -0.37370809898127E+04
 0.45778038928550513E+00   0.12728561766261E-01  -0.34638285232592E+04
 0.46062862486945505E+00   0.13671158129094E-01  -0.32101771901780E+04
 0.46330503024729991E+00   0.14681339527142E-01  -0.29746704703005E+04
 0.46581844426505031E+00   0.15763946616981E-01  -0.27559700161296E+04
 0.46817741219210562E+00   0.16924165978315E-01  -0.25528446098753E+04
 0.47039017610353556E+00   0.18167554718499E-01  -0.23641603259437E+04
 0.47246466829157513E+00   0.19500066809896E-01  -0.21888717664979E+04
 0.47440850708099125E+00   0.20928081279553E-01  -0.20260142576362E+04
 0.47622899447825595E+00   0.22458432378533E-01  -0.18746969088659E+04
 0.47793311517590542E+00   0.24098441866553E-01  -0.17340964484046E+04
 0.47952753657610747E+00   0.25855953556357E-01  -0.16034517506686E+04
 0.48101860970869104E+00   0.27739370271550E-01  -0.14820589691320E+04
 0.48241237121205799E+00   0.29757693381404E-01  -0.13692671768892E+04
 0.48371454691317128E+00   0.31920565086455E-01  -0.12644743996554E+04
 0.48493055792404638E+00   0.34238313639551E-01  -0.11671239066800E+04
 0.48606553040443390E+00   0.36722001698414E-01  -0.10767006169384E+04
 0.48712430993167527E+00   0.39383478017693E-01  -0.99272750351885E+03
 0.48811148042920621E+00   0.42235432700963E-01  -0.91476196381765E+03
 0.48903138575155058E+00   0.45291456246181E-01  -0.84239227181677E+03
 0.48988814994055702E+00   0.48566102631601E-01  -0.77523439053452E+03
 0.49068569131843470E+00   0.52074956703276E-01  -0.71292948469267E+03
 0.49142772734823348E+00   0.55834706139791E-01  -0.65514233276862E+03
 0.49211777127990319E+00   0.59863218284852E-01  -0.60156052230519E+03
 0.49275912562578761E+00   0.64179622153785E-01  -0.55189400983119E+03
 0.49335487886440860E+00   0.68804395935657E-01  -0.50587453518074E+03
 0.49390790991189293E+00   0.73759460328728E-01  -0.46325453446878E+03
 0.49442090144951317E+00   0.79068278063012E-01  -0.42380546664480E+03
 0.49489636015396654E+00   0.84755959979821E-01  -0.38731570145295E+03
 0.49533664021413809E+00   0.90849378054143E-01  -0.35358824026050E+03
 0.49574396615499311E+00   0.97377285761297E-01  -0.32243856480766E+03
 0.49612045145625067E+00   0.10437044620442E+00  -0.29369287030453E+03
 0.49646811038377203E+00   0.11186176843355E+00  -0.26718686710841E+03
 0.49678886171604969E+00   0.11988645240026E+00  -0.24276523926009E+03
 0.49708452469689651E+00   0.12848214300340E+00  -0.22028172438718E+03
 0.49735680968431201E+00   0.13768909369134E+00  -0.19959961963932E+03
 0.49760730851615420E+00   0.14755034009334E+00  -0.18059232819834E+03
 0.49783749176818926E+00   0.15811188415740E+00  -0.16314340146553E+03
 0.49804871954841501E+00   0.16942288927237E+00  -0.14714557597224E+03
 0.49824226603490773E+00   0.18153588684917E+00  -0.13249879302678E+03
 0.49841934619336536E+00   0.19450699482699E+00  -0.11910807723678E+03
 0.49858112632384333E+00   0.20839614855590E+00  -0.10688265679875E+03
 0.49872871070888397E+00   0.22326734448556E+00  -0.95736900239542E+02
 0.49886311791903476E+00   0.23918889705942E+00  -0.85592038152864E+02
 0.49898526904249429E+00   0.25623370917446E+00  -0.76376988235832E+02
 0.49909599872357335E+00   0.27447955651526E+00  -0.68027466797872E+02
 0.49919608367259960E+00   0.29400938600797E+00  -0.60483793659564E+02
 0.49928627568665801E+00   0.31491162856155E+00  -0.53688368480350E+02
 0.49936732737177075E+00   0.33728052616913E+00  -0.47583706186891E+02
 0.49944000352268636E+00   0.36121647332923E+00  -0.42111558411761E+02
 0.49950507604288874E+00   0.38682637261280E+00  -0.37213276869744E+02
 0.49956330428939555E+00   0.41422400404472E+00  -0.32831274337220E+02
 0.49961540583634589E+00   0.44353040778554E+00  -0.28911206208711E+02
 0.49966202539411142E+00   0.47487427938818E+00  -0.25404290465851E+02
 0.49970371275734748E+00   0.50839237666158E+00  -0.22268948943769E+02
 0.49974092347993632E+00   0.54422993689737E+00  -0.19470741161309E+02
 0.49977405141015990E+00   0.58254110290335E+00  -0.16979905746091E+02
 0.49980347826415128E+00   0.62348935593563E+00  -0.14767625178940E+02
 0.49982959675230393E+00   0.66724795322943E+00  -0.12804282354858E+02
 0.49985278389897436E+00   0.71400036739287E+00  -0.11061462202746E+02
 0.49987335938520344E+00   0.76394072444865E+00  -0.95150782015882E+01
 0.49989157160887632E+00   0.81727423678444E+00  -0.81464152323618E+01
 0.49990761366265007E+00   0.87421762670440E+00  -0.69409248495624E+01
 0.49992164919543758E+00   0.93499953566278E+00  -0.58862792247467E+01
 0.49993383333834512E+00   0.99986091361083E+00  -0.49707971214380E+01
 0.49994432413816026E+00   0.10690553822024E+01  -0.41825837888850E+01
 0.49995328561599628E+00   0.11428495648913E+01  -0.35093003782352E+01
 0.49996088536553868E+00   0.12215233762238E+01  -0.29383436797614E+01
 0.49996728957896580E+00   0.13053702618907E+01  -0.24572191221488E+01
 0.49997265769091470E+00   0.13946973803820E+01  -0.20539424819221E+01
 0.49997713798147098E+00   0.14898257163832E+01  -0.17173695955181E+01
 0.49998086472056003E+00   0.15910901154124E+01  -0.14374103546743E+01
 0.49998395687911223E+00   0.16988392286241E+01  -0.12051250956604E+01
 0.49998651810639827E+00   0.18134353562483E+01  -0.10127259652405E+01
 0.49998863755274031E+00   0.19352541778144E+01  -0.85351486440148E+00
 0.49999039114464916E+00   0.20646843571704E+01  -0.72178747407903E+00
 0.49999184302531474E+00   0.22021270103889E+01  -0.61272491281989E+00
 0.49999304699356406E+00   0.23479950249930E+01  -0.52228554919056E+00
 0.49999404786661034E+00   0.25027122195788E+01  -0.44710256802212E+00
 0.49999488274196502E+00   0.26667123339008E+01  -0.38438913214292E+00
 0.49999558215046846E+00   0.28404378408543E+01  -0.33185173779825E+00
 0.49999617109338068E+00   0.30243385735729E+01  -0.28761228953638E+00
 0.49999666995620562E+00   0.32188701630746E+01  -0.25013944171617E+00
 0.49999709529604897E+00   0.34244922845610E+01  -0.21818944472060E+00
 0.49999746050673838E+00   0.36416667135785E+01  -0.19075617654492E+00
 0.49999777637326404E+00   0.38708551967931E+01  -0.16702949068114E+00
 0.49999805153175192E+00   0.41125171460457E+01  -0.14636066141029E+00
 0.49999829285244635E+00   0.43671071685993E+01  -0.12823361354848E+00
 0.49999850576165922E+00   0.46350724509653E+01  -0.11224073735938E+00
 0.49999869451557355E+00   0.49168500183013E+01  -0.98062320572833E-01
 0.49999886243526998E+00   0.52128638959647E+01  -0.85448893445859E-01
 0.49999901210916048E+00   0.55235222042457E+01  -0.74206022300405E-01
 0.49999914556652075E+00   0.58492142214126E+01  -0.64181274155700E-01
 0.49999926442411141E+00   0.61903074538070E+01  -0.55253202999307E-01
 0.49999937000691652E+00   0.65471447546554E+01  -0.47322280223845E-01
 0.49999946344373802E+00   0.69200415353393E+01  -0.40303713903985E-01
 0.49999954573866490E+00   0.73092831139412E+01  -0.34122080263650E-01
 0.49999961782019303E+00   0.77151222458371E+01  -0.28707633987146E-01
 0.49999968057082195E+00   0.81377768798438E+01  -0.23994084955636E-01
 0.49999973484104243E+00   0.85774281809213E+01  -0.19917547573844E-01
 0.49999978145239565E+00   0.90342188566791E+01  -0.16416310911867E-01
 0.49999982119441189E+00   0.95082518200100E+01  -0.13431068687154E-01
 0.49999985481952447E+00   0.99995892142010E+01  -0.10905301240743E-01
 0.49999988303864495E+00   0.10508251820010E+02  -0.87856079058772E-02
 0.49999990651841364E+00   0.11034218856679E+02  -0.70219135369589E-02
 0.49999992587981307E+00   0.11577428180921E+02  -0.55675726353774E-02
 0.49999994169726369E+00   0.12137776879844E+02  -0.43794372474752E-02
 0.49999995449751222E+00   0.12715122245837E+02  -0.34179404942982E-02
 0.49999996475820685E+00   0.13309283113941E+02  -0.26472035868905E-02
 0.49999997290658343E+00   0.13920041535339E+02  -0.20351344665142E-02
 0.49999997931889018E+00   0.14547144754655E+02  -0.15534710670244E-02
 0.49999998432104137E+00   0.15190307453807E+02  -0.11777321653836E-02
 0.49999998819068558E+00   0.15849214221413E+02  -0.88706204434219E-03
 0.49999999116056060E+00   0.16523522204246E+02  -0.66397852725864E-03
 0.49999999342279944E+00   0.17212863895965E+02  -0.49404941928399E-03
 0.49999999513378135E+00   0.17916850018301E+02  -0.36552822814517E-03
 0.49999999641913440E+00   0.18635072450965E+02  -0.26897834075745E-03
 0.49999999737858314E+00   0.19367107168599E+02  -0.19690891364776E-03
 0.49999999809042678E+00   0.20112517146046E+02  -0.14343846245124E-03
 0.49999999861552663E+00   0.20870855196793E+02  -0.10399534231054E-03
 0.49999999900075331E+00   0.21641666713578E+02  -0.75058865796951E-04
 0.49999999928189331E+00   0.22424492284561E+02  -0.53940911979300E-04
 0.49999999948605245E+00   0.23218870163075E+02  -0.38605399632186E-04
 0.49999999963360919E+00   0.24024338573573E+02  -0.27521605321157E-04
 0.49999999969931963E+00   0.24840437840854E+02  -0.22585749427817E-04
 0.49999999999999989E+00   0.25666712333901E+02   0.24036328483135E-11
 0.50000000000000000E+00   0.26502712219579E+02   0.23301360840833E-11
 0.50000000000000000E+00   0.27347995024993E+02   0.22590818105073E-11
 0.50000000000000000E+00   0.28202127010389E+02   0.21906920721904E-11
 0.50000000000000000E+00   0.29064684357170E+02   0.21262991367621E-11
 0.50000000000000000E+00   0.29935254177814E+02   0.20643486919880E-11
 0.50000000000000000E+00   0.30813435356248E+02   0.20055068716829E-11
 0.50000000000000000E+00   0.31698839228624E+02   0.19493295866368E-11
 0.50000000000000000E+00   0.32591090115412E+02   0.18960388814548E-11
 0.50000000000000000E+00   0.33489825716383E+02   0.18451906669270E-11
 0.50000000000000000E+00   0.34394697380382E+02   0.17965628984484E-11
 0.50000000000000000E+00   0.35305370261891E+02   0.17501555760191E-11
 0.50000000000000000E+00   0.36221523376224E+02   0.17059686996390E-11
 0.50000000000000000E+00   0.37142849564891E+02   0.16635581800983E-11
 0.50000000000000000E+00   0.38069055382202E+02   0.16233681066069E-11
 0.50000000000000000E+00   0.38999860913611E+02   0.15845103007450E-11
 0.50000000000000000E+00   0.39934999535663E+02   0.15476508963275E-11
 0.50000000000000000E+00   0.40874217626704E+02   0.15116796703296E-11
