 0.35979469322350988E+00   0.97578195523695E-18  -0.14635549897603E+05
 0.35982398779204472E+00   0.29483069282768E-04  -0.14631300654369E+05
 0.35992035875201894E+00   0.61082173640461E-04  -0.14617326709958E+05
 0.36009800982677298E+00   0.94949178290611E-04  -0.14591586620224E+05
 0.36037326348487048E+00   0.13124684686428E-03  -0.14551754890432E+05
 0.36076473497518680E+00   0.17014962340302E-03  -0.14495210067333E+05
 0.36129347044353610E+00   0.21184447044981E-03  -0.14419033113001E+05
 0.36198302265514226E+00   0.25653176725507E-03  -0.14320021031126E+05
 0.36285942872015281E+00   0.30442627240692E-03  -0.14194721885072E+05
 0.36395104466216693E+00   0.35575815550320E-03  -0.14039498254093E+05
 0.36528817930856683E+00   0.41077410281323E-03  -0.13850626982447E+05
 0.36690245875857563E+00   0.46973850223137E-03  -0.13624443009234E+05
 0.36882584367723847E+00   0.53293471320370E-03  -0.13357533780022E+05
 0.37108921964009467E+00   0.60066642771546E-03  -0.13046987473633E+05
 0.37372049215363295E+00   0.67325912886222E-03  -0.12690692307542E+05
 0.37674215216299867E+00   0.75106165399386E-03  -0.12287674884600E+05
 0.38016834617303735E+00   0.83444786992019E-03  -0.11838452762859E+05
 0.38400159834473890E+00   0.92381846820159E-03  -0.11345360990616E+05
 0.38822949425942932E+00   0.10196028891215E-02  -0.10812796654696E+05
 0.39282183465112802E+00   0.11222613835509E-02  -0.10247314015420E+05
 0.39772895908265266E+00   0.12322872225722E-02  -0.96575020370778E+04
 0.40288204077450307E+00   0.13502090654347E-02  -0.90535933786737E+04
 0.40819604818866412E+00   0.14765934971652E-02  -0.84467944540537E+04
 0.41357564952606646E+00   0.16120477479678E-02  -0.78483888017082E+04
 0.41892358850517381E+00   0.17572226074079E-02  -0.72687385640894E+04
 0.42415015417752772E+00   0.19128155473023E-02  -0.67163669939365E+04
 0.42918168062405543E+00   0.20795740682274E-02  -0.61973180582723E+04
 0.43396598667727498E+00   0.22582992856177E-02  -0.57149356779422E+04
 0.43847351662449557E+00   0.24498497725618E-02  -0.52700904749515E+04
 0.44269439848426606E+00   0.26551456776172E-02  -0.48617474398012E+04
 0.44663298592072437E+00   0.28751731372654E-02  -0.44876755962921E+04
 0.45030198065301263E+00   0.31109890040199E-02  -0.41450957686905E+04
 0.45371775433672923E+00   0.33637259126873E-02  -0.38311397543032E+04
 0.45689746429400757E+00   0.36345977088734E-02  -0.35431000641043E+04
 0.45985768565809726E+00   0.39249052655295E-02  -0.32785235187557E+04
 0.46261394726166050E+00   0.42360427151559E-02  -0.30352204348961E+04
 0.46518066260519281E+00   0.45695041272231E-02  -0.28112417545227E+04
 0.46757118490972888E+00   0.49268906624595E-02  -0.26048498027297E+04
 0.46979788594627797E+00   0.53099182378730E-02  -0.24144912194530E+04
 0.47187223285868923E+00   0.57204257387563E-02  -0.22387736211785E+04
 0.47380485884428591E+00   0.61603838164655E-02  -0.20764456980810E+04
 0.47560562775654636E+00   0.66319043134761E-02  -0.19263802050892E+04
 0.47728369318201663E+00   0.71372503601200E-02  -0.17875593684089E+04
 0.47884755252428857E+00   0.76788471905016E-02  -0.16590623146817E+04
 0.48030509657113052E+00   0.82592937283951E-02  -0.15400542012547E+04
 0.48166365496902341E+00   0.88813749974526E-02  -0.14297767832487E+04
 0.48293003798387962E+00   0.95480754138094E-02  -0.13275401991259E+04
 0.48411057488680431E+00   0.10262593023187E-01  -0.12327157936507E+04
 0.48521114926867831E+00   0.11028354748868E-01  -0.11447298273449E+04
 0.48623723155643994E+00   0.11849032721462E-01  -0.10630579461948E+04
 0.48719390897670456E+00   0.12728561766261E-01  -0.98722030556451E+03
 0.48808591318829986E+00   0.13671158129094E-01  -0.91677725890142E+03
 0.48891764578403057E+00   0.14681339527142E-01  -0.85132553555606E+03
 0.48969320184315768E+00   0.15763946616981E-01  -0.79049484343164E+03
 0.49041639169939538E+00   0.16924165978315E-01  -0.73394484166338E+03
 0.49109076107443189E+00   0.18167554718499E-01  -0.68136243644675E+03
 0.49171960971382805E+00   0.19500066809896E-01  -0.63245935977115E+03
 0.49230600865043828E+00   0.20928081279553E-01  -0.58696999639463E+03
 0.49285281621005100E+00   0.22458432378533E-01  -0.54464942910119E+03
 0.49336269286456658E+00   0.24098441866553E-01  -0.50527167626497E+03
 0.49383811502957797E+00   0.25855953556357E-01  -0.46862809912938E+03
 0.49428138789551612E+00   0.27739370271550E-01  -0.43452595909673E+03
 0.49469465737442031E+00   0.29757693381404E-01  -0.40278710780114E+03
 0.49507992123774125E+00   0.31920565086455E-01  -0.37324679487742E+03
 0.49543903951422075E+00   0.34238313639551E-01  -0.34575258020236E+03
 0.49577374421066034E+00   0.36722001698414E-01  -0.32016333902586E+03
 0.49608564841216024E+00   0.39383478017693E-01  -0.29634834987291E+03
 0.49637625481201086E+00   0.42235432700963E-01  -0.27418645642233E+03
 0.49664696371475514E+00   0.45291456246181E-01  -0.25356529578743E+03
 0.49689908054889276E+00   0.48566102631601E-01  -0.23438058676462E+03
 0.49713382291823299E+00   0.52074956703276E-01  -0.21653547269790E+03
 0.49735232721300038E+00   0.55834706139791E-01  -0.19993991464544E+03
 0.49755565479356223E+00   0.59863218284852E-01  -0.18451013153257E+03
 0.49774479775124325E+00   0.64179622153785E-01  -0.17016808493147E+03
 0.49792068424241770E+00   0.68804395935657E-01  -0.15684100700659E+03
 0.49808418338437987E+00   0.73759460328728E-01  -0.14446097098004E+03
 0.49823610969499649E+00   0.79068278063012E-01  -0.13296450416295E+03
 0.49837722705367443E+00   0.84755959979821E-01  -0.12229224410923E+03
 0.49850825215985251E+00   0.90849378054143E-01  -0.11238863869777E+03
 0.49862985746858968E+00   0.97377285761297E-01  -0.10320169082612E+03
 0.49874267359304036E+00   0.10437044620442E+00  -0.94682747742227E+02
 0.49884729118389787E+00   0.11186176843355E+00  -0.86786333613605E+02
 0.49894426233089328E+00   0.11988645240026E+00  -0.79470021386572E+02
 0.49903410158753120E+00   0.12848214300340E+00  -0.72694335846583E+02
 0.49911728680435413E+00   0.13768909369134E+00  -0.66422673535951E+02
 0.49919426007062073E+00   0.14755034009334E+00  -0.60621216634267E+02
 0.49926542919400285E+00   0.15811188415740E+00  -0.55258808221067E+02
 0.49933117023458196E+00   0.16942288927237E+00  -0.50306749897442E+02
 0.49939183152669586E+00   0.18153588684917E+00  -0.45738489046644E+02
 0.49944773919831131E+00   0.19450699482699E+00  -0.41529194962371E+02
 0.49949920336931619E+00   0.20839614855590E+00  -0.37655285386028E+02
 0.49954652329614424E+00   0.22326734448556E+00  -0.34094033657051E+02
 0.49958998949817879E+00   0.23918889705942E+00  -0.30823403963729E+02
 0.49962988197261737E+00   0.25623370917446E+00  -0.27822181473141E+02
 0.49966646554017785E+00   0.27447955651526E+00  -0.25070318555519E+02
 0.49969998475860866E+00   0.29400938600797E+00  -0.22549313634188E+02
 0.49973066071567873E+00   0.31491162856155E+00  -0.20242448855158E+02
 0.49975869075085655E+00   0.33728052616913E+00  -0.18134807843066E+02
 0.49978425083545985E+00   0.36121647332923E+00  -0.16213094017550E+02
 0.49980749963829518E+00   0.38682637261280E+00  -0.14465322696514E+02
 0.49982858321610124E+00   0.41422400404472E+00  -0.12880466713075E+02
 0.49984763949722655E+00   0.44353040778554E+00  -0.11448117984724E+02
 0.49986480202283107E+00   0.47487427938818E+00  -0.10158205206490E+02
 0.49988020265989247E+00   0.50839237666158E+00  -0.90007890475632E+01
 0.49989397318344653E+00   0.54422993689737E+00  -0.79659424795780E+01
 0.49990624575475340E+00   0.58254110290335E+00  -0.70437141694594E+01
 0.49991715241372409E+00   0.62348935593563E+00  -0.62241660039218E+01
 0.49992682376815611E+00   0.66724795322943E+00  -0.54974710051888E+01
 0.49993538710360313E+00   0.71400036739287E+00  -0.48540548105274E+01
 0.49994296415760636E+00   0.76394072444865E+00  -0.42847624021593E+01
 0.49994966880217606E+00   0.81727423678444E+00  -0.37810317677903E+01
 0.49995560486331231E+00   0.87421762670440E+00  -0.33350573081215E+01
 0.49996086428701403E+00   0.93499953566278E+00  -0.29399272604255E+01
 0.49996552586015730E+00   0.99986091361083E+00  -0.25897194861932E+01
 0.49996965474864608E+00   0.10690553822024E+01  -0.22795359107576E+01
 0.49997330325614842E+00   0.11428495648913E+01  -0.20054453169544E+01
 0.49997651336627635E+00   0.12215233762238E+01  -0.17642922096338E+01
 0.49997932143936452E+00   0.13053702618907E+01  -0.15533438705610E+01
 0.49998176423683405E+00   0.13946973803820E+01  -0.13698377291831E+01
 0.49998388341757388E+00   0.14898257163832E+01  -0.12106435524050E+01
 0.49998572526994528E+00   0.15910901154124E+01  -0.10722835514852E+01
 0.49998733581734123E+00   0.16988392286241E+01  -0.95130002207896E+00
 0.49998875522950803E+00   0.18134353562483E+01  -0.84467512337263E+00
 0.49999001502386242E+00   0.19352541778144E+01  -0.75004107077439E+00
 0.49999113839581383E+00   0.20646843571704E+01  -0.66565528729689E+00
 0.49999214216877769E+00   0.22021270103889E+01  -0.59025389638283E+00
 0.49999303896500163E+00   0.23479950249930E+01  -0.52288863747086E+00
 0.49999383893145016E+00   0.25027122195788E+01  -0.46279721132326E+00
 0.49999455088219974E+00   0.26667123339008E+01  -0.40931746027069E+00
 0.49999518294583939E+00   0.28404378408543E+01  -0.36183873331571E+00
 0.49999574286192749E+00   0.30243385735729E+01  -0.31977961456171E+00
 0.49999623805845766E+00   0.32188701630746E+01  -0.28258210199372E+00
 0.49999667561197314E+00   0.34244922845610E+01  -0.24971460184288E+00
 0.49999706216137008E+00   0.36416667135785E+01  -0.22067840176352E+00
 0.49999740382065749E+00   0.38708551967931E+01  -0.19501422259368E+00
 0.49999770611578098E+00   0.41125171460457E+01  -0.17230696275183E+00
 0.49999797395574319E+00   0.43671071685993E+01  -0.15218786651152E+00
 0.49999821163808428E+00   0.46350724509653E+01  -0.13433411154200E+00
 0.49999842288264207E+00   0.49168500183013E+01  -0.11846627226105E+00
 0.49999861088467396E+00   0.52128638959647E+01  -0.10434432908034E+00
 0.49999877837807394E+00   0.55235222042457E+01  -0.91762919344315E-01
 0.49999892770076504E+00   0.58492142214126E+01  -0.80546425035892E-01
 0.49999906085658302E+00   0.61903074538070E+01  -0.70544324081944E-01
 0.49999917957041490E+00   0.65471447546554E+01  -0.61627048445494E-01
 0.49999928533546151E+00   0.69200415353393E+01  -0.53682433781735E-01
 0.49999937945294043E+00   0.73092831139412E+01  -0.46612737050995E-01
 0.49999946306523269E+00   0.77151222458371E+01  -0.40332146609839E-01
 0.49999953718355272E+00   0.81377768798438E+01  -0.34764703677124E-01
 0.49999960271095756E+00   0.85774281809213E+01  -0.29842573964073E-01
 0.49999966046119793E+00   0.90342188566791E+01  -0.25504631619939E-01
 0.49999971117375824E+00   0.95082518200100E+01  -0.21695329468438E-01
 0.49999975552547760E+00   0.99995892142010E+01  -0.18363826051605E-01
 0.49999979413930962E+00   0.10508251820010E+02  -0.15463327628527E-01
 0.49999982759091299E+00   0.11034218856679E+02  -0.12950593097467E-01
 0.49999985641375311E+00   0.11577428180921E+02  -0.10785550785691E-01
 0.49999988110320870E+00   0.12137776879844E+02  -0.89309899457870E-02
 0.49999990211990453E+00   0.12715122245837E+02  -0.73523104456590E-02
 0.49999991989225778E+00   0.13309283113941E+02  -0.60173314344464E-02
 0.49999993481814903E+00   0.13920041535339E+02  -0.48961658863094E-02
 0.49999994726570485E+00   0.14547144754655E+02  -0.39611617460038E-02
 0.49999995757335913E+00   0.15190307453807E+02  -0.31868973647307E-02
 0.49999996604951358E+00   0.15849214221413E+02  -0.25502069945137E-02
 0.49999997297218657E+00   0.16523522204246E+02  -0.20302071307720E-02
 0.49999997858899647E+00   0.17212863895965E+02  -0.16082978003314E-02
 0.49999998311770089E+00   0.17916850018301E+02  -0.12681220230337E-02
 0.49999998674737078E+00   0.18635072450965E+02  -0.99547765514418E-03
 0.49999998964014858E+00   0.19367107168599E+02  -0.77818528466567E-03
 0.49999999193346106E+00   0.20112517146046E+02  -0.60592202948062E-03
 0.49999999374251919E+00   0.20870855196793E+02  -0.47003376636034E-03
 0.49999999516293947E+00   0.21641666713578E+02  -0.36333821916645E-03
 0.49999999627334579E+00   0.22424492284561E+02  -0.27992950965550E-03
 0.49999999713784565E+00   0.23218870163075E+02  -0.21499218403553E-03
 0.49999999780830823E+00   0.24024338573573E+02  -0.16463006025669E-03
 0.49999999832640601E+00   0.24840437840854E+02  -0.12571289347185E-03
 0.49999999872540357E+00   0.25666712333901E+02  -0.95742000267962E-04
 0.49999999903169656E+00   0.26502712219579E+02  -0.72734640064298E-04
 0.49999999926611660E+00   0.27347995024993E+02  -0.55126063431554E-04
 0.49999999944502016E+00   0.28202127010389E+02  -0.41687623802411E-04
 0.49999999958119096E+00   0.29064684357170E+02  -0.31459085210572E-04
 0.49999999968457604E+00   0.29935254177814E+02  -0.23693259185054E-04
 0.49999999999999989E+00   0.30813435356248E+02  -0.83266726846887E-15
 0.50000000000000000E+00   0.31698839228624E+02   0.68278716014447E-14
 0.50000000000000000E+00   0.32591090115412E+02   0.99364960703952E-14
 0.50000000000000000E+00   0.33489825716383E+02   0.10935696792558E-13
 0.50000000000000000E+00   0.34394697380382E+02   0.11157741397483E-13
 0.50000000000000000E+00   0.35305370261891E+02   0.11102230246252E-13
 0.50000000000000000E+00   0.36221523376224E+02   0.10880185641327E-13
 0.50000000000000000E+00   0.37142849564891E+02   0.10658141036402E-13
 0.50000000000000000E+00   0.38069055382202E+02   0.10491607582708E-13
 0.50000000000000000E+00   0.38999860913611E+02   0.10214051826551E-13
 0.50000000000000000E+00   0.39934999535663E+02   0.10047518372858E-13
 0.50000000000000000E+00   0.40874217626704E+02   0.97699626167014E-14
