 0.32481420090301383E+00   0.97578195523695E-18  -0.20256445350967E+05
 0.32484725967859152E+00   0.29483069282768E-04  -0.20250561767747E+05
 0.32495602367032039E+00   0.61082173640461E-04  -0.20231213116745E+05
 0.32515655819152844E+00   0.94949178290611E-04  -0.20195572813703E+05
 0.32546736542315347E+00   0.13124684686428E-03  -0.20140420910841E+05
 0.32590960690889720E+00   0.17014962340302E-03  -0.20062127678758E+05
 0.32650729647437737E+00   0.21184447044981E-03  -0.19956651357840E+05
 0.32728743629077117E+00   0.25653176725507E-03  -0.19819557003365E+05
 0.32828005848990061E+00   0.30442627240692E-03  -0.19646064984990E+05
 0.32951812420346827E+00   0.35575815550320E-03  -0.19431138844470E+05
 0.33103721628115257E+00   0.41077410281323E-03  -0.19169623411633E+05
 0.33287494688569857E+00   0.46973850223137E-03  -0.18856443953314E+05
 0.33506998640447305E+00   0.53293471320370E-03  -0.18486875359484E+05
 0.33766061076584070E+00   0.60066642771546E-03  -0.18056885842714E+05
 0.34068266712133932E+00   0.67325912886222E-03  -0.17563551362187E+05
 0.34416688399134288E+00   0.75106165399386E-03  -0.17005524105145E+05
 0.34813551615892097E+00   0.83444786992019E-03  -0.16383520662040E+05
 0.35259843352979064E+00   0.92381846820159E-03  -0.15700774153587E+05
 0.35754894921974034E+00   0.10196028891215E-02  -0.14963372837588E+05
 0.36295993088949363E+00   0.11222613835509E-02  -0.14180391835519E+05
 0.36878101088750137E+00   0.12322872225722E-02  -0.13363723560097E+05
 0.37493791076674932E+00   0.13502090654347E-02  -0.12527536318021E+05
 0.38133487376398184E+00   0.14765934971652E-02  -0.11687346700392E+05
 0.38786079046106270E+00   0.16120477479678E-02  -0.10858778093653E+05
 0.39439873430240674E+00   0.17572226074079E-02  -0.10056178111002E+05
 0.40083745088368028E+00   0.19128155473023E-02  -0.92913482149962E+04
 0.40708232246637177E+00   0.20795740682274E-02  -0.85726570141394E+04
 0.41306306739216841E+00   0.22582992856177E-02  -0.79047345938508E+04
 0.41873631549067486E+00   0.24498497725618E-02  -0.72887864743113E+04
 0.42408298325465482E+00   0.26551456776172E-02  -0.67233796120359E+04
 0.42910217637567200E+00   0.28751731372654E-02  -0.62054250138186E+04
 0.43380419511564722E+00   0.31109890040199E-02  -0.57310746465553E+04
 0.43820476115819107E+00   0.33637259126873E-02  -0.52963572162353E+04
 0.44232134532380840E+00   0.36345977088734E-02  -0.48975239642908E+04
 0.44617135061887297E+00   0.39249052655295E-02  -0.45311782637598E+04
 0.44977143116249407E+00   0.42360427151559E-02  -0.41942883404853E+04
 0.45313732144405988E+00   0.45695041272231E-02  -0.38841556078956E+04
 0.45628383471979528E+00   0.49268906624595E-02  -0.35983741795876E+04
 0.45922490168999242E+00   0.53099182378730E-02  -0.33347933921546E+04
 0.46197361510261264E+00   0.57204257387563E-02  -0.30914854926484E+04
 0.46454227381179303E+00   0.61603838164655E-02  -0.28667180828521E+04
 0.46694242539042319E+00   0.66319043134761E-02  -0.26589305705567E+04
 0.46918490715971073E+00   0.71372503601200E-02  -0.24667139653159E+04
 0.47127988558646999E+00   0.76788471905016E-02  -0.22887934747203E+04
 0.47323689402296981E+00   0.82592937283951E-02  -0.21240134559432E+04
 0.47506486878180393E+00   0.88813749974526E-02  -0.19713243565084E+04
 0.47677218355301743E+00   0.95480754138094E-02  -0.18297713419241E+04
 0.47836668218309014E+00   0.10262593023187E-01  -0.16984843593048E+04
 0.47985570984564996E+00   0.11028354748868E-01  -0.15766694279109E+04
 0.48124614264224180E+00   0.11849032721462E-01  -0.14636009816472E+04
 0.48254441567836553E+00   0.12728561766261E-01  -0.13586151165112E+04
 0.48375654966551046E+00   0.13671158129094E-01  -0.12611036189849E+04
 0.48488817610425161E+00   0.14681339527142E-01  -0.11705086703669E+04
 0.48594456110677409E+00   0.15763946616981E-01  -0.10863181378031E+04
 0.48693062791957359E+00   0.16924165978315E-01  -0.10080613759027E+04
 0.48785097820862433E+00   0.18167554718499E-01  -0.93530547379392E+03
 0.48870991217007331E+00   0.19500066809896E-01  -0.86765189168767E+03
 0.48951144752951997E+00   0.20928081279553E-01  -0.80473343878051E+03
 0.49025933749217482E+00   0.22458432378533E-01  -0.74621155091164E+03
 0.49095708770461971E+00   0.24098441866553E-01  -0.69177383199861E+03
 0.49160797228645642E+00   0.25855953556357E-01  -0.64113182809500E+03
 0.49221504898674584E+00   0.27739370271550E-01  -0.59401900708625E+03
 0.49278117351574241E+00   0.29757693381404E-01  -0.55018892068988E+03
 0.49330901309690695E+00   0.31920565086455E-01  -0.50941352865681E+03
 0.49380105927751322E+00   0.34238313639551E-01  -0.47148166796501E+03
 0.49425964002831790E+00   0.36722001698414E-01  -0.43619765242186E+03
 0.49468693115381884E+00   0.39383478017693E-01  -0.40337999049877E+03
 0.49508496702475380E+00   0.42235432700963E-01  -0.37286021144247E+03
 0.49545565063401981E+00   0.45291456246181E-01  -0.34448179175714E+03
 0.49580076296664810E+00   0.48566102631601E-01  -0.31809917602356E+03
 0.49612197166462951E+00   0.52074956703276E-01  -0.29357688768329E+03
 0.49642083895937628E+00   0.55834706139791E-01  -0.27078872680819E+03
 0.49669882883999350E+00   0.59863218284852E-01  -0.24961705289927E+03
 0.49695731342652283E+00   0.64179622153785E-01  -0.22995215126533E+03
 0.49719757852699159E+00   0.68804395935657E-01  -0.21169168130424E+03
 0.49742082837980545E+00   0.73759460328728E-01  -0.19474020373269E+03
 0.49762818962472288E+00   0.79068278063012E-01  -0.17900878104638E+03
 0.49782071461389310E+00   0.84755959979821E-01  -0.16441464068424E+03
 0.49799938427670420E+00   0.90849378054143E-01  -0.15088088296515E+03
 0.49816511089010540E+00   0.97377285761297E-01  -0.13833620575285E+03
 0.49831874126147768E+00   0.10437044620442E+00  -0.12671460636729E+03
 0.49846106094171738E+00   0.11186176843355E+00  -0.11595501320337E+03
 0.49859280002147599E+00   0.11988645240026E+00  -0.10600080467256E+03
 0.49871464064468013E+00   0.12848214300340E+00  -0.96799204880122E+02
 0.49882722551120390E+00   0.13768909369134E+00  -0.88300610536268E+02
 0.49893116559488138E+00   0.14755034009334E+00  -0.80457982279712E+02
 0.49902704480869187E+00   0.15811188415740E+00  -0.73226470502020E+02
 0.49911542016704735E+00   0.16942288927237E+00  -0.66563383765546E+02
 0.49919681799986043E+00   0.18153588684917E+00  -0.60428456820640E+02
 0.49927172868385084E+00   0.19450699482699E+00  -0.54784231681884E+02
 0.49934060283946646E+00   0.20839614855590E+00  -0.49596329475985E+02
 0.49940385088254169E+00   0.22326734448556E+00  -0.44833471032946E+02
 0.49946184620328093E+00   0.23918889705942E+00  -0.40467226056695E+02
 0.49951493104999378E+00   0.25623370917446E+00  -0.36471560550040E+02
 0.49956342373183121E+00   0.27447955651526E+00  -0.32822286787322E+02
 0.49960762582545976E+00   0.29400938600797E+00  -0.29496514597050E+02
 0.49964782837220678E+00   0.31491162856155E+00  -0.26472179899261E+02
 0.49968431638977673E+00   0.33728052616913E+00  -0.23727701006436E+02
 0.49971737132171029E+00   0.36121647332923E+00  -0.21241790720637E+02
 0.49974727129835439E+00   0.38682637261280E+00  -0.18993433465123E+02
 0.49977428929421064E+00   0.41422400404472E+00  -0.16962020881687E+02
 0.49979868944674000E+00   0.44353040778554E+00  -0.15127625842447E+02
 0.49982072196012894E+00   0.47487427938818E+00  -0.13471382972983E+02
 0.49984061717990225E+00   0.50839237666158E+00  -0.11975931624538E+02
 0.49985857966496067E+00   0.54422993689737E+00  -0.10625859176801E+02
 0.49987478356033649E+00   0.58254110290335E+00  -0.94080467544073E+01
 0.49988937145847667E+00   0.62348935593563E+00  -0.83117530012623E+01
 0.49990245989547827E+00   0.66724795322943E+00  -0.73281995662583E+01
 0.49991415361417968E+00   0.71400036739287E+00  -0.64494982332847E+01
 0.49992456440549965E+00   0.76394072444865E+00  -0.56672345274727E+01
 0.49993382154720667E+00   0.81727423678444E+00  -0.49716830688734E+01
 0.49994206371325911E+00   0.87421762670440E+00  -0.43524152499026E+01
 0.49994941968486151E+00   0.93499953566278E+00  -0.37997481065078E+01
 0.49995599422561487E+00   0.99986091361083E+00  -0.33058050068353E+01
 0.49996186600314074E+00   0.10690553822024E+01  -0.28646712610178E+01
 0.49996709356007474E+00   0.11428495648913E+01  -0.24719451117552E+01
 0.49997172334795054E+00   0.12215233762238E+01  -0.21241338991294E+01
 0.49997579644503287E+00   0.13053702618907E+01  -0.18181492160486E+01
 0.49997935296622520E+00   0.13946973803820E+01  -0.15509755195953E+01
 0.49998243431658607E+00   0.14898257163832E+01  -0.13195007745506E+01
 0.49998508380496554E+00   0.15910901154124E+01  -0.11204703022642E+01
 0.49998734617379431E+00   0.16988392286241E+01  -0.95052205247612E+00
 0.49998926652919712E+00   0.18134353562483E+01  -0.80626692249598E+00
 0.49999088905118033E+00   0.19352541778144E+01  -0.68438559742410E+00
 0.49999225575475054E+00   0.20646843571704E+01  -0.58172156701299E+00
 0.49999340547200927E+00   0.22021270103889E+01  -0.49535754767730E+00
 0.49999437313983042E+00   0.23479950249930E+01  -0.42266895587884E+00
 0.49999518941161764E+00   0.25027122195788E+01  -0.36135304380213E+00
 0.49999588056583938E+00   0.26667123339008E+01  -0.30943574812766E+00
 0.49999646865698799E+00   0.28404378408543E+01  -0.26526033405646E+00
 0.49999697184312114E+00   0.30243385735729E+01  -0.22746277952304E+00
 0.49999740482428628E+00   0.32188701630746E+01  -0.19493883363047E+00
 0.49999777933398215E+00   0.34244922845610E+01  -0.16680709397785E+00
 0.49999810463785127E+00   0.36416667135785E+01  -0.14237154251920E+00
 0.49999838800717572E+00   0.38708551967931E+01  -0.12108597558585E+00
 0.49999863514719789E+00   0.41125171460457E+01  -0.10252182820482E+00
 0.49999885057028720E+00   0.43671071685993E+01  -0.86340142030035E-01
 0.49999903791073147E+00   0.46350724509653E+01  -0.72267918646026E-01
 0.49999920018153521E+00   0.49168500183013E+01  -0.60078829358799E-01
 0.49999933997497187E+00   0.52128638959647E+01  -0.49578150164775E-01
 0.49999945960919856E+00   0.55235222042457E+01  -0.40591748421011E-01
 0.49999956122439360E+00   0.58492142214126E+01  -0.32958861183846E-01
 0.49999964683435927E+00   0.61903074538070E+01  -0.26528218907942E-01
 0.49999971834303908E+00   0.65471447546554E+01  -0.21156804588004E-01
 0.49999977753863128E+00   0.69200415353393E+01  -0.16710295864407E-01
 0.49999982607908999E+00   0.73092831139412E+01  -0.13064154002679E-01
 0.49999986548042608E+00   0.77151222458371E+01  -0.10104502628986E-01
 0.49999989711362358E+00   0.81377768798438E+01  -0.77283592596125E-02
 0.49999992220959255E+00   0.85774281809213E+01  -0.58432632956689E-02
 0.49999994186758362E+00   0.90342188566791E+01  -0.43666438175514E-02
 0.49999995706251316E+00   0.95082518200100E+01  -0.32252694290540E-02
 0.49999996864944629E+00   0.99995892142010E+01  -0.23549114711563E-02
 0.49999997736641821E+00   0.10508251820010E+02  -0.17001320277907E-02
 0.49999998383798189E+00   0.11034218856679E+02  -0.12140175029143E-02
 0.49999998858129868E+00   0.11577428180921E+02  -0.85772105410276E-03
 0.49999999201526829E+00   0.12137776879844E+02  -0.59977683357948E-03
 0.49999999447205962E+00   0.12715122245837E+02  -0.41523380911435E-03
 0.49999999620987229E+00   0.13309283113941E+02  -0.28469720354818E-03
 0.49999999742574613E+00   0.13920041535339E+02  -0.19336627476818E-03
 0.49999999826751873E+00   0.14547144754655E+02  -0.13013614506430E-03
 0.49999999884438506E+00   0.15190307453807E+02  -0.86804566763243E-04
 0.49999999923583005E+00   0.15849214221413E+02  -0.57401000752577E-04
 0.49999999949892515E+00   0.16523522204246E+02  -0.37638481026780E-04
 0.49999999967412262E+00   0.17212863895965E+02  -0.24478438461761E-04
 0.50000000000000000E+00   0.17916850018301E+02   0.60396132539609E-13
 0.50000000000000000E+00   0.18635072450965E+02   0.60174087934683E-13
 0.50000000000000000E+00   0.19367107168599E+02   0.58286708792821E-13
 0.50000000000000000E+00   0.20112517146046E+02   0.56288307348495E-13
 0.50000000000000000E+00   0.20870855196793E+02   0.54289905904170E-13
 0.50000000000000000E+00   0.21641666713578E+02   0.52291504459845E-13
 0.50000000000000000E+00   0.22424492284561E+02   0.50626169922907E-13
 0.50000000000000000E+00   0.23218870163075E+02   0.48627768478582E-13
 0.50000000000000000E+00   0.24024338573573E+02   0.47184478546569E-13
 0.50000000000000000E+00   0.24840437840854E+02   0.45630166312094E-13
 0.50000000000000000E+00   0.25666712333901E+02   0.44075854077619E-13
 0.50000000000000000E+00   0.26502712219579E+02   0.42743586448069E-13
 0.50000000000000000E+00   0.27347995024993E+02   0.41411318818518E-13
 0.50000000000000000E+00   0.28202127010389E+02   0.40079051188968E-13
 0.50000000000000000E+00   0.29064684357170E+02   0.38968828164343E-13
 0.50000000000000000E+00   0.29935254177814E+02   0.37747582837255E-13
 0.50000000000000000E+00   0.30813435356248E+02   0.36748382115093E-13
 0.50000000000000000E+00   0.31698839228624E+02   0.35638159090468E-13
 0.50000000000000000E+00   0.32591090115412E+02   0.34638958368305E-13
 0.50000000000000000E+00   0.33489825716383E+02   0.33750779948605E-13
 0.50000000000000000E+00   0.34394697380382E+02   0.32862601528905E-13
 0.50000000000000000E+00   0.35305370261891E+02   0.32085445411667E-13
 0.50000000000000000E+00   0.36221523376224E+02   0.31252778143198E-13
 0.50000000000000000E+00   0.37142849564891E+02   0.30531133177192E-13
 0.50000000000000000E+00   0.38069055382202E+02   0.29753977059954E-13
 0.50000000000000000E+00   0.38999860913611E+02   0.29032332093948E-13
 0.50000000000000000E+00   0.39934999535663E+02   0.28421709430404E-13
 0.50000000000000000E+00   0.40874217626704E+02   0.27700064464398E-13
