 0.25152818996323084E+00   0.97578195523695E-18  -0.37101357798032E+05
 0.25156453577636317E+00   0.29483069282768E-04  -0.37090571121414E+05
 0.25168413766822922E+00   0.61082173640461E-04  -0.37055097776688E+05
 0.25190474209543467E+00   0.94949178290611E-04  -0.36989755932574E+05
 0.25224688166412534E+00   0.13124684686428E-03  -0.36888642115380E+05
 0.25273417986972979E+00   0.17014962340302E-03  -0.36745101640846E+05
 0.25339365049870838E+00   0.21184447044981E-03  -0.36551724514854E+05
 0.25425596812384121E+00   0.25653176725507E-03  -0.36300379815726E+05
 0.25535567515109292E+00   0.30442627240692E-03  -0.35982304708929E+05
 0.25673128224940800E+00   0.35575815550320E-03  -0.35588265484572E+05
 0.25842519827408889E+00   0.41077410281323E-03  -0.35108810784944E+05
 0.26048340572637252E+00   0.46973850223137E-03  -0.34534636711638E+05
 0.26295477248274896E+00   0.53293471320370E-03  -0.33857080341165E+05
 0.26588986513483104E+00   0.60066642771546E-03  -0.33068749848670E+05
 0.26933910885606260E+00   0.67325912886222E-03  -0.32164284296000E+05
 0.27335013470575859E+00   0.75106165399386E-03  -0.31141212526632E+05
 0.27796418602067324E+00   0.83444786992019E-03  -0.30000848166912E+05
 0.28321154748112992E+00   0.92381846820159E-03  -0.28749118539162E+05
 0.28910614456689165E+00   0.10196028891215E-02  -0.27397185453019E+05
 0.29563976091631056E+00   0.11222613835509E-02  -0.25961686713322E+05
 0.30277672696701957E+00   0.12322872225722E-02  -0.24464425241869E+05
 0.31045036434029488E+00   0.13502090654347E-02  -0.22931376514644E+05
 0.31856274072504148E+00   0.14765934971652E-02  -0.21390987937298E+05
 0.32698912102761840E+00   0.16120477479678E-02  -0.19871902770090E+05
 0.33558763681114673E+00   0.17572226074079E-02  -0.18400425404531E+05
 0.34421313625817035E+00   0.19128155473023E-02  -0.16998192324348E+05
 0.35273240160088626E+00   0.20795740682274E-02  -0.15680546472251E+05
 0.36103685444526240E+00   0.22582992856177E-02  -0.14455976851997E+05
 0.36904937862666726E+00   0.24498497725618E-02  -0.13326694119215E+05
 0.37672403791295284E+00   0.26551456776172E-02  -0.12290071590983E+05
 0.38404019028825620E+00   0.28751731372654E-02  -0.11340446714759E+05
 0.39099424044954406E+00   0.31109890040199E-02  -0.10470765414427E+05
 0.39759215664988801E+00   0.33637259126873E-02  -0.96737476963725E+04
 0.40384437545531371E+00   0.36345977088734E-02  -0.89425216199070E+04
 0.40976309112892628E+00   0.39249052655295E-02  -0.82708608997448E+04
 0.41536110058769149E+00   0.42360427151559E-02  -0.76532082368546E+04
 0.42065138164536758E+00   0.45695041272231E-02  -0.70846172733763E+04
 0.42564692946053156E+00   0.49268906624595E-02  -0.65606783725794E+04
 0.43036066514940358E+00   0.53099182378730E-02  -0.60774499164457E+04
 0.43480536545920356E+00   0.57204257387563E-02  -0.56313990702791E+04
 0.43899360335289916E+00   0.61603838164655E-02  -0.52193512662629E+04
 0.44293769764350593E+00   0.66319043134761E-02  -0.48384470308476E+04
 0.44664967090897484E+00   0.71372503601200E-02  -0.44861049407922E+04
 0.45014121500192922E+00   0.76788471905016E-02  -0.41599897099861E+04
 0.45342366347413893E+00   0.82592937283951E-02  -0.38579845900951E+04
 0.45650797024881473E+00   0.88813749974526E-02  -0.35781674132311E+04
 0.45940469389673555E+00   0.95480754138094E-02  -0.33187897215998E+04
 0.46212398690246359E+00   0.10262593023187E-01  -0.30782585234830E+04
 0.46467558934213138E+00   0.11028354748868E-01  -0.28551202916266E+04
 0.46706882643248371E+00   0.11849032721462E-01  -0.26480468827750E+04
 0.46931260945023628E+00   0.12728561766261E-01  -0.24558231085480E+04
 0.47141543955989684E+00   0.13671158129094E-01  -0.22773357303338E+04
 0.47338541412566582E+00   0.14681339527142E-01  -0.21115636861281E+04
 0.47523023511787121E+00   0.15763946616981E-01  -0.19575693867012E+04
 0.47695721925575024E+00   0.16924165978315E-01  -0.18144909432190E+04
 0.47857330955567579E+00   0.18167554718499E-01  -0.16815352093923E+04
 0.48008508797680344E+00   0.19500066809896E-01  -0.15579715390782E+04
 0.48149878887455067E+00   0.20928081279553E-01  -0.14431261755726E+04
 0.48282031298664135E+00   0.22458432378533E-01  -0.13363772020403E+04
 0.48405524168745168E+00   0.24098441866553E-01  -0.12371499939502E+04
 0.48520885125544944E+00   0.25855953556357E-01  -0.11449131242174E+04
 0.48628612690776618E+00   0.27739370271550E-01  -0.10591746801011E+04
 0.48729177636852683E+00   0.29757693381404E-01  -0.97947895775276E+03
 0.48823024275799576E+00   0.31920565086455E-01  -0.90540350548211E+03
 0.48910571662421376E+00   0.34238313639551E-01  -0.83655649000310E+03
 0.48992214699629250E+00   0.36722001698414E-01  -0.77257436059939E+03
 0.49068325143014546E+00   0.39383478017693E-01  -0.71311978358767E+03
 0.49139252515608178E+00   0.42235432700963E-01  -0.65787981278398E+03
 0.49205324963345626E+00   0.45291456246181E-01  -0.60656425023924E+03
 0.49266850106594795E+00   0.48566102631601E-01  -0.55890413576342E+03
 0.49324115968871696E+00   0.52074956703276E-01  -0.51465028711299E+03
 0.49377392078808402E+00   0.55834706139791E-01  -0.47357180420019E+03
 0.49426930824136928E+00   0.59863218284852E-01  -0.43545446655731E+03
 0.49472969061800542E+00   0.64179622153785E-01  -0.40009901239864E+03
 0.49515729850419632E+00   0.68804395935657E-01  -0.36731939390153E+03
 0.49555424018542193E+00   0.73759460328728E-01  -0.33694121945317E+03
 0.49592251224582495E+00   0.79068278063012E-01  -0.30880063584876E+03
 0.49626400302757900E+00   0.84755959979821E-01  -0.28274379650626E+03
 0.49658048994122628E+00   0.90849378054143E-01  -0.25862683010052E+03
 0.49687363448525368E+00   0.97377285761297E-01  -0.23631600874861E+03
 0.49714497962825221E+00   0.10437044620442E+00  -0.21568775856667E+03
 0.49739595268068720E+00   0.11186176843355E+00  -0.19662827469383E+03
 0.49762787425117871E+00   0.11988645240026E+00  -0.17903269637962E+03
 0.49784197179989265E+00   0.12848214300340E+00  -0.16280395512639E+03
 0.49803939527774405E+00   0.13768909369134E+00  -0.14785148507317E+03
 0.49822123222086989E+00   0.14755034009334E+00  -0.13408999245792E+03
 0.49838852006124656E+00   0.15811188415740E+00  -0.12143845047033E+03
 0.49854225402474722E+00   0.16942288927237E+00  -0.10981943929942E+03
 0.49868338969810400E+00   0.18153588684917E+00  -0.99158897629374E+02
 0.49881284015892841E+00   0.19450699482699E+00  -0.89386290907368E+02
 0.49893146855107828E+00   0.20839614855590E+00  -0.80435127787596E+02
 0.49904007825763558E+00   0.22326734448556E+00  -0.72243661156629E+02
 0.49913940440361848E+00   0.23918889705942E+00  -0.64755491927375E+02
 0.49923011186750177E+00   0.25623370917446E+00  -0.57919685695826E+02
 0.49931280463385846E+00   0.27447955651526E+00  -0.51690039346168E+02
 0.49938804634688772E+00   0.29400938600797E+00  -0.46023509550330E+02
 0.49945638217151306E+00   0.31491162856155E+00  -0.40878548656171E+02
 0.49951834620590863E+00   0.33728052616913E+00  -0.36214532737683E+02
 0.49957444808360979E+00   0.36121647332923E+00  -0.31992757730352E+02
 0.49962515067840341E+00   0.38682637261280E+00  -0.28178104853757E+02
 0.49967085701126784E+00   0.41422400404472E+00  -0.24740013486208E+02
 0.49971191402295628E+00   0.44353040778554E+00  -0.21652186485906E+02
 0.49974862867100034E+00   0.47487427938818E+00  -0.18891370871336E+02
 0.49978128769045893E+00   0.50839237666158E+00  -0.16435865508281E+02
 0.49981017433719455E+00   0.54422993689737E+00  -0.14264257701049E+02
 0.49983557884313035E+00   0.58254110290335E+00  -0.12354633796731E+02
 0.49985780195636170E+00   0.62348935593563E+00  -0.10684310241127E+02
 0.49987715252776865E+00   0.66724795322943E+00  -0.92300123318545E+01
 0.49989394090007494E+00   0.71400036739287E+00  -0.79683684676168E+01
 0.49990847010928030E+00   0.76394072444865E+00  -0.68765688007844E+01
 0.49992102680061157E+00   0.81727423678444E+00  -0.59330454170311E+01
 0.49993187343219347E+00   0.87421762670440E+00  -0.51180559285192E+01
 0.49994124291135561E+00   0.93499953566278E+00  -0.44140845439900E+01
 0.49994933636870204E+00   0.99986091361083E+00  -0.38060076954689E+01
 0.49995632433364573E+00   0.10690553822024E+01  -0.32810044318844E+01
 0.49996235102061970E+00   0.11428495648913E+01  -0.28282334189117E+01
 0.49996754060864623E+00   0.12215233762238E+01  -0.24383604547729E+01
 0.49997200344855625E+00   0.13053702618907E+01  -0.21030916387989E+01
 0.49997583989535488E+00   0.13946973803820E+01  -0.18148851041939E+01
 0.49997914081209405E+00   0.14898257163832E+01  -0.15669128935595E+01
 0.49998198602235921E+00   0.15910901154124E+01  -0.13531769947122E+01
 0.49998444301837736E+00   0.16988392286241E+01  -0.11686062128154E+01
 0.49998656729081398E+00   0.18134353562483E+01  -0.10090312565930E+01
 0.49998840412158685E+00   0.19352541778144E+01  -0.87104995864319E+00
 0.49998999094941698E+00   0.20646843571704E+01  -0.75184950341058E+00
 0.49999135953925289E+00   0.22021270103889E+01  -0.64904341186748E+00
 0.49999253759871920E+00   0.23479950249930E+01  -0.56055008152921E+00
 0.49999354980899485E+00   0.25027122195788E+01  -0.48451532396573E+00
 0.49999441839354408E+00   0.26667123339008E+01  -0.41926962474832E+00
 0.49999516338508238E+00   0.28404378408543E+01  -0.36330807558526E+00
 0.49999580273026578E+00   0.30243385735729E+01  -0.31528249943265E+00
 0.49999635233211803E+00   0.32188701630746E+01  -0.27399825497243E+00
 0.49999682609145546E+00   0.34244922845610E+01  -0.23841111823809E+00
 0.49999723597795309E+00   0.36416667135785E+01  -0.20762193920424E+00
 0.49999759214050354E+00   0.38708551967931E+01  -0.18086834816873E+00
 0.49999790305400155E+00   0.41125171460457E+01  -0.15751372689624E+00
 0.49999817569356281E+00   0.43671071685993E+01  -0.13703411985340E+00
 0.49999841572526388E+00   0.46350724509653E+01  -0.11900390496284E+00
 0.49999862770294640E+00   0.49168500183013E+01  -0.10308100937069E+00
 0.49999881526210965E+00   0.52128638959647E+01  -0.88992344236271E-01
 0.49999898130360720E+00   0.55235222042457E+01  -0.76520005571311E-01
 0.49999912816137254E+00   0.58492142214126E+01  -0.65488675057083E-01
 0.49999925774964821E+00   0.61903074538070E+01  -0.55754560511472E-01
 0.49999937168634306E+00   0.65471447546554E+01  -0.47196129638866E-01
 0.49999947139040396E+00   0.69200415353393E+01  -0.39706795760709E-01
 0.49999955815266145E+00   0.73092831139412E+01  -0.33189596107362E-01
 0.49999963318152885E+00   0.77151222458371E+01  -0.27553758991450E-01
 0.49999969762701990E+00   0.81377768798438E+01  -0.22712899715419E-01
 0.49999975258837692E+00   0.85774281809213E+01  -0.18584447480608E-01
 0.49999979911164272E+00   0.90342188566791E+01  -0.15089827756178E-01
 0.49999983818328853E+00   0.95082518200100E+01  -0.12154940924264E-01
 0.49999987072445873E+00   0.99995892142010E+01  -0.97105944823412E-02
 0.49999989758801211E+00   0.10508251820010E+02  -0.76927253347727E-02
 0.49999991955825229E+00   0.11034218856679E+02  -0.60424200005960E-02
 0.49999993735195558E+00   0.11577428180921E+02  -0.47058373820090E-02
 0.49999995161929400E+00   0.12137776879844E+02  -0.36341394345056E-02
 0.49999996294408894E+00   0.12715122245837E+02  -0.27834720769615E-02
 0.49999997184376344E+00   0.13309283113941E+02  -0.21149688425859E-02
 0.49999997876982638E+00   0.13920041535339E+02  -0.15947143687605E-02
 0.49999998410964619E+00   0.14547144754655E+02  -0.11936113102875E-02
 0.49999998818984176E+00   0.15190307453807E+02  -0.88712551790238E-03
 0.49999999128117872E+00   0.15849214221413E+02  -0.65491830677455E-03
 0.49999999360454572E+00   0.16523522204246E+02  -0.48039751544549E-03
 0.49999999533747796E+00   0.17212863895965E+02  -0.35022751133562E-03
 0.49999999662072775E+00   0.17916850018301E+02  -0.25383561545778E-03
 0.49999999756449881E+00   0.18635072450965E+02  -0.18294381302053E-03
 0.49999999825409541E+00   0.19367107168599E+02  -0.13114443847906E-03
 0.49999999875485845E+00   0.20112517146046E+02  -0.93529388476510E-04
 0.49999999911635490E+00   0.20870855196793E+02  -0.66375420202380E-04
 0.49999999937584938E+00   0.21641666713578E+02  -0.46883375507178E-04
 0.49999999956112412E+00   0.22424492284561E+02  -0.32966377426336E-04
 0.49999999969272996E+00   0.23218870163075E+02  -0.23080750052085E-04
 0.50000000000000000E+00   0.24024338573573E+02   0.33129055054815E-12
 0.50000000000000000E+00   0.24840437840854E+02   0.32374103398070E-12
 0.50000000000000000E+00   0.25666712333901E+02   0.31441516057384E-12
 0.50000000000000000E+00   0.26502712219579E+02   0.30486724256207E-12
 0.50000000000000000E+00   0.27347995024993E+02   0.29576341376014E-12
 0.50000000000000000E+00   0.28202127010389E+02   0.28665958495822E-12
 0.50000000000000000E+00   0.29064684357170E+02   0.27844393457599E-12
 0.50000000000000000E+00   0.29935254177814E+02   0.27022828419376E-12
 0.50000000000000000E+00   0.30813435356248E+02   0.26267876762631E-12
 0.50000000000000000E+00   0.31698839228624E+02   0.25512925105886E-12
 0.50000000000000000E+00   0.32591090115412E+02   0.24824586830619E-12
 0.50000000000000000E+00   0.33489825716383E+02   0.24158453015843E-12
 0.50000000000000000E+00   0.34394697380382E+02   0.23514523661561E-12
 0.50000000000000000E+00   0.35305370261891E+02   0.22915003228263E-12
 0.50000000000000000E+00   0.36221523376224E+02   0.22337687255458E-12
 0.50000000000000000E+00   0.37142849564891E+02   0.21782575743146E-12
 0.50000000000000000E+00   0.38069055382202E+02   0.21271873151818E-12
 0.50000000000000000E+00   0.38999860913611E+02   0.20761170560490E-12
 0.50000000000000000E+00   0.39934999535663E+02   0.20272672429655E-12
 0.50000000000000000E+00   0.40874217626704E+02   0.19795276529067E-12
