 0.14130532160959558E+00   0.97578195523695E-18  -0.95337939747153E+05
 0.14133487096875008E+00   0.29483069282768E-04  -0.95310154799897E+05
 0.14143214568448140E+00   0.61082173640461E-04  -0.95218770441293E+05
 0.14161167141720246E+00   0.94949178290611E-04  -0.95050445340321E+05
 0.14189038016317765E+00   0.13124684686428E-03  -0.94789969198313E+05
 0.14228792358826892E+00   0.17014962340302E-03  -0.94420198123519E+05
 0.14282702728206639E+00   0.21184447044981E-03  -0.93922044580905E+05
 0.14353387078619767E+00   0.25653176725507E-03  -0.93274562384033E+05
 0.14443846858645565E+00   0.30442627240692E-03  -0.92455178138112E+05
 0.14557504239486921E+00   0.35575815550320E-03  -0.91440105321243E+05
 0.14698234609169791E+00   0.41077410281323E-03  -0.90204996901395E+05
 0.14870389334652243E+00   0.46973850223137E-03  -0.88725885829945E+05
 0.15078801027400301E+00   0.53293471320370E-03  -0.86980456436694E+05
 0.15328760290056648E+00   0.60066642771546E-03  -0.84949667702336E+05
 0.15625948794777955E+00   0.67325912886222E-03  -0.82619710568454E+05
 0.15976309081860243E+00   0.75106165399386E-03  -0.79984220545826E+05
 0.16385827694786648E+00   0.83444786992019E-03  -0.77046583330859E+05
 0.16860207396023782E+00   0.92381846820159E-03  -0.73822070167449E+05
 0.17404409964487311E+00   0.10196028891215E-02  -0.70339437070537E+05
 0.18022068702339161E+00   0.11222613835509E-02  -0.66641546997203E+05
 0.18714804677641755E+00   0.12322872225722E-02  -0.62784569058434E+05
 0.19481534667054135E+00   0.13502090654347E-02  -0.58835421711409E+05
 0.20317923146804695E+00   0.14765934971652E-02  -0.54867392000304E+05
 0.21216179413766870E+00   0.16120477479678E-02  -0.50954272462268E+05
 0.22165390769867635E+00   0.17572226074079E-02  -0.47163831774906E+05
 0.23152472582210032E+00   0.19128155473023E-02  -0.43551815236410E+05
 0.24163607406414367E+00   0.20795740682274E-02  -0.40157757159782E+05
 0.25185818192989201E+00   0.22582992856177E-02  -0.37003537204146E+05
 0.26208214434449478E+00   0.24498497725618E-02  -0.34094862880439E+05
 0.27222567561855238E+00   0.26551456776172E-02  -0.31424981264148E+05
 0.28223170994074098E+00   0.28751731372654E-02  -0.28979319200396E+05
 0.29206236821647613E+00   0.31109890040199E-02  -0.26739718780174E+05
 0.30169192659458977E+00   0.33637259126873E-02  -0.24687439647622E+05
 0.31110140129849156E+00   0.36345977088734E-02  -0.22804791883197E+05
 0.32027547764335457E+00   0.39249052655295E-02  -0.21075747885678E+05
 0.32920120004262071E+00   0.42360427151559E-02  -0.19486002299921E+05
 0.33786755152787762E+00   0.45695041272231E-02  -0.18022822307533E+05
 0.34626534375057932E+00   0.49268906624595E-02  -0.16674856230892E+05
 0.35438717241622242E+00   0.53099182378730E-02  -0.15431956333809E+05
 0.36222736885776041E+00   0.57204257387563E-02  -0.14285026001391E+05
 0.36978193603262721E+00   0.61603838164655E-02  -0.13225889384338E+05
 0.37704846964454286E+00   0.66319043134761E-02  -0.12247179980544E+05
 0.38402606683371188E+00   0.71372503601200E-02  -0.11342245041622E+05
 0.39071522495424782E+00   0.76788471905016E-02  -0.10505063254423E+05
 0.39711773281364249E+00   0.82592937283951E-02  -0.97301736158342E+04
 0.40323655654759316E+00   0.88813749974526E-02  -0.90126137941411E+04
 0.40907572207760212E+00   0.95480754138094E-02  -0.83478665702842E+04
 0.41464019587744716E+00   0.10262593023187E-01  -0.77318131917696E+04
 0.41993576559138418E+00   0.11028354748868E-01  -0.71606926612884E+04
 0.42496892194072267E+00   0.11849032721462E-01  -0.66310661285256E+04
 0.42974674336912622E+00   0.12728561766261E-01  -0.61397856620745E+04
 0.43427678504954581E+00   0.13671158129094E-01  -0.56839667525809E+04
 0.43856697421914054E+00   0.14681339527142E-01  -0.52609639432118E+04
 0.44262551425872670E+00   0.15763946616981E-01  -0.48683490099585E+04
 0.44646080027087481E+00   0.16924165978315E-01  -0.45038911448343E+04
 0.45008134868897987E+00   0.18167554718499E-01  -0.41655386693820E+04
 0.45349574205391391E+00   0.19500066809896E-01  -0.38514019732140E+04
 0.45671258713589324E+00   0.20928081279553E-01  -0.35597376561664E+04
 0.45974048065440853E+00   0.22458432378533E-01  -0.32889341894544E+04
 0.46258797407174657E+00   0.24098441866553E-01  -0.30374996171780E+04
 0.46526353003908189E+00   0.25855953556357E-01  -0.28040516813094E+04
 0.46777546887097388E+00   0.27739370271550E-01  -0.25873102418104E+04
 0.47013191101251944E+00   0.29757693381404E-01  -0.23860912561876E+04
 0.47234072604031124E+00   0.31920565086455E-01  -0.21993012774069E+04
 0.47440949771972601E+00   0.34238313639551E-01  -0.20259315995347E+04
 0.47634550947540322E+00   0.36722001698414E-01  -0.18650516625905E+04
 0.47815574873141653E+00   0.39383478017693E-01  -0.17158018242613E+04
 0.47984692441638527E+00   0.42235432700963E-01  -0.15773859256367E+04
 0.48142549010486679E+00   0.45291456246181E-01  -0.14490641945175E+04
 0.48289766527968780E+00   0.48566102631601E-01  -0.13301470010924E+04
 0.48426944844371334E+00   0.52074956703276E-01  -0.12199898642769E+04
 0.48554661802752935E+00   0.55834706139791E-01  -0.11179899257166E+04
 0.48673472031787435E+00   0.59863218284852E-01  -0.10235838554055E+04
 0.48783904812935774E+00   0.64179622153785E-01  -0.93624681503477E+03
 0.48886461929837322E+00   0.68804395935657E-01  -0.85549171037714E+03
 0.48981616828159447E+00   0.73759460328728E-01  -0.78086766758432E+03
 0.49069816244847353E+00   0.79068278063012E-01  -0.71195683259289E+03
 0.49151484176290244E+00   0.84755959979821E-01  -0.64836961304305E+03
 0.49227025986110201E+00   0.90849378054143E-01  -0.58974007156865E+03
 0.49296829590655317E+00   0.97377285761297E-01  -0.53572379944100E+03
 0.49361262848380844E+00   0.10437044620442E+00  -0.48599886883744E+03
 0.49420669878906509E+00   0.11186176843355E+00  -0.44026769992184E+03
 0.49475370150462822E+00   0.11988645240026E+00  -0.39825688073676E+03
 0.49525661875741306E+00   0.12848214300340E+00  -0.35971378961439E+03
 0.49571828226762832E+00   0.13768909369134E+00  -0.32440119144524E+03
 0.49614143415906214E+00   0.14755034009334E+00  -0.29209206617627E+03
 0.49652875956945297E+00   0.15811188415740E+00  -0.26256669057530E+03
 0.49688287672569426E+00   0.16942288927237E+00  -0.23561302246668E+03
 0.49720628737953515E+00   0.18153588684917E+00  -0.21103012739161E+03
 0.49750131058501867E+00   0.19450699482699E+00  -0.18863287809859E+03
 0.49777004140273240E+00   0.20839614855590E+00  -0.16825477114629E+03
 0.49801437527956494E+00   0.22326734448556E+00  -0.14974579482508E+03
 0.49823608962555266E+00   0.23918889705942E+00  -0.13296602182765E+03
 0.49843689924417273E+00   0.25623370917446E+00  -0.11778124228994E+03
 0.49861841723548317E+00   0.27447955651526E+00  -0.10406577770177E+03
 0.49878207557952131E+00   0.29400938600797E+00  -0.91708342375216E+02
 0.49892910842503191E+00   0.31491162856155E+00  -0.80613170621949E+02
 0.49906061943039293E+00   0.33728052616913E+00  -0.70694823538427E+02
 0.49917768043264404E+00   0.36121647332923E+00  -0.61870668584111E+02
 0.49928140587481806E+00   0.38682637261280E+00  -0.54055216741225E+02
 0.49937297691874960E+00   0.41422400404472E+00  -0.47158266650989E+02
 0.49945361621582768E+00   0.44353040778554E+00  -0.41086768292425E+02
 0.49952453090067084E+00   0.47487427938818E+00  -0.35749075897691E+02
 0.49958684912646778E+00   0.50839237666158E+00  -0.31059683124983E+02
 0.49964157599770370E+00   0.54422993689737E+00  -0.26942497949562E+02
 0.49968958648933570E+00   0.58254110290335E+00  -0.23331338771113E+02
 0.49973165210736981E+00   0.62348935593563E+00  -0.20167899767300E+02
 0.49976847226345811E+00   0.66724795322943E+00  -0.17399369602810E+02
 0.49980068048251647E+00   0.71400036739287E+00  -0.14977948291089E+02
 0.49982883014140334E+00   0.76394072444865E+00  -0.12861906024114E+02
 0.49985338815045421E+00   0.81727423678444E+00  -0.11016046870077E+02
 0.49987474884876493E+00   0.87421762670440E+00  -0.94106553875707E+01
 0.49989325748682717E+00   0.93499953566278E+00  -0.80197252020077E+01
 0.49990922942450328E+00   0.99986091361083E+00  -0.68195116665239E+01
 0.49992295942639708E+00   0.10690553822024E+01  -0.57878300142782E+01
 0.49993472262311123E+00   0.11428495648913E+01  -0.49039805093949E+01
 0.49994477149696331E+00   0.12215233762238E+01  -0.41489727598069E+01
 0.49995333295251243E+00   0.13053702618907E+01  -0.35057439994369E+01
 0.49996060780894197E+00   0.13946973803820E+01  -0.29591957361100E+01
 0.49996677297006537E+00   0.14898257163832E+01  -0.24960295475464E+01
 0.49997198486886041E+00   0.15910901154124E+01  -0.21044874092964E+01
 0.49997638229428132E+00   0.16988392286241E+01  -0.17741386577446E+01
 0.49998008765507951E+00   0.18134353562483E+01  -0.14957845393768E+01
 0.49998320724537126E+00   0.19352541778144E+01  -0.12614378727267E+01
 0.49998583174571565E+00   0.20646843571704E+01  -0.10642851111013E+01
 0.49998803765105426E+00   0.22021270103889E+01  -0.89857885449532E+00
 0.49998988943241590E+00   0.23479950249930E+01  -0.75947530291172E+00
 0.49999144183129174E+00   0.25027122195788E+01  -0.64286179161608E+00
 0.49999274180330655E+00   0.26667123339008E+01  -0.54521070548733E+00
 0.49999382992881486E+00   0.28404378408543E+01  -0.46347346116387E+00
 0.49999474133959404E+00   0.30243385735729E+01  -0.39501085549449E+00
 0.49999550631115380E+00   0.32188701630746E+01  -0.33754854338347E+00
 0.49999615067550501E+00   0.34244922845610E+01  -0.28914601048870E+00
 0.49999669617047598E+00   0.36416667135785E+01  -0.24817031807739E+00
 0.49999716079371381E+00   0.38708551967931E+01  -0.21326950058924E+00
 0.49999755918925110E+00   0.41125171460457E+01  -0.18334352013036E+00
 0.49999790306722247E+00   0.43671071685993E+01  -0.15751273334574E+00
 0.49999820164230935E+00   0.46350724509653E+01  -0.13508495331482E+00
 0.49999846207089504E+00   0.49168500183013E+01  -0.11552260949566E+00
 0.49999868986743234E+00   0.52128638959647E+01  -0.98411470089559E-01
 0.49999888928423958E+00   0.55235222042457E+01  -0.83432112132078E-01
 0.49999906364365931E+00   0.58492142214126E+01  -0.70334970283124E-01
 0.49999921561589894E+00   0.61903074538070E+01  -0.58919466125428E-01
 0.49999934743946450E+00   0.65471447546554E+01  -0.49017449741889E-01
 0.49999946108416360E+00   0.69200415353393E+01  -0.40480955402039E-01
 0.49999955835972865E+00   0.73092831139412E+01  -0.33174042124626E-01
 0.49999964097653721E+00   0.77151222458371E+01  -0.26968232498172E-01
 0.49999971056843195E+00   0.81377768798438E+01  -0.21740798443496E-01
 0.49999976869036489E+00   0.85774281809213E+01  -0.17374938079971E-01
 0.49999981680430017E+00   0.90342188566791E+01  -0.13760834624090E-01
 0.49999985626466115E+00   0.95082518200100E+01  -0.10796749464673E-01
 0.49999988830993253E+00   0.99995892142010E+01  -0.83896528856382E-02
 0.49999991406158428E+00   0.10508251820010E+02  -0.64553049099239E-02
 0.49999993452762720E+00   0.11034218856679E+02  -0.49179881792467E-02
 0.49999995060721897E+00   0.11577428180921E+02  -0.37101619412629E-02
 0.49999996309425804E+00   0.12137776879844E+02  -0.27721920721211E-02
 0.49999997268004964E+00   0.12715122245837E+02  -0.20521508195479E-02
 0.49999997995638151E+00   0.13309283113941E+02  -0.15055857341109E-02
 0.49999998542033347E+00   0.13920041535339E+02  -0.10951584288348E-02
 0.49999998948137275E+00   0.14547144754655E+02  -0.79011157850140E-03
 0.49999999247045629E+00   0.15190307453807E+02  -0.56558517401850E-03
 0.49999999465035838E+00   0.15849214221413E+02  -0.40184081215333E-03
 0.49999999622632091E+00   0.16523522204246E+02  -0.28346166462256E-03
 0.49999999735626716E+00   0.17212863895965E+02  -0.19858522593275E-03
 0.49999999816006657E+00   0.17916850018301E+02  -0.13820747136339E-03
 0.49999999872757678E+00   0.18635072450965E+02  -0.95578670305407E-04
 0.49999999912539189E+00   0.19367107168599E+02  -0.65696606015742E-04
 0.49999999940234385E+00   0.20112517146046E+02  -0.44893240163546E-04
 0.49999999959388786E+00   0.20870855196793E+02  -0.30505311458207E-04
 0.49999999969931991E+00   0.21641666713578E+02  -0.22585736624503E-04
 0.50000000000000022E+00   0.22424492284561E+02   0.14753531729639E-10
 0.50000000000000022E+00   0.23218870163075E+02   0.14250822744089E-10
 0.50000000000000022E+00   0.24024338573573E+02   0.13773870932710E-10
 0.50000000000000022E+00   0.24840437840854E+02   0.13321344027872E-10
 0.50000000000000022E+00   0.25666712333901E+02   0.12892353851157E-10
 0.50000000000000022E+00   0.26502712219579E+02   0.12485124045725E-10
 0.50000000000000022E+00   0.27347995024993E+02   0.12099654611575E-10
 0.50000000000000022E+00   0.28202127010389E+02   0.11732836924239E-10
 0.50000000000000022E+00   0.29064684357170E+02   0.11385115072926E-10
 0.50000000000000022E+00   0.29935254177814E+02   0.11054268611588E-10
 0.50000000000000000E+00   0.30813435356248E+02   0.10739409361804E-10
 0.50000000000000000E+00   0.31698839228624E+02   0.10438316877526E-10
 0.50000000000000000E+00   0.32591090115412E+02   0.10152767515592E-10
 0.50000000000000000E+00   0.33489825716383E+02   0.98805408299540E-11
 0.50000000000000000E+00   0.34394697380382E+02   0.96203045529819E-11
 0.50000000000000000E+00   0.35305370261891E+02   0.93725027738856E-11
 0.50000000000000000E+00   0.36221523376224E+02   0.91353591358256E-11
 0.50000000000000000E+00   0.37142849564891E+02   0.89088736388021E-11
 0.50000000000000000E+00   0.38069055382202E+02   0.86921581043953E-11
 0.50000000000000000E+00   0.38999860913611E+02   0.84847684433953E-11
 0.50000000000000000E+00   0.39934999535663E+02   0.82862605665923E-11
 0.50000000000000000E+00   0.40874217626704E+02   0.80953022063568E-11
