 0.20225032603477175E-01   0.97578195523695E-18  -0.89093849006969E+06
 0.20788559817027430E-01   0.29483069282768E-04  -0.86576921802924E+06
 0.22652094477590711E-01   0.61082173640461E-04  -0.79145462575521E+06
 0.26086130273122305E-01   0.94949178290611E-04  -0.68232160356720E+06
 0.31256231513133073E-01   0.13124684686428E-03  -0.56324617454499E+06
 0.38023079783880032E-01   0.17014962340302E-03  -0.45632298435812E+06
 0.45918813948786698E-01   0.21184447044981E-03  -0.37140025665406E+06
 0.54443068947838402E-01   0.25653176725507E-03  -0.30736892430532E+06
 0.63322660042574128E-01   0.30442627240692E-03  -0.25900065128028E+06
 0.72472588178157660E-01   0.35575815550320E-03  -0.22155907517455E+06
 0.81870176067633749E-01   0.41077410281323E-03  -0.19181597325957E+06
 0.91501271915901669E-01   0.46973850223137E-03  -0.16767291919233E+06
 0.10135071246602978E+00   0.53293471320370E-03  -0.14772824334093E+06
 0.11140159838729327E+00   0.60066642771546E-03  -0.13101135387671E+06
 0.12163534648776077E+00   0.67325912886222E-03  -0.11682885171424E+06
 0.13203179776237223E+00   0.75106165399386E-03  -0.10467213930209E+06
 0.14256935324083644E+00   0.83444786992019E-03  -0.94159675557439E+05
 0.15322513583495456E+00   0.92381846820159E-03  -0.84999611532012E+05
 0.16397517596687050E+00   0.10196028891215E-02  -0.76964880982237E+05
 0.17479461803988378E+00   0.11222613835509E-02  -0.69876157174716E+05
 0.18565794413116526E+00   0.12322872225722E-02  -0.63589922729228E+05
 0.19653921071861352E+00   0.13502090654347E-02  -0.57989948133476E+05
 0.20741229381324078E+00   0.14765934971652E-02  -0.52981094332671E+05
 0.21825113758367709E+00   0.16120477479678E-02  -0.48484732046997E+05
 0.22903000144269500E+00   0.17572226074079E-02  -0.44435306251977E+05
 0.23972370062442058E+00   0.19128155473023E-02  -0.40777725157339E+05
 0.25030783551162467E+00   0.20795740682274E-02  -0.37465351685948E+05
 0.26075900536327362E+00   0.22582992856177E-02  -0.34458441231766E+05
 0.27105500262304166E+00   0.24498497725618E-02  -0.31722914110600E+05
 0.28117498463288321E+00   0.26551456776172E-02  -0.29229381900063E+05
 0.29109962030021819E+00   0.28751731372654E-02  -0.26952368413154E+05
 0.30081121003844391E+00   0.31109890040199E-02  -0.24869681342089E+05
 0.31029377808340353E+00   0.33637259126873E-02  -0.22961901600420E+05
 0.31953313704992869E+00   0.36345977088734E-02  -0.21211965385424E+05
 0.32851692530274512E+00   0.39249052655295E-02  -0.19604819860879E+05
 0.33723461834998114E+00   0.42360427151559E-02  -0.18127137727237E+05
 0.34567751600601460E+00   0.45695041272231E-02  -0.16767079221746E+05
 0.35383870750059543E+00   0.49268906624595E-02  -0.15514092570317E+05
 0.36171301702639791E+00   0.53099182378730E-02  -0.14358745805486E+05
 0.36929693241676032E+00   0.57204257387563E-02  -0.13292584321238E+05
 0.37658851973387253E+00   0.61603838164655E-02  -0.12308009664839E+05
 0.38358732653411420E+00   0.66319043134761E-02  -0.11398175947970E+05
 0.39029427647417392E+00   0.71372503601200E-02  -0.10556900953239E+05
 0.39671155774421019E+00   0.76788471905016E-02  -0.97785895613102E+04
 0.40284250757984896E+00   0.82592937283951E-02  -0.90581675611393E+04
 0.40869149483192241E+00   0.88813749974526E-02  -0.83910242556757E+04
 0.41426380228151527E+00   0.95480754138094E-02  -0.77729625563369E+04
 0.41956551009972315E+00   0.10262593023187E-01  -0.72001554854391E+04
 0.42460338159051092E+00   0.11028354748868E-01  -0.66691081867026E+04
 0.42938475214889110E+00   0.11849032721462E-01  -0.61766246872461E+04
 0.43391742224804586E+00   0.12728561766261E-01  -0.57197787649598E+04
 0.43820955527578692E+00   0.13671158129094E-01  -0.52958883557306E+04
 0.44226958121065651E+00   0.14681339527142E-01  -0.49024929875392E+04
 0.44610610748077206E+00   0.15763946616981E-01  -0.45373337555914E+04
 0.44972783884297396E+00   0.16924165978315E-01  -0.41983353616274E+04
 0.45314350857685559E+00   0.18167554718499E-01  -0.38835897494679E+04
 0.45636182330268210E+00   0.19500066809896E-01  -0.35913409131365E+04
 0.45939142268044719E+00   0.20928081279553E-01  -0.33199705837340E+04
 0.46224085260307063E+00   0.22458432378533E-01  -0.30679847532078E+04
 0.46491854658286319E+00   0.24098441866553E-01  -0.28340013287294E+04
 0.46743280674706394E+00   0.25855953556357E-01  -0.26167394650433E+04
 0.46979177613426260E+00   0.27739370271550E-01  -0.24150110610557E+04
 0.47200339927635171E+00   0.29757693381404E-01  -0.22277144424121E+04
 0.47407537596926613E+00   0.31920565086455E-01  -0.20538296148638E+04
 0.47601511864888230E+00   0.34238313639551E-01  -0.18924140818618E+04
 0.47782972358978487E+00   0.36722001698414E-01  -0.17425983126605E+04
 0.47952596124588109E+00   0.39383478017693E-01  -0.16035804005902E+04
 0.48111028499532804E+00   0.42235432700963E-01  -0.14746199582137E+04
 0.48258885314501959E+00   0.45291456246181E-01  -0.13550316377118E+04
 0.48396755706153682E+00   0.48566102631601E-01  -0.12441787984967E+04
 0.48525204819544299E+00   0.52074956703276E-01  -0.11414678282559E+04
 0.48644775783665167E+00   0.55834706139791E-01  -0.10463435235482E+04
 0.48755990532243909E+00   0.59863218284852E-01  -0.95828578218016E+03
 0.48859349314588801E+00   0.64179622153785E-01  -0.87680764921318E+03
 0.48955329118394014E+00   0.68804395935657E-01  -0.80145447495157E+03
 0.49044381703407558E+00   0.73759460328728E-01  -0.73180358984664E+03
 0.49126932405463625E+00   0.79068278063012E-01  -0.66746356740465E+03
 0.49203380963462207E+00   0.84755959979821E-01  -0.60807210038764E+03
 0.49274104800486174E+00   0.90849378054143E-01  -0.55329217034244E+03
 0.49339463347989365E+00   0.97377285761297E-01  -0.50280761038317E+03
 0.49399800500354829E+00   0.10437044620442E+00  -0.45632028709049E+03
 0.49455443322686243E+00   0.11186176843355E+00  -0.41355029170490E+03
 0.49506698505463398E+00   0.11988645240026E+00  -0.37423793592277E+03
 0.49553850258404775E+00   0.12848214300340E+00  -0.33814469993256E+03
 0.49597162089114971E+00   0.13768909369134E+00  -0.30505127948604E+03
 0.49636881967956886E+00   0.14755034009334E+00  -0.27475314125967E+03
 0.49673248425224525E+00   0.15811188415740E+00  -0.24705546798846E+03
 0.49706494907440246E+00   0.16942288927237E+00  -0.22176951387473E+03
 0.49736850613200934E+00   0.18153588684917E+00  -0.19871169303060E+03
 0.49764537399486702E+00   0.19450699482699E+00  -0.17770567941681E+03
 0.49789763955386396E+00   0.20839614855590E+00  -0.15858658708971E+03
 0.49812720169390823E+00   0.22326734448556E+00  -0.14120500569729E+03
 0.49833575748757569E+00   0.23918889705942E+00  -0.12542782870681E+03
 0.49852485432876231E+00   0.25623370917446E+00  -0.11113412564890E+03
 0.49869596854042086E+00   0.27447955651526E+00  -0.98209060062956E+02
 0.49885052292090143E+00   0.29400938600797E+00  -0.86542458211682E+02
 0.49898982231038641E+00   0.31491162856155E+00  -0.76033578013733E+02
 0.49911499263984976E+00   0.33728052616913E+00  -0.66595611336895E+02
 0.49922699533779846E+00   0.36121647332923E+00  -0.58154509212850E+02
 0.49932670235638216E+00   0.38682637261280E+00  -0.50643259075973E+02
 0.49941497866059315E+00   0.41422400404472E+00  -0.43995624546300E+02
 0.49949273422663187E+00   0.44353040778554E+00  -0.38142199039096E+02
 0.49956093397796164E+00   0.47487427938818E+00  -0.33009633608876E+02
 0.49962057235082213E+00   0.50839237666158E+00  -0.28522527372851E+02
 0.49967262822162473E+00   0.54422993689737E+00  -0.24606793291126E+02
 0.49971801835257740E+00   0.58254110290335E+00  -0.21193133675118E+02
 0.49975756516223369E+00   0.62348935593563E+00  -0.18219438727811E+02
 0.49979198791242357E+00   0.66724795322943E+00  -0.15631426965627E+02
 0.49982191515652041E+00   0.71400036739287E+00  -0.13381691320735E+02
 0.49984790424844106E+00   0.76394072444865E+00  -0.11428218906340E+02
 0.49987045172317962E+00   0.81727423678444E+00  -0.97336005153027E+01
 0.49988999183941818E+00   0.87421762670440E+00  -0.82651321918048E+01
 0.49990689439590519E+00   0.93499953566278E+00  -0.69949729426666E+01
 0.49992147097385919E+00   0.99986091361083E+00  -0.58996706141642E+01
 0.49993398821367230E+00   0.10690553822024E+01  -0.49591605070397E+01
 0.49994468168482820E+00   0.11428495648913E+01  -0.41557205373988E+01
 0.49995376584040763E+00   0.12215233762238E+01  -0.34732213887842E+01
 0.49996143914383367E+00   0.13053702618907E+01  -0.28967399009642E+01
 0.49996788560056249E+00   0.13946973803820E+01  -0.24124428768280E+01
 0.49997327443836820E+00   0.14898257163832E+01  -0.20076101998366E+01
 0.49997775931174893E+00   0.15910901154124E+01  -0.16706938726170E+01
 0.49998147779964219E+00   0.16988392286241E+01  -0.13913551662043E+01
 0.49998455145878729E+00   0.18134353562483E+01  -0.11604601544221E+01
 0.49998708639672240E+00   0.19352541778144E+01  -0.97003632043018E+00
 0.49998917421700090E+00   0.20646843571704E+01  -0.81320129075449E+00
 0.49999089318991652E+00   0.22021270103889E+01  -0.68407469954806E+00
 0.49999230954133872E+00   0.23479950249930E+01  -0.57768123482710E+00
 0.49999347878674971E+00   0.25027122195788E+01  -0.48985032992866E+00
 0.49999444705624974E+00   0.26667123339008E+01  -0.41711656334178E+00
 0.49999525236598807E+00   0.28404378408543E+01  -0.35662410461499E+00
 0.49999592580086050E+00   0.30243385735729E+01  -0.30603784096325E+00
 0.49999649258545742E+00   0.32188701630746E+01  -0.26346290888700E+00
 0.49999697303335117E+00   0.34244922845610E+01  -0.22737337203587E+00
 0.49999738337587907E+00   0.36416667135785E+01  -0.19654995580017E+00
 0.49999773647887219E+00   0.38708551967931E+01  -0.17002620264403E+00
 0.49999804245919272E+00   0.41125171460457E+01  -0.14704215563518E+00
 0.49999830921346805E+00   0.43671071685993E+01  -0.12700463893238E+00
 0.49999854287024509E+00   0.46350724509653E+01  -0.10945329178292E+00
 0.49999874817492712E+00   0.49168500183013E+01  -0.94031652295055E-01
 0.49999892881492103E+00   0.52128638959647E+01  -0.80462732758267E-01
 0.49999908769070978E+00   0.55235222042457E+01  -0.68528657238451E-01
 0.49999922713720135E+00   0.58492142214126E+01  -0.58054034402609E-01
 0.49999934909881466E+00   0.61903074538070E+01  -0.48892805487636E-01
 0.49999945526148898E+00   0.65471447546554E+01  -0.40918328205249E-01
 0.49999954714525136E+00   0.69200415353393E+01  -0.34016423277905E-01
 0.49999962616214316E+00   0.73092831139412E+01  -0.28081023241890E-01
 0.49999969364588648E+00   0.77151222458371E+01  -0.23011943899583E-01
 0.49999975086115006E+00   0.81377768798438E+01  -0.18714188274519E-01
 0.49999979900092489E+00   0.85774281809213E+01  -0.15098143692791E-01
 0.49999983917977381E+00   0.90342188566791E+01  -0.12080088807483E-01
 0.49999987242846133E+00   0.95082518200100E+01  -0.95825969360650E-02
 0.49999989969233211E+00   0.99995892142010E+01  -0.75346578367812E-02
 0.49999992183296771E+00   0.10508251820010E+02  -0.58715532491895E-02
 0.49999993963118217E+00   0.11034218856679E+02  -0.45346318415911E-02
 0.49999995378958351E+00   0.11577428180921E+02  -0.34711168155370E-02
 0.49999996493407883E+00   0.12137776879844E+02  -0.26339928180938E-02
 0.49999997361485643E+00   0.12715122245837E+02  -0.19819321624617E-02
 0.49999998030788911E+00   0.13309283113941E+02  -0.14791819112840E-02
 0.49999998541782598E+00   0.13920041535339E+02  -0.10953466530390E-02
 0.49999998928260625E+00   0.14547144754655E+02  -0.80504190862740E-03
 0.49999999217960200E+00   0.15190307453807E+02  -0.58743274168105E-03
 0.49999999433277253E+00   0.15849214221413E+02  -0.42569636433321E-03
 0.49999999592022137E+00   0.16523522204246E+02  -0.30645441587840E-03
 0.49999999708162185E+00   0.17212863895965E+02  -0.21921529736879E-03
 0.49999999792511451E+00   0.17916850018301E+02  -0.15585595914569E-03
 0.49999999853344779E+00   0.18635072450965E+02  -0.11016073056336E-03
 0.49999999896925618E+00   0.19367107168599E+02  -0.77424790866587E-04
 0.49999999927947425E+00   0.20112517146046E+02  -0.54122612222596E-04
 0.49999999949894358E+00   0.20870855196793E+02  -0.37637082013209E-04
 0.49999999965330044E+00   0.21641666713578E+02  -0.26042486481526E-04
 0.49999999969932074E+00   0.22424492284561E+02  -0.22585663039809E-04
 0.50000000000000089E+00   0.23218870163075E+02   0.85829121587722E-10
 0.50000000000000089E+00   0.24024338573573E+02   0.82953643953942E-10
 0.50000000000000089E+00   0.24840437840854E+02   0.80228268473093E-10
 0.50000000000000089E+00   0.25666712333901E+02   0.77645889717814E-10
 0.50000000000000089E+00   0.26502712219579E+02   0.75197181814701E-10
 0.50000000000000089E+00   0.27347995024993E+02   0.72873262979556E-10
 0.50000000000000089E+00   0.28202127010389E+02   0.70665251428181E-10
 0.50000000000000067E+00   0.29064684357170E+02   0.68568262179269E-10
 0.50000000000000067E+00   0.29935254177814E+02   0.66575189805462E-10
 0.50000000000000067E+00   0.30813435356248E+02   0.64677596611773E-10
 0.50000000000000067E+00   0.31698839228624E+02   0.62870153527683E-10
 0.50000000000000067E+00   0.32591090115412E+02   0.61148863750304E-10
 0.50000000000000067E+00   0.33489825716383E+02   0.59507954119908E-10
 0.50000000000000067E+00   0.34394697380382E+02   0.57942539655187E-10
 0.50000000000000067E+00   0.35305370261891E+02   0.56448179464041E-10
 0.50000000000000067E+00   0.36221523376224E+02   0.55020432654374E-10
 0.50000000000000044E+00   0.37142849564891E+02   0.53655302423294E-10
 0.50000000000000044E+00   0.38069055382202E+02   0.52350124235545E-10
 0.50000000000000044E+00   0.38999860913611E+02   0.51100901288237E-10
 0.50000000000000044E+00   0.39934999535663E+02   0.49904302912296E-10
 0.50000000000000044E+00   0.40874217626704E+02   0.48757442527858E-10
