 0.43477129265846098E+00   0.97578195523695E-18  -0.56347837705346E+04
 0.43478774415871768E+00   0.29483069282768E-04  -0.56331494520135E+04
 0.43484185467884851E+00   0.61082173640461E-04  -0.56277748981034E+04
 0.43494156194323974E+00   0.94949178290611E-04  -0.56178749276198E+04
 0.43509594498853349E+00   0.13124684686428E-03  -0.56025551307862E+04
 0.43531529428847943E+00   0.17014962340302E-03  -0.55808072652544E+04
 0.43561115068460921E+00   0.21184447044981E-03  -0.55515086296276E+04
 0.43599629581106736E+00   0.25653176725507E-03  -0.55134273119755E+04
 0.43648467181562345E+00   0.30442627240692E-03  -0.54652356538872E+04
 0.43709120321424699E+00   0.35575815550320E-03  -0.54055346583793E+04
 0.43783148884781781E+00   0.41077410281323E-03  -0.53328923543629E+04
 0.43872132878136644E+00   0.46973850223137E-03  -0.52458991158991E+04
 0.43977605123462626E+00   0.53293471320370E-03  -0.51432424356937E+04
 0.44100961106363717E+00   0.60066642771546E-03  -0.50238023967366E+04
 0.44243344744856261E+00   0.67325912886222E-03  -0.48867667894501E+04
 0.44405511832693578E+00   0.75106165399386E-03  -0.47317612446639E+04
 0.44587677624090027E+00   0.83444786992019E-03  -0.45589848369473E+04
 0.44789361558755719E+00   0.92381846820159E-03  -0.43693356745258E+04
 0.45009249994108325E+00   0.10196028891215E-02  -0.41645049558324E+04
 0.45245105552447162E+00   0.11222613835509E-02  -0.39470135594598E+04
 0.45493756545058789E+00   0.12322872225722E-02  -0.37201649401867E+04
 0.45751197960481427E+00   0.13502090654347E-02  -0.34878947406670E+04
 0.46012822601104914E+00   0.14765934971652E-02  -0.32545131223054E+04
 0.46273775126602174E+00   0.16120477479678E-02  -0.30243599077439E+04
 0.46529386210933232E+00   0.17572226074079E-02  -0.28014205348491E+04
 0.46775609295356452E+00   0.19128155473023E-02  -0.25889731750046E+04
 0.47009364840482404E+00   0.20795740682274E-02  -0.23893424274040E+04
 0.47228711301109411E+00   0.22582992856177E-02  -0.22038144115118E+04
 0.47432810515712426E+00   0.24498497725618E-02  -0.20327239777313E+04
 0.47621720592468070E+00   0.26551456776172E-02  -0.18756730409567E+04
 0.47796100713457285E+00   0.28751731372654E-02  -0.17318035283677E+04
 0.47956923714033489E+00   0.31109890040199E-02  -0.16000465203178E+04
 0.48105262013682726E+00   0.33637259126873E-02  -0.14792988547650E+04
 0.48242164110724406E+00   0.36345977088734E-02  -0.13685191809057E+04
 0.48368602130030414E+00   0.39249052655295E-02  -0.12667639571569E+04
 0.48485459507091344E+00   0.42360427151559E-02  -0.11731909838210E+04
 0.48593535051964043E+00   0.45695041272231E-02  -0.10870506061289E+04
 0.48693551302364746E+00   0.49268906624595E-02  -0.10076744666019E+04
 0.48786162916026365E+00   0.53099182378730E-02  -0.93446509351235E+03
 0.48871964149671249E+00   0.57204257387563E-02  -0.86688692388366E+03
 0.48951495389330929E+00   0.61603838164655E-02  -0.80445864774094E+03
 0.49025248852008307E+00   0.66319043134761E-02  -0.74674666533808E+03
 0.49093673578281855E+00   0.71372503601200E-02  -0.69335947333199E+03
 0.49157179817463925E+00   0.76788471905016E-02  -0.64394282881649E+03
 0.49216142890622100E+00   0.82592937283951E-02  -0.59817556755392E+03
 0.49270906603282943E+00   0.88813749974526E-02  -0.55576597474890E+03
 0.49321786268498441E+00   0.95480754138094E-02  -0.51644862440934E+03
 0.49369071391723846E+00   0.10262593023187E-01  -0.47998161764877E+03
 0.49413028061275410E+00   0.11028354748868E-01  -0.44614416190799E+03
 0.49453901081723639E+00   0.11849032721462E-01  -0.41473444256101E+03
 0.49491915882204962E+00   0.12728561766261E-01  -0.38556774614723E+03
 0.49527280227116716E+00   0.13671158129094E-01  -0.35847480087495E+03
 0.49560185752850994E+00   0.14681339527142E-01  -0.33330030533416E+03
 0.49590809350999010E+00   0.15763946616981E-01  -0.30990162074870E+03
 0.49619314415722271E+00   0.16924165978315E-01  -0.28814760575701E+03
 0.49645851970659216E+00   0.18167554718499E-01  -0.26791757576856E+03
 0.49670561688749332E+00   0.19500066809896E-01  -0.24910037150878E+03
 0.49693572816657217E+00   0.20928081279553E-01  -0.23159352352376E+03
 0.49715005014021446E+00   0.22458432378533E-01  -0.21530250123832E+03
 0.49734969116499794E+00   0.24098441866553E-01  -0.20014003670370E+03
 0.49753567830502332E+00   0.25855953556357E-01  -0.18602551448078E+03
 0.49770896366571976E+00   0.27739370271550E-01  -0.17288442021938E+03
 0.49787043017565458E+00   0.29757693381404E-01  -0.16064784144560E+03
 0.49802089687089018E+00   0.31920565086455E-01  -0.14925201488195E+03
 0.49816112373037147E+00   0.34238313639551E-01  -0.13863791532264E+03
 0.49829181610556039E+00   0.36722001698414E-01  -0.12875088168390E+03
 0.49841362878295803E+00   0.39383478017693E-01  -0.11954027636407E+03
 0.49852716971416933E+00   0.42235432700963E-01  -0.11095917449083E+03
 0.49863300344469919E+00   0.45291456246181E-01  -0.10296408001465E+03
 0.49873165426964577E+00   0.48566102631601E-01  -0.95514665937295E+02
 0.49882360914181872E+00   0.52074956703276E-01  -0.88573536248916E+02
 0.49890932035550861E+00   0.55834706139791E-01  -0.82106007394146E+02
 0.49898920802711061E+00   0.59863218284852E-01  -0.76079907302082E+02
 0.49906366239202149E+00   0.64179622153785E-01  -0.70465390202171E+02
 0.49913304593564367E+00   0.68804395935657E-01  -0.65234765612779E+02
 0.49919769537489378E+00   0.73759460328728E-01  -0.60362340035681E+02
 0.49925792350528997E+00   0.79068278063012E-01  -0.55824270022195E+02
 0.49931402092744109E+00   0.84755959979821E-01  -0.51598425399009E+02
 0.49936625766553649E+00   0.90849378054143E-01  -0.47664261557842E+02
 0.49941488468920386E+00   0.97377285761297E-01  -0.44002699826522E+02
 0.49946013534881323E+00   0.10437044620442E+00  -0.40596015053396E+02
 0.49950222673293659E+00   0.11186176843355E+00  -0.37427729655260E+02
 0.49954136095518242E+00   0.11988645240026E+00  -0.34482513503906E+02
 0.49957772637600006E+00   0.12848214300340E+00  -0.31746089159799E+02
 0.49961149876327110E+00   0.13768909369134E+00  -0.29205142104164E+02
 0.49964284239360085E+00   0.14755034009334E+00  -0.26847235772564E+02
 0.49967191109420073E+00   0.15811188415740E+00  -0.24660731351704E+02
 0.49969884922318192E+00   0.16942288927237E+00  -0.22634712462893E+02
 0.49972379258404065E+00   0.18153588684917E+00  -0.20758915014229E+02
 0.49974686926820650E+00   0.19450699482699E+00  -0.19023662651242E+02
 0.49976820041789405E+00   0.20839614855590E+00  -0.17419808362455E+02
 0.49978790090027925E+00   0.22326734448556E+00  -0.15938682891100E+02
 0.49980607988337611E+00   0.23918889705942E+00  -0.14572050655702E+02
 0.49982284130405841E+00   0.25623370917446E+00  -0.13312073879901E+02
 0.49983828421954590E+00   0.27447955651526E+00  -0.12151285568303E+02
 0.49985250303540651E+00   0.29400938600797E+00  -0.11082571837124E+02
 0.49986558760567079E+00   0.31491162856155E+00  -0.10099163919245E+02
 0.49987762320387724E+00   0.33728052616913E+00  -0.91946399227878E+01
 0.49988869036759331E+00   0.36121647332923E+00  -0.83629361438688E+01
 0.49989886462310151E+00   0.38682637261280E+00  -0.75983674241992E+01
 0.49990821610188962E+00   0.41422400404472E+00  -0.68956556734510E+01
 0.49991680906804015E+00   0.44353040778554E+00  -0.62499651171356E+01
 0.49992470139029288E+00   0.47487427938818E+00  -0.56569417287667E+01
 0.49993194402503383E+00   0.50839237666158E+00  -0.51127518656631E+01
 0.49993858064605246E+00   0.54422993689737E+00  -0.46141099006390E+01
 0.49994464768742697E+00   0.58254110290335E+00  -0.41582748376541E+01
 0.49995017525242119E+00   0.62348935593563E+00  -0.37429818888917E+01
 0.49995518945407147E+00   0.66724795322943E+00  -0.33662665207940E+01
 0.49995971642242898E+00   0.71400036739287E+00  -0.30261633249348E+01
 0.49996378703612843E+00   0.76394072444865E+00  -0.27203505134136E+01
 0.49996743991841036E+00   0.81727423678444E+00  -0.24459248306123E+01
 0.49997072032907480E+00   0.87421762670440E+00  -0.21994847914602E+01
 0.49997367529115788E+00   0.93499953566278E+00  -0.19774967649507E+01
 0.49997634801423507E+00   0.99986091361083E+00  -0.17767138694772E+01
 0.49997877444679928E+00   0.10690553822024E+01  -0.15944349078450E+01
 0.49998098258170204E+00   0.11428495648913E+01  -0.14285564852515E+01
 0.49998299357099246E+00   0.12215233762238E+01  -0.12774892130285E+01
 0.49998482350503159E+00   0.13053702618907E+01  -0.11400240254715E+01
 0.49998648514180266E+00   0.13946973803820E+01  -0.10152022502602E+01
 0.49998798929453420E+00   0.14898257163832E+01  -0.90221135559354E+00
 0.49998934582356541E+00   0.15910901154124E+01  -0.80031043243336E+00
 0.49999056427548433E+00   0.16988392286241E+01  -0.70878217680463E+00
 0.49999165423921299E+00   0.18134353562483E+01  -0.62690613669172E+00
 0.49999262548821699E+00   0.19352541778144E+01  -0.55394802578158E+00
 0.49999348796981552E+00   0.20646843571704E+01  -0.48916052320762E+00
 0.49999425169345330E+00   0.22021270103889E+01  -0.43179166304023E+00
 0.49999492656139155E+00   0.23479950249930E+01  -0.38109754925853E+00
 0.49999552217747839E+00   0.25027122195788E+01  -0.33635671739386E+00
 0.49999604766212874E+00   0.26667123339008E+01  -0.29688402987922E+00
 0.49999651149419500E+00   0.28404378408543E+01  -0.26204255168791E+00
 0.49999692139312701E+00   0.30243385735729E+01  -0.23125239985399E+00
 0.49999728424798690E+00   0.32188701630746E+01  -0.20399607375542E+00
 0.49999760609387156E+00   0.34244922845610E+01  -0.17982022455272E+00
 0.49999789213146334E+00   0.36416667135785E+01  -0.15833418541478E+00
 0.49999814678200094E+00   0.38708551967931E+01  -0.13920584126032E+00
 0.49999837376802309E+00   0.41125171460457E+01  -0.12215556283788E+00
 0.49999857620964971E+00   0.43671071685993E+01  -0.10694897391748E+00
 0.49999875672668037E+00   0.46350724509653E+01  -0.93389281575773E-01
 0.49999891753809239E+00   0.49168500183013E+01  -0.81309802022875E-01
 0.49999906055229931E+00   0.52128638959647E+01  -0.70567180495771E-01
 0.49999918744357363E+00   0.55235222042457E+01  -0.61035650539568E-01
 0.49999929971216539E+00   0.58492142214126E+01  -0.52602518018854E-01
 0.49999939872771532E+00   0.61903074538070E+01  -0.45164900014910E-01
 0.49999948575737940E+00   0.65471447546554E+01  -0.38627612134818E-01
 0.49999956198145223E+00   0.69200415353393E+01  -0.32901994912561E-01
 0.49999962850003543E+00   0.73092831139412E+01  -0.27905412830481E-01
 0.49999968633441005E+00   0.77151222458371E+01  -0.23561151216214E-01
 0.49999973642632606E+00   0.81377768798438E+01  -0.19798469562934E-01
 0.49999977963762016E+00   0.85774281809213E+01  -0.16552630192552E-01
 0.49999981675161903E+00   0.90342188566791E+01  -0.13764792847509E-01
 0.49999984847684997E+00   0.95082518200100E+01  -0.11381735940454E-01
 0.49999987545279179E+00   0.99995892142010E+01  -0.93554245533865E-02
 0.49999989825684710E+00   0.10508251820010E+02  -0.76424866734468E-02
 0.49999991741147853E+00   0.11034218856679E+02  -0.62036771793087E-02
 0.49999993339053922E+00   0.11577428180921E+02  -0.50034023235798E-02
 0.49999994662418135E+00   0.12137776879844E+02  -0.40093509438783E-02
 0.49999995750219972E+00   0.12715122245837E+02  -0.31922434069740E-02
 0.49999996637607480E+00   0.13309283113941E+02  -0.25256780558439E-02
 0.49999997356023207E+00   0.13920041535339E+02  -0.19860366669864E-02
 0.49999997933306722E+00   0.14547144754655E+02  -0.15524074165015E-02
 0.49999998393817530E+00   0.15190307453807E+02  -0.12064925160092E-02
 0.49999998758603492E+00   0.15849214221413E+02  -0.93248178574884E-03
 0.49999999045620813E+00   0.16523522204246E+02  -0.71688732006425E-03
 0.49999999269998813E+00   0.17212863895965E+02  -0.54834468158238E-03
 0.49999999444334253E+00   0.17916850018301E+02  -0.41739173167987E-03
 0.49999999578998666E+00   0.18635072450965E+02  -0.31623787003476E-03
 0.49999999682442609E+00   0.19367107168599E+02  -0.23853539998558E-03
 0.49999999761485014E+00   0.20112517146046E+02  -0.17916225997588E-03
 0.49999999821578811E+00   0.20870855196793E+02  -0.13402245863114E-03
 0.49999999867048217E+00   0.21641666713578E+02  -0.99867838783158E-04
 0.49999999901295766E+00   0.22424492284561E+02  -0.74142576400621E-04
 0.49999999926979344E+00   0.23218870163075E+02  -0.54850177003490E-04
 0.49999999946161133E+00   0.24024338573573E+02  -0.40441637278815E-04
 0.49999999960430919E+00   0.24840437840854E+02  -0.29722773250668E-04
 0.49999999969931963E+00   0.25666712333901E+02  -0.22585751922877E-04
 0.50000000000000000E+00   0.26502712219579E+02  -0.65780714209041E-14
 0.50000000000000000E+00   0.27347995024993E+02  -0.19984014443253E-14
 0.50000000000000000E+00   0.28202127010389E+02  -0.27755575615629E-15
 0.50000000000000000E+00   0.29064684357170E+02   0.38857805861880E-15
 0.50000000000000000E+00   0.29935254177814E+02   0.63837823915947E-15
 0.50000000000000000E+00   0.30813435356248E+02   0.74940054162198E-15
 0.50000000000000000E+00   0.31698839228624E+02   0.72164496600635E-15
 0.50000000000000000E+00   0.32591090115412E+02   0.69388939039072E-15
 0.50000000000000000E+00   0.33489825716383E+02   0.66613381477509E-15
 0.50000000000000000E+00   0.34394697380382E+02   0.69388939039072E-15
 0.50000000000000000E+00   0.35305370261891E+02   0.69388939039072E-15
 0.50000000000000000E+00   0.36221523376224E+02   0.63837823915947E-15
 0.50000000000000000E+00   0.37142849564891E+02   0.63837823915947E-15
 0.50000000000000000E+00   0.38069055382202E+02   0.63837823915947E-15
 0.50000000000000000E+00   0.38999860913611E+02   0.61062266354384E-15
 0.50000000000000000E+00   0.39934999535663E+02   0.61062266354384E-15
 0.50000000000000000E+00   0.40874217626704E+02   0.58286708792821E-15
