 0.18694658269355022E+00   0.97578195523695E-18  -0.62892703423026E+05
 0.18698065607453104E+00   0.29483069282768E-04  -0.62874398396178E+05
 0.18709280208499993E+00   0.61082173640461E-04  -0.62814197990102E+05
 0.18729972558609631E+00   0.94949178290611E-04  -0.62703309888485E+05
 0.18762083491267220E+00   0.13124684686428E-03  -0.62531715111145E+05
 0.18807857541089681E+00   0.17014962340302E-03  -0.62288120151284E+05
 0.18869878431336140E+00   0.21184447044981E-03  -0.61959950120331E+05
 0.18951104955256498E+00   0.25653176725507E-03  -0.61533406373048E+05
 0.19054904510353066E+00   0.30442627240692E-03  -0.60993617995283E+05
 0.19185081548869493E+00   0.35575815550320E-03  -0.60324914933145E+05
 0.19345895820799483E+00   0.41077410281323E-03  -0.59511257782519E+05
 0.19542063462113426E+00   0.46973850223137E-03  -0.58536857374648E+05
 0.19778731071539263E+00   0.53293471320370E-03  -0.57387012297881E+05
 0.20061409563942462E+00   0.60066642771546E-03  -0.56049178241273E+05
 0.20395850868126064E+00   0.67325912886222E-03  -0.54514257386401E+05
 0.20787847284654898E+00   0.75106165399386E-03  -0.52778055986655E+05
 0.21242932078570470E+00   0.83444786992019E-03  -0.50842803221514E+05
 0.21765963373169878E+00   0.92381846820159E-03  -0.48718557898685E+05
 0.22360585617267820E+00   0.10196028891215E-02  -0.46424261970065E+05
 0.23028588469854552E+00   0.11222613835509E-02  -0.43988150397011E+05
 0.23769225024376148E+00   0.12322872225722E-02  -0.41447223607573E+05
 0.24578607056427848E+00   0.13502090654347E-02  -0.38845563125755E+05
 0.25449349490035433E+00   0.14765934971652E-02  -0.36231445612076E+05
 0.26370658614067605E+00   0.16120477479678E-02  -0.33653480359535E+05
 0.27329008387146514E+00   0.17572226074079E-02  -0.31156307861287E+05
 0.28309401385692140E+00   0.19128155473023E-02  -0.28776647424014E+05
 0.29296992890028689E+00   0.20795740682274E-02  -0.26540538459443E+05
 0.30278666509438656E+00   0.22582992856177E-02  -0.24462389476168E+05
 0.31244116209249090E+00   0.24498497725618E-02  -0.22545954838491E+05
 0.32186173275994739E+00   0.26551456776172E-02  -0.20786780135792E+05
 0.33100433046437028E+00   0.28751731372654E-02  -0.19175259250278E+05
 0.33984495195480413E+00   0.31109890040199E-02  -0.17699424790871E+05
 0.34837185621905681E+00   0.33637259126873E-02  -0.16346926111535E+05
 0.35657990059167399E+00   0.36345977088734E-02  -0.15106105148723E+05
 0.36446739097864522E+00   0.39249052655295E-02  -0.13966399622888E+05
 0.37203469357930058E+00   0.42360427151559E-02  -0.12918382616593E+05
 0.37928370722504168E+00   0.45695041272231E-02  -0.11953664049473E+05
 0.38621763852438828E+00   0.49268906624595E-02  -0.11064764693831E+05
 0.39284085354302534E+00   0.53099182378730E-02  -0.10244999541919E+05
 0.39915874399527340E+00   0.57204257387563E-02  -0.94883772262758E+04
 0.40517759751814481E+00   0.61603838164655E-02  -0.87895142231597E+04
 0.41090447213222997E+00   0.66319043134761E-02  -0.81435615053861E+04
 0.41634707617922040E+00   0.71372503601200E-02  -0.75461415828041E+04
 0.42151365485592585E+00   0.76788471905016E-02  -0.69932942380656E+04
 0.42641288418390610E+00   0.82592937283951E-02  -0.64814295732572E+04
 0.43105377298628067E+00   0.88813749974526E-02  -0.60072872303905E+04
 0.43544557319886851E+00   0.95480754138094E-02  -0.55679008482194E+04
 0.43959769862336617E+00   0.10262593023187E-01  -0.51605669795957E+04
 0.44351965203633903E+00   0.11028354748868E-01  -0.47828178254820E+04
 0.44722096039932818E+00   0.11849032721462E-01  -0.44323972499113E+04
 0.45071111777210737E+00   0.12728561766261E-01  -0.41072396292946E+04
 0.45399953541316473E+00   0.13671158129094E-01  -0.38054511631325E+04
 0.45709549845973091E+00   0.14681339527142E-01  -0.35252933340822E+04
 0.46000812851661449E+00   0.15763946616981E-01  -0.32651682554414E+04
 0.46274635145338272E+00   0.16924165978315E-01  -0.30236056847430E+04
 0.46531886972097919E+00   0.18167554718499E-01  -0.27992515140072E+04
 0.46773413856362545E+00   0.19500066809896E-01  -0.25908575704028E+04
 0.47000034563624110E+00   0.20928081279553E-01  -0.23972725751864E+04
 0.47212539376065743E+00   0.22458432378533E-01  -0.22174341130744E+04
 0.47411688687982140E+00   0.24098441866553E-01  -0.20503614582135E+04
 0.47598211968827425E+00   0.25855953556357E-01  -0.18951490880754E+04
 0.47772807185803406E+00   0.27739370271550E-01  -0.17509606991287E+04
 0.47936140805506000E+00   0.29757693381404E-01  -0.16170235331244E+04
 0.48088848471968132E+00   0.31920565086455E-01  -0.14926228562526E+04
 0.48231536347668846E+00   0.34238313639551E-01  -0.13770965344093E+04
 0.48364782894329894E+00   0.36722001698414E-01  -0.12698298217263E+04
 0.48489140631228300E+00   0.39383478017693E-01  -0.11702506687474E+04
 0.48605137303964041E+00   0.42235432700963E-01  -0.10778259328694E+04
 0.48713276085343094E+00   0.45291456246181E-01  -0.99205871815638E+03
 0.48814034889592883E+00   0.48566102631601E-01  -0.91248671203196E+03
 0.48907865350819790E+00   0.52074956703276E-01  -0.83868103241698E+03
 0.48995192195763271E+00   0.55834706139791E-01  -0.77024498101973E+03
 0.49076413549715103E+00   0.59863218284852E-01  -0.70681226759245E+03
 0.49151902323337682E+00   0.64179622153785E-01  -0.64804458448953E+03
 0.49222008466125122E+00   0.68804395935657E-01  -0.59362869170600E+03
 0.49287061661563991E+00   0.73759460328728E-01  -0.54327332960745E+03
 0.49347373981499920E+00   0.79068278063012E-01  -0.49670631382579E+03
 0.49403242064731201E+00   0.84755959979821E-01  -0.45367212489978E+03
 0.49454948497625434E+00   0.90849378054143E-01  -0.41393021620603E+03
 0.49502762239283560E+00   0.97377285761297E-01  -0.37725413791015E+03
 0.49546938156967102E+00   0.10437044620442E+00  -0.34343140681224E+03
 0.49587716025875589E+00   0.11186176843355E+00  -0.31226383664921E+03
 0.49625319666935552E+00   0.11988645240026E+00  -0.28356780628112E+03
 0.49659957095797774E+00   0.12848214300340E+00  -0.25717379870432E+03
 0.49691822310342654E+00   0.13768909369134E+00  -0.23292473743639E+03
 0.49721098358950899E+00   0.14755034009334E+00  -0.21067339744192E+03
 0.49747960016788922E+00   0.15811188415740E+00  -0.19028016027888E+03
 0.49772574187881302E+00   0.16942288927237E+00  -0.17161253032392E+03
 0.49795097940900079E+00   0.18153588684917E+00  -0.15454646473044E+03
 0.49815676282251387E+00   0.19450699482699E+00  -0.13896791255910E+03
 0.49834441975095956E+00   0.20839614855590E+00  -0.12477281698422E+03
 0.49851517997781114E+00   0.22326734448556E+00  -0.11186514014464E+03
 0.49867021524675048E+00   0.23918889705942E+00  -0.10015376108556E+03
 0.49881067717661254E+00   0.25623370917446E+00  -0.89549539157914E+02
 0.49893771922629754E+00   0.27447955651526E+00  -0.79963597952209E+02
 0.49905249521455480E+00   0.29400938600797E+00  -0.71307387241311E+02
 0.49915613386094537E+00   0.31491162856155E+00  -0.63494556137325E+02
 0.49924969556063509E+00   0.33728052616913E+00  -0.56444164705730E+02
 0.49933412505264596E+00   0.36121647332923E+00  -0.50084203482037E+02
 0.49941022284022557E+00   0.38682637261280E+00  -0.44353701029333E+02
 0.49947866379168948E+00   0.41422400404472E+00  -0.39201283884664E+02
 0.49954007001510436E+00   0.44353040778554E+00  -0.34579661433813E+02
 0.49959508247996803E+00   0.47487427938818E+00  -0.30440217865805E+02
 0.49964435152184994E+00   0.50839237666158E+00  -0.26733715110896E+02
 0.49968846181835608E+00   0.54422993689737E+00  -0.23415924138185E+02
 0.49972788395718426E+00   0.58254110290335E+00  -0.20451252312414E+02
 0.49976298919331985E+00   0.62348935593563E+00  -0.17811619169851E+02
 0.49979409581786416E+00   0.66724795322943E+00  -0.15472959518609E+02
 0.49982151086875587E+00   0.71400036739287E+00  -0.13412081250930E+02
 0.49984555197000469E+00   0.76394072444865E+00  -0.11605019763277E+02
 0.49986654933066926E+00   0.81727423678444E+00  -0.10026884774413E+02
 0.49988483441316067E+00   0.87421762670440E+00  -0.86527091673778E+01
 0.49990072346582148E+00   0.93499953566278E+00  -0.74586836026090E+01
 0.49991450355915501E+00   0.99986091361083E+00  -0.64232029122829E+01
 0.49992642682429367E+00   0.10690553822024E+01  -0.55272963504985E+01
 0.49993671488608837E+00   0.11428495648913E+01  -0.47542922731305E+01
 0.49994556960087366E+00   0.12215233762238E+01  -0.40890096682378E+01
 0.49995318114155868E+00   0.13053702618907E+01  -0.35171494833605E+01
 0.49995972687009760E+00   0.13946973803820E+01  -0.30253784095899E+01
 0.49996536407057024E+00   0.14898257163832E+01  -0.26018740493142E+01
 0.49997022492378729E+00   0.15910901154124E+01  -0.22367017768637E+01
 0.49997441767694173E+00   0.16988392286241E+01  -0.19217263180999E+01
 0.49997803181503808E+00   0.18134353562483E+01  -0.16502228482051E+01
 0.49998114352608192E+00   0.19352541778144E+01  -0.14164661521233E+01
 0.49998381940683972E+00   0.20646843571704E+01  -0.12154520490883E+01
 0.49998611816724942E+00   0.22021270103889E+01  -0.10427692182601E+01
 0.49998809100282465E+00   0.23479950249930E+01  -0.89457111992490E+00
 0.49998978150227469E+00   0.25027122195788E+01  -0.76758285431470E+00
 0.49999122582683725E+00   0.26667123339008E+01  -0.65908762757967E+00
 0.49999245366369433E+00   0.28404378408543E+01  -0.56685508538220E+00
 0.49999349013777494E+00   0.30243385735729E+01  -0.48899766824103E+00
 0.49999435834834127E+00   0.32188701630746E+01  -0.42378004633697E+00
 0.49999508153279615E+00   0.34244922845610E+01  -0.36945656532215E+00
 0.49999568366020825E+00   0.36416667135785E+01  -0.32422665182094E+00
 0.49999618817666097E+00   0.38708551967931E+01  -0.28632904980845E+00
 0.49999661599783629E+00   0.41125171460457E+01  -0.25419260247857E+00
 0.49999698415045324E+00   0.43671071685993E+01  -0.22653829493833E+00
 0.49999730557758748E+00   0.46350724509653E+01  -0.20239387179934E+00
 0.49999758975367087E+00   0.49168500183013E+01  -0.18104763632754E+00
 0.49999784355347437E+00   0.52128638959647E+01  -0.16198317292800E+00
 0.49999807202511970E+00   0.55235222042457E+01  -0.14482127973071E+00
 0.49999827895225935E+00   0.58492142214126E+01  -0.12927773876883E+00
 0.49999846722095032E+00   0.61903074538070E+01  -0.11513575717288E+00
 0.49999863904919800E+00   0.65471447546554E+01  -0.10222872438377E+00
 0.49999879613573467E+00   0.69200415353393E+01  -0.90429036185064E-01
 0.49999893976858112E+00   0.73092831139412E+01  -0.79639939799462E-01
 0.49999907091686480E+00   0.77151222458371E+01  -0.69788636758046E-01
 0.49999919031603707E+00   0.81377768798438E+01  -0.60819881659141E-01
 0.49999929854796094E+00   0.85774281809213E+01  -0.52689966199865E-01
 0.49999939611279753E+00   0.90342188566791E+01  -0.45361319364162E-01
 0.49999948348823015E+00   0.95082518200100E+01  -0.38798058738768E-01
 0.49999956117235123E+00   0.99995892142010E+01  -0.32962769029899E-01
 0.49999962970859319E+00   0.10508251820010E+02  -0.27814629299453E-01
 0.49999968969362779E+00   0.11034218856679E+02  -0.23308819666346E-01
 0.49999974177147849E+00   0.11577428180921E+02  -0.19396963491578E-01
 0.49999978661863531E+00   0.12137776879844E+02  -0.16028245514195E-01
 0.49999982492533857E+00   0.12715122245837E+02  -0.13150817661452E-01
 0.49999985737738761E+00   0.13309283113941E+02  -0.10713165544975E-01
 0.49999988464116080E+00   0.13920041535339E+02  -0.86652336654476E-02
 0.49999990735267519E+00   0.14547144754655E+02  -0.69592471542874E-02
 0.49999992611012756E+00   0.15190307453807E+02  -0.55502720634371E-02
 0.49999994146880594E+00   0.15849214221413E+02  -0.43965976197939E-02
 0.49999995393745011E+00   0.16523522204246E+02  -0.34600095319552E-02
 0.49999996397567242E+00   0.17212863895965E+02  -0.27059837728438E-02
 0.49999997199249424E+00   0.17916850018301E+02  -0.21037964827610E-02
 0.49999997834622240E+00   0.18635072450965E+02  -0.16265332706999E-02
 0.49999998334579121E+00   0.19367107168599E+02  -0.12509883699465E-02
 0.49999998725348582E+00   0.20112517146046E+02  -0.95746010972109E-03
 0.49999999028876496E+00   0.20870855196793E+02  -0.72946373824623E-03
 0.49999999263280004E+00   0.21641666713578E+02  -0.55339049495462E-03
 0.49999999443333470E+00   0.22424492284561E+02  -0.41814252490946E-03
 0.49999999580953108E+00   0.23218870163075E+02  -0.31476891627635E-03
 0.49999999685655150E+00   0.24024338573573E+02  -0.23612151674213E-03
 0.49999999764971953E+00   0.24840437840854E+02  -0.17654234385267E-03
 0.49999999824818231E+00   0.25666712333901E+02  -0.13158854980366E-03
 0.49999999869805073E+00   0.26502712219579E+02  -0.97796490877933E-04
 0.49999999903503883E+00   0.27347995024993E+02  -0.72483477174590E-04
 0.49999999928664457E+00   0.28202127010389E+02  -0.53584001461049E-04
 0.49999999947392471E+00   0.29064684357170E+02  -0.39516376869830E-04
 0.49999999961292318E+00   0.29935254177814E+02  -0.29075438856108E-04
 0.49999999969931963E+00   0.30813435356248E+02  -0.22585750144355E-04
 0.49999999999999989E+00   0.31698839228624E+02   0.17224000004035E-11
 0.50000000000000000E+00   0.32591090115412E+02   0.16799894808628E-11
 0.50000000000000000E+00   0.33489825716383E+02   0.16364687382975E-11
 0.50000000000000000E+00   0.34394697380382E+02   0.15945023079666E-11
 0.50000000000000000E+00   0.35305370261891E+02   0.15534240560555E-11
 0.50000000000000000E+00   0.36221523376224E+02   0.15143442055887E-11
 0.50000000000000000E+00   0.37142849564891E+02   0.14765966227515E-11
 0.50000000000000000E+00   0.38069055382202E+02   0.14408474413585E-11
 0.50000000000000000E+00   0.38999860913611E+02   0.14064305275951E-11
 0.50000000000000000E+00   0.39934999535663E+02   0.13733458814613E-11
 0.50000000000000000E+00   0.40874217626704E+02   0.13415935029570E-11
