 0.44641188625886141E+00   0.97578195523695E-18  -0.45084999730729E+04
 0.44642576155190578E+00   0.29483069282768E-04  -0.45071925187597E+04
 0.44647139734516111E+00   0.61082173640461E-04  -0.45028928790014E+04
 0.44655548326944711E+00   0.94949178290611E-04  -0.44949729080224E+04
 0.44668566522224179E+00   0.13124684686428E-03  -0.44827170789408E+04
 0.44687060092727526E+00   0.17014962340302E-03  -0.44653187986292E+04
 0.44711998780276119E+00   0.21184447044981E-03  -0.44418799064499E+04
 0.44744454825460034E+00   0.25653176725507E-03  -0.44114148736926E+04
 0.44785595344448298E+00   0.30442627240692E-03  -0.43728615744572E+04
 0.44836666250187684E+00   0.35575815550320E-03  -0.43251008121202E+04
 0.44898965034526056E+00   0.41077410281323E-03  -0.42669870108654E+04
 0.44973799510371504E+00   0.46973850223137E-03  -0.41973924711005E+04
 0.45062429705770385E+00   0.53293471320370E-03  -0.41152671882426E+04
 0.45165990740708067E+00   0.60066642771546E-03  -0.40197152300194E+04
 0.45285395992950606E+00   0.67325912886222E-03  -0.39100868301703E+04
 0.45421222490488344E+00   0.75106165399386E-03  -0.37860824948035E+04
 0.45573584507477460E+00   0.83444786992019E-03  -0.36478614850324E+04
 0.45742006802213259E+00   0.92381846820159E-03  -0.34961422888756E+04
 0.45925315333266131E+00   0.10196028891215E-02  -0.33322778664624E+04
 0.46121569327992656E+00   0.11222613835509E-02  -0.31582849219612E+04
 0.46328061939497267E+00   0.12322872225722E-02  -0.29768062203720E+04
 0.46541414239073087E+00   0.13502090654347E-02  -0.27909902768595E+04
 0.46757775818279912E+00   0.14765934971652E-02  -0.26042852214496E+04
 0.46973123569471098E+00   0.16120477479678E-02  -0.24201629130284E+04
 0.47183621299181361E+00   0.17572226074079E-02  -0.22418117025570E+04
 0.47385975519120671E+00   0.19128155473023E-02  -0.20718541277405E+04
 0.47577710125215833E+00   0.20795740682274E-02  -0.19121498685019E+04
 0.47757296064079574E+00   0.22582992856177E-02  -0.17637278209870E+04
 0.47924112533143098E+00   0.24498497725618E-02  -0.16268558661274E+04
 0.48078269308627508E+00   0.26551456776172E-02  -0.15012155364977E+04
 0.48220360446426375E+00   0.28751731372654E-02  -0.13861203745546E+04
 0.48351227506742084E+00   0.31109890040199E-02  -0.12807152453399E+04
 0.48471784834084991E+00   0.33637259126873E-02  -0.11841176200099E+04
 0.48582919795463142E+00   0.36345977088734E-02  -0.10954944187227E+04
 0.48685451250533035E+00   0.39249052655295E-02  -0.10140908090005E+04
 0.48780120654405856E+00   0.42360427151559E-02  -0.93923303183601E+03
 0.48867596319629930E+00   0.45695041272231E-02  -0.87032136409813E+03
 0.48948480992673626E+00   0.49268906624595E-02  -0.80682112038960E+03
 0.49023319315904951E+00   0.53099182378730E-02  -0.74825432378001E+03
 0.49092604429003511E+00   0.57204257387563E-02  -0.69419252416471E+03
 0.49156783704254281E+00   0.61603838164655E-02  -0.64425067361970E+03
 0.49216263731503246E+00   0.66319043134761E-02  -0.59808189213076E+03
 0.49271414664477498E+00   0.71372503601200E-02  -0.55537297647338E+03
 0.49322574022640386E+00   0.76788471905016E-02  -0.51584053137236E+03
 0.49370050027218126E+00   0.82592937283951E-02  -0.47922762401059E+03
 0.49414124537265675E+00   0.88813749974526E-02  -0.44530088056158E+03
 0.49455055641155432E+00   0.95480754138094E-02  -0.41384795758087E+03
 0.49493079950228697E+00   0.10262593023187E-01  -0.38467533253834E+03
 0.49528414634194673E+00   0.11028354748868E-01  -0.35760636707308E+03
 0.49561259231917154E+00   0.11849032721462E-01  -0.33247960414151E+03
 0.49591797266270410E+00   0.12728561766261E-01  -0.30914726645148E+03
 0.49620197687595796E+00   0.13671158129094E-01  -0.28747392869763E+03
 0.49646616166805729E+00   0.14681339527142E-01  -0.26733534034751E+03
 0.49671196256244532E+00   0.15763946616981E-01  -0.24861737924236E+03
 0.49694070433933824E+00   0.16924165978315E-01  -0.23121511920345E+03
 0.49715361044725626E+00   0.18167554718499E-01  -0.21503199728234E+03
 0.49735181150096974E+00   0.19500066809896E-01  -0.19997906834590E+03
 0.49753635296793974E+00   0.20928081279553E-01  -0.18597433641478E+03
 0.49770820213229011E+00   0.22458432378533E-01  -0.17294215363272E+03
 0.49786825441416205E+00   0.24098441866553E-01  -0.16081267897921E+03
 0.49801733911269874E+00   0.25855953556357E-01  -0.14952138988698E+03
 0.49815622463262704E+00   0.27739370271550E-01  -0.13900864081940E+03
 0.49828562324726378E+00   0.29757693381404E-01  -0.12921926362535E+03
 0.49840619544459386E+00   0.31920565086455E-01  -0.12010220514199E+03
 0.49851855389771565E+00   0.34238313639551E-01  -0.11161019807579E+03
 0.49862326709630117E+00   0.36722001698414E-01  -0.10369946167351E+03
 0.49872086267168292E+00   0.39383478017693E-01  -0.96329429108988E+02
 0.49881183044466776E+00   0.42235432700963E-01  -0.89462498869320E+02
 0.49889662522211370E+00   0.45291456246181E-01  -0.83063807732393E+02
 0.49897566936564863E+00   0.48566102631601E-01  -0.77101023194593E+02
 0.49904935515357923E+00   0.52074956703276E-01  -0.71544153438430E+02
 0.49911804695502254E+00   0.55834706139791E-01  -0.66365373129644E+02
 0.49918208323351765E+00   0.59863218284852E-01  -0.61538863506523E+02
 0.49924177839584499E+00   0.64179622153785E-01  -0.57040665374409E+02
 0.49929742450042647E+00   0.68804395935657E-01  -0.52848543748793E+02
 0.49934929283850532E+00   0.73759460328728E-01  -0.48941863004127E+02
 0.49939763540026139E+00   0.79068278063012E-01  -0.45301471485030E+02
 0.49944268623708865E+00   0.84755959979821E-01  -0.41909594624606E+02
 0.49948466273042280E+00   0.90849378054143E-01  -0.38749735693375E+02
 0.49952376677672539E+00   0.97377285761297E-01  -0.35806583374386E+02
 0.49956018589748230E+00   0.10437044620442E+00  -0.33065925427594E+02
 0.49959409428234014E+00   0.11186176843355E+00  -0.30514567772028E+02
 0.49962565377273743E+00   0.11988645240026E+00  -0.28140258379775E+02
 0.49965501479258728E+00   0.12848214300340E+00  -0.25931615443708E+02
 0.49968231723168521E+00   0.13768909369134E+00  -0.23878059353033E+02
 0.49970769128654891E+00   0.14755034009334E+00  -0.21969748089004E+02
 0.49973125826231840E+00   0.15811188415740E+00  -0.20197515738590E+02
 0.49975313133815791E+00   0.16942288927237E+00  -0.18552813917182E+02
 0.49977341629730104E+00   0.18153588684917E+00  -0.17027655992126E+02
 0.49979221222150572E+00   0.19450699482699E+00  -0.15614564105598E+02
 0.49980961214824904E+00   0.20839614855590E+00  -0.14306519105190E+02
 0.49982570368757667E+00   0.22326734448556E+00  -0.13096913599502E+02
 0.49984056959418266E+00   0.23918889705942E+00  -0.11979508458204E+02
 0.49985428828913975E+00   0.25623370917446E+00  -0.10948393164574E+02
 0.49986693432482754E+00   0.27447955651526E+00  -0.99979504954733E+01
 0.49987857878613051E+00   0.29400938600797E+00  -0.91228260407754E+01
 0.49988928962099688E+00   0.31491162856155E+00  -0.83179030736426E+01
 0.49989913189405943E+00   0.33728052616913E+00  -0.75782832386544E+01
 0.49990816795824006E+00   0.36121647332923E+00  -0.68992734334985E+01
 0.49991645754109509E+00   0.38682637261280E+00  -0.62763791233198E+01
 0.49992405774498283E+00   0.41422400404472E+00  -0.57053041525560E+01
 0.49993102296276776E+00   0.44353040778554E+00  -0.51819569222651E+01
 0.49993740471339931E+00   0.47487427938818E+00  -0.47024626042043E+01
 0.49994325140396262E+00   0.50839237666158E+00  -0.42631808937677E+01
 0.49994860802638619E+00   0.54422993689737E+00  -0.38607286850848E+01
 0.49995351579801683E+00   0.58254110290335E+00  -0.34920069747862E+01
 0.49995801175712601E+00   0.62348935593563E+00  -0.31542311620453E+01
 0.49996212833167492E+00   0.66724795322943E+00  -0.28449633668409E+01
 0.49996589292387844E+00   0.71400036739287E+00  -0.25621435699473E+01
 0.49996932761781315E+00   0.76394072444865E+00  -0.23041115173762E+01
 0.49997244925667267E+00   0.81727423678444E+00  -0.20696008637407E+01
 0.49997527035608769E+00   0.87421762670440E+00  -0.18576705175264E+01
 0.49997780146354931E+00   0.93499953566278E+00  -0.16675273643158E+01
 0.49998005514943122E+00   0.99986091361083E+00  -0.14982264375511E+01
 0.49998205033983362E+00   0.10690553822024E+01  -0.13483454286880E+01
 0.49998381412921200E+00   0.11428495648913E+01  -0.12158485283294E+01
 0.49998537914847352E+00   0.12215233762238E+01  -0.10982841393243E+01
 0.49998677812355208E+00   0.13053702618907E+01  -0.99319362741603E+00
 0.49998803922401502E+00   0.13946973803820E+01  -0.89846071175457E+00
 0.49998918415262944E+00   0.14898257163832E+01  -0.81245495160931E+00
 0.49999022852900660E+00   0.15910901154124E+01  -0.73400290686813E+00
 0.49999118330061521E+00   0.16988392286241E+01  -0.66228212965592E+00
 0.49999205626703680E+00   0.18134353562483E+01  -0.59670665508266E+00
 0.49999285332737320E+00   0.19352541778144E+01  -0.53683329230670E+00
 0.49999357937233824E+00   0.20646843571704E+01  -0.48229460912384E+00
 0.49999423886443695E+00   0.22021270103889E+01  -0.43275534821257E+00
 0.49999483617739771E+00   0.23479950249930E+01  -0.38788692858219E+00
 0.49999537576048386E+00   0.25027122195788E+01  -0.34735510209248E+00
 0.49999586218058506E+00   0.26667123339008E+01  -0.31081679096261E+00
 0.49999630008344975E+00   0.28404378408543E+01  -0.27792299915401E+00
 0.49999669410655989E+00   0.30243385735729E+01  -0.24832535632322E+00
 0.49999704876938728E+00   0.32188701630746E+01  -0.22168436064516E+00
 0.49999736836125142E+00   0.34244922845610E+01  -0.19767780192967E+00
 0.49999765684204966E+00   0.36416667135785E+01  -0.17600821776383E+00
 0.49999791776644920E+00   0.38708551967931E+01  -0.15640858735672E+00
 0.49999815423765243E+00   0.41125171460457E+01  -0.13864580402570E+00
 0.49999836889271521E+00   0.43671071685993E+01  -0.12252177759445E+00
 0.49999856391783115E+00   0.46350724509653E+01  -0.10787228595262E+00
 0.49999874108919340E+00   0.49168500183013E+01  -0.94563905404244E-01
 0.49999890183312667E+00   0.52128638959647E+01  -0.82489493589084E-01
 0.49999904729814110E+00   0.55235222042457E+01  -0.71562776929528E-01
 0.49999917843129948E+00   0.58492142214126E+01  -0.61712614128608E-01
 0.49999929605167620E+00   0.61903074538070E+01  -0.52877478166107E-01
 0.49999940091462053E+00   0.65471447546554E+01  -0.45000629073235E-01
 0.49999949376197472E+00   0.69200415353393E+01  -0.38026341701816E-01
 0.49999957535532097E+00   0.73092831139412E+01  -0.31897408334966E-01
 0.49999964649164802E+00   0.77151222458371E+01  -0.26553961904750E-01
 0.49999970800329319E+00   0.81377768798438E+01  -0.21933480263711E-01
 0.49999976074619690E+00   0.85774281809213E+01  -0.17971668440618E-01
 0.49999980558183094E+00   0.90342188566791E+01  -0.14603816128781E-01
 0.49999984335817005E+00   0.95082518200100E+01  -0.11766226947395E-01
 0.49999987489369457E+00   0.99995892142010E+01  -0.93974201114989E-02
 0.49999990096613939E+00   0.10508251820010E+02  -0.74389754709362E-02
 0.49999992230552709E+00   0.11034218856679E+02  -0.58360569392956E-02
 0.49999993958981132E+00   0.11577428180921E+02  -0.45377395828924E-02
 0.49999995344153486E+00   0.12137776879844E+02  -0.34972607406102E-02
 0.49999996442478273E+00   0.12715122245837E+02  -0.26722488749001E-02
 0.49999997304266441E+00   0.13309283113941E+02  -0.20249126402656E-02
 0.49999997973602894E+00   0.13920041535339E+02  -0.15221374270669E-02
 0.49999998488402153E+00   0.14547144754655E+02  -0.11354435679964E-02
 0.49999998880667801E+00   0.15190307453807E+02  -0.84079141029508E-03
 0.49999999176931886E+00   0.15849214221413E+02  -0.61825128137244E-03
 0.49999999398822031E+00   0.16523522204246E+02  -0.45157748382899E-03
 0.49999999563695530E+00   0.17212863895965E+02  -0.32773199661673E-03
 0.49999999685285479E+00   0.17916850018301E+02  -0.23639916181395E-03
 0.49999999774317072E+00   0.18635072450965E+02  -0.16952267919887E-03
 0.49999999839067533E+00   0.19367107168599E+02  -0.12088507936520E-03
 0.49999999885855551E+00   0.20112517146046E+02  -0.85740057644057E-04
 0.49999999919456389E+00   0.20870855196793E+02  -0.60500641491795E-04
 0.49999999943445395E+00   0.21641666713578E+02  -0.42481202232769E-04
 0.49999999960476271E+00   0.22424492284561E+02  -0.29688390167232E-04
 0.49999999969931963E+00   0.23218870163075E+02  -0.22585751915216E-04
 0.50000000000000000E+00   0.24024338573573E+02  -0.31918911957973E-14
 0.50000000000000000E+00   0.24840437840854E+02  -0.74940054162198E-15
 0.50000000000000000E+00   0.25666712333901E+02   0.83266726846887E-16
 0.50000000000000000E+00   0.26502712219579E+02   0.33306690738755E-15
 0.50000000000000000E+00   0.27347995024993E+02   0.38857805861880E-15
 0.50000000000000000E+00   0.28202127010389E+02   0.41633363423443E-15
 0.50000000000000000E+00   0.29064684357170E+02   0.41633363423443E-15
 0.50000000000000000E+00   0.29935254177814E+02   0.38857805861880E-15
 0.50000000000000000E+00   0.30813435356248E+02   0.38857805861880E-15
 0.50000000000000000E+00   0.31698839228624E+02   0.36082248300318E-15
 0.50000000000000000E+00   0.32591090115412E+02   0.36082248300318E-15
 0.50000000000000000E+00   0.33489825716383E+02   0.34694469519536E-15
 0.50000000000000000E+00   0.34394697380382E+02   0.34694469519536E-15
 0.50000000000000000E+00   0.35305370261891E+02   0.33306690738755E-15
 0.50000000000000000E+00   0.36221523376224E+02   0.31918911957973E-15
 0.50000000000000000E+00   0.37142849564891E+02   0.31918911957973E-15
 0.50000000000000000E+00   0.38069055382202E+02   0.31918911957973E-15
 0.50000000000000000E+00   0.38999860913611E+02   0.30531133177192E-15
 0.50000000000000000E+00   0.39934999535663E+02   0.30531133177192E-15
 0.50000000000000000E+00   0.40874217626704E+02   0.29143354396410E-15
