 0.14372251090012705E+00   0.97578195523695E-18  -0.93102841067278E+05
 0.14375236053731502E+00   0.29483069282768E-04  -0.93075709890541E+05
 0.14385062247241318E+00   0.61082173640461E-04  -0.92986476388701E+05
 0.14403196806445268E+00   0.94949178290611E-04  -0.92822112761180E+05
 0.14431349585951547E+00   0.13124684686428E-03  -0.92567766831961E+05
 0.14471504712109565E+00   0.17014962340302E-03  -0.92206698240698E+05
 0.14525956117927361E+00   0.21184447044981E-03  -0.91720268597716E+05
 0.14597345547850893E+00   0.25653176725507E-03  -0.91088024692216E+05
 0.14688700556718118E+00   0.30442627240692E-03  -0.90287924357271E+05
 0.14803471423011291E+00   0.35575815550320E-03  -0.89296740850343E+05
 0.14945563048262328E+00   0.41077410281323E-03  -0.88090700091542E+05
 0.15119356725885852E+00   0.46973850223137E-03  -0.86646399023064E+05
 0.15329713881802992E+00   0.53293471320370E-03  -0.84942047075112E+05
 0.15581950609187206E+00   0.60066642771546E-03  -0.82959051229592E+05
 0.15881767692632132E+00   0.67325912886222E-03  -0.80683927258860E+05
 0.16235116391458068E+00   0.75106165399386E-03  -0.78110460255021E+05
 0.16647976584306592E+00   0.83444786992019E-03  -0.75241955979405E+05
 0.17126023216067512E+00   0.92381846820159E-03  -0.72093325966229E+05
 0.17674163095374271E+00   0.10196028891215E-02  -0.68692649108325E+05
 0.18295942208324290E+00   0.11222613835509E-02  -0.65081779187881E+05
 0.18992859159271203E+00   0.12322872225722E-02  -0.61315562939345E+05
 0.19763674661211889E+00   0.13502090654347E-02  -0.57459343421892E+05
 0.20603871200268137E+00   0.14765934971652E-02  -0.53584682366781E+05
 0.21505464585433673E+00   0.16120477479678E-02  -0.49763635075104E+05
 0.22457356744377843E+00   0.17572226074079E-02  -0.46062374735608E+05
 0.23446306405070841E+00   0.19128155473023E-02  -0.42535334105105E+05
 0.24458384143075726E+00   0.20795740682274E-02  -0.39221116461883E+05
 0.25480552112419247E+00   0.22582992856177E-02  -0.36141085923172E+05
 0.26501906251130930E+00   0.24498497725618E-02  -0.33300815076830E+05
 0.27514240509338400E+00   0.26551456776172E-02  -0.30693709362272E+05
 0.28511893974999303E+00   0.28751731372654E-02  -0.28305538094891E+05
 0.29491137321511268E+00   0.31109890040199E-02  -0.26118570285875E+05
 0.30449463604604426E+00   0.33637259126873E-02  -0.24114506311612E+05
 0.31385043894026171E+00   0.36345977088734E-02  -0.22276072383495E+05
 0.32296418829642271E+00   0.39249052655295E-02  -0.20587618041929E+05
 0.33182366642803096E+00   0.42360427151559E-02  -0.19035174683788E+05
 0.34041860110701139E+00   0.45695041272231E-02  -0.17606309384690E+05
 0.34874054540506633E+00   0.49268906624595E-02  -0.16289938013583E+05
 0.35678282349555945E+00   0.53099182378730E-02  -0.15076152206800E+05
 0.36454047355853142E+00   0.57204257387563E-02  -0.13956070143244E+05
 0.37201017626619171E+00   0.61603838164655E-02  -0.12921709249613E+05
 0.37919016964014102E+00   0.66319043134761E-02  -0.11965877390017E+05
 0.38608015276572721E+00   0.71372503601200E-02  -0.11082079499450E+05
 0.39268118088915893E+00   0.76788471905016E-02  -0.10264437169889E+05
 0.39899555424818894E+00   0.82592937283951E-02  -0.95076191553508E+04
 0.40502670275707509E+00   0.88813749974526E-02  -0.88067811290738E+04
 0.41077906841223044E+00   0.95480754138094E-02  -0.81575133199974E+04
 0.41625798703259742E+00   0.10262593023187E-01  -0.75557948911555E+04
 0.42146957072789859E+00   0.11028354748868E-01  -0.69979541098677E+04
 0.42642059233284757E+00   0.11849032721462E-01  -0.64806335060676E+04
 0.43111837299521016E+00   0.12728561766261E-01  -0.60007593256101E+04
 0.43557067420018158E+00   0.13671158129094E-01  -0.55555146632832E+04
 0.43978559577957788E+00   0.14681339527142E-01  -0.51423157088681E+04
 0.44377148187090304E+00   0.15763946616981E-01  -0.47587905655981E+04
 0.44753683722579030E+00   0.16924165978315E-01  -0.44027601190285E+04
 0.45109025639311645E+00   0.18167554718499E-01  -0.40722204758318E+04
 0.45444036757443607E+00   0.19500066809896E-01  -0.37653266017378E+04
 0.45759579081050616E+00   0.20928081279553E-01  -0.34803770068330E+04
 0.46056510663265060E+00   0.22458432378533E-01  -0.32157996413602E+04
 0.46335682775751047E+00   0.24098441866553E-01  -0.29701394521080E+04
 0.46597936542892920E+00   0.25855953556357E-01  -0.27420480941965E+04
 0.46844098564091435E+00   0.27739370271550E-01  -0.25302759541454E+04
 0.47074975762507942E+00   0.29757693381404E-01  -0.23336660458879E+04
 0.47291350338694499E+00   0.31920565086455E-01  -0.21511488624766E+04
 0.47493975871915750E+00   0.34238313639551E-01  -0.19817372108701E+04
 0.47683575261034111E+00   0.36722001698414E-01  -0.18245204141117E+04
 0.47860840613435079E+00   0.39383478017693E-01  -0.16786577729445E+04
 0.48026434686192826E+00   0.42235432700963E-01  -0.15433715829951E+04
 0.48180993201189104E+00   0.45291456246181E-01  -0.14179402064329E+04
 0.48325127282998503E+00   0.48566102631601E-01  -0.13016917275885E+04
 0.48459425341007323E+00   0.52074956703276E-01  -0.11939986435672E+04
 0.48584453891671631E+00   0.55834706139791E-01  -0.10942738928511E+04
 0.48700757087105551E+00   0.59863218284852E-01  -0.10019683126006E+04
 0.48808855098630166E+00   0.64179622153785E-01  -0.91656932552385E+03
 0.48909241996573322E+00   0.68804395935657E-01  -0.83760029083710E+03
 0.49002384266155646E+00   0.73759460328728E-01  -0.76461959160932E+03
 0.49088721270879365E+00   0.79068278063012E-01  -0.69721842795503E+03
 0.49168668264665549E+00   0.84755959979821E-01  -0.63501686167174E+03
 0.49242620754003658E+00   0.90849378054143E-01  -0.57765905431671E+03
 0.49310957321497895E+00   0.97377285761297E-01  -0.52480991539140E+03
 0.49374038713375801E+00   0.10437044620442E+00  -0.47615479765796E+03
 0.49432204296701010E+00   0.11186176843355E+00  -0.43140131830150E+03
 0.49485769576234984E+00   0.11988645240026E+00  -0.39028043664649E+03
 0.49535027583232671E+00   0.12848214300340E+00  -0.35254464668297E+03
 0.49580253955942521E+00   0.13768909369134E+00  -0.31796345549888E+03
 0.49621713279625751E+00   0.14755034009334E+00  -0.28631802130029E+03
 0.49659663812058796E+00   0.15811188415740E+00  -0.25739712883128E+03
 0.49694358572321456E+00   0.16942288927237E+00  -0.23099600743901E+03
 0.49726042239618040E+00   0.18153588684917E+00  -0.20691837347497E+03
 0.49754945100480519E+00   0.19450699482699E+00  -0.18498072698447E+03
 0.49781277222714887E+00   0.20839614855590E+00  -0.16501648047710E+03
 0.49805227233429505E+00   0.22326734448556E+00  -0.14687661346716E+03
 0.49826968009967670E+00   0.23918889705942E+00  -0.13042513198757E+03
 0.49846664710551325E+00   0.25623370917446E+00  -0.11553281522539E+03
 0.49864475981482581E+00   0.27447955651526E+00  -0.10207616718768E+03
 0.49880546939560400E+00   0.29400938600797E+00  -0.89942595803032E+02
 0.49895003336974320E+00   0.31491162856155E+00  -0.79034695409362E+02
 0.49907954002453209E+00   0.33728052616913E+00  -0.69268293083628E+02
 0.49919499429354730E+00   0.36121647332923E+00  -0.60565886787745E+02
 0.49929740652511739E+00   0.38682637261280E+00  -0.52849896981914E+02
 0.49938784367800076E+00   0.41422400404472E+00  -0.46038770382843E+02
 0.49946743154058437E+00   0.44353040778554E+00  -0.40046780822645E+02
 0.49953731708998095E+00   0.47487427938818E+00  -0.34786830776939E+02
 0.49959861090315100E+00   0.50839237666158E+00  -0.30174750810024E+02
 0.49965233300568512E+00   0.54422993689737E+00  -0.26133338059426E+02
 0.49969938274403958E+00   0.58254110290335E+00  -0.22594588504733E+02
 0.49974054245909982E+00   0.62348935593563E+00  -0.19499391401052E+02
 0.49977650473987539E+00   0.66724795322943E+00  -0.16795456971454E+02
 0.49980789567742617E+00   0.71400036739287E+00  -0.14435551068902E+02
 0.49983527541735207E+00   0.76394072444865E+00  -0.12377440747145E+02
 0.49985912727331139E+00   0.81727423678444E+00  -0.10584702037441E+02
 0.49987985749884922E+00   0.87421762670440E+00  -0.90267283788024E+01
 0.49989781065581018E+00   0.93499953566278E+00  -0.76775688558394E+01
 0.49991329023218689E+00   0.99986091361083E+00  -0.65143739238817E+01
 0.49992657439587640E+00   0.10690553822024E+01  -0.55162081825698E+01
 0.49993792356914529E+00   0.11428495648913E+01  -0.46634787195603E+01
 0.49994758148582091E+00   0.12215233762238E+01  -0.39378537019794E+01
 0.49995577302925054E+00   0.13053702618907E+01  -0.33224231871110E+01
 0.49996270171197449E+00   0.13946973803820E+01  -0.28018871179654E+01
 0.49996854844316119E+00   0.14898257163832E+01  -0.23626468145833E+01
 0.49997347200272346E+00   0.15910901154124E+01  -0.19927684774824E+01
 0.49997761077753250E+00   0.16988392286241E+01  -0.16818520810834E+01
 0.49998108496785221E+00   0.18134353562483E+01  -0.14208651134645E+01
 0.49998399861720139E+00   0.19352541778144E+01  -0.12019897143001E+01
 0.49998644124011193E+00   0.20646843571704E+01  -0.10185001199744E+01
 0.49998848919280897E+00   0.22021270103889E+01  -0.86465949526768E+00
 0.49999020703438185E+00   0.23479950249930E+01  -0.73561753518599E+00
 0.49999164899728782E+00   0.25027122195788E+01  -0.62729989596301E+00
 0.49999286051384134E+00   0.26667123339008E+01  -0.53629345196926E+00
 0.49999387966578029E+00   0.28404378408543E+01  -0.45973735396309E+00
 0.49999473844587355E+00   0.30243385735729E+01  -0.39522822289105E+00
 0.49999546378575055E+00   0.32188701630746E+01  -0.34074291601611E+00
 0.49999607836175386E+00   0.34244922845610E+01  -0.29457797533776E+00
 0.49999660122147765E+00   0.36416667135785E+01  -0.25530255117858E+00
 0.49999704828074387E+00   0.38708551967931E+01  -0.22172106183339E+00
 0.49999743273418884E+00   0.41125171460457E+01  -0.19284234536950E+00
 0.49999776541109558E+00   0.43671071685993E+01  -0.16785292620233E+00
 0.49999805509674328E+00   0.46350724509653E+01  -0.14609287337551E+00
 0.49999830883044072E+00   0.49168500183013E+01  -0.12703341114294E+00
 0.49999853218496193E+00   0.52128638959647E+01  -0.11025592733483E+00
 0.49999872952792285E+00   0.55235222042457E+01  -0.95432338678236E-01
 0.49999890426319499E+00   0.58492142214126E+01  -0.82306956042874E-01
 0.49999905904924169E+00   0.61903074538070E+01  -0.70680083421419E-01
 0.49999919599093373E+00   0.65471447546554E+01  -0.60393609189394E-01
 0.49999931680173920E+00   0.69200415353393E+01  -0.51318822822260E-01
 0.49999942293409838E+00   0.73092831139412E+01  -0.43346621623034E-01
 0.49999951567724826E+00   0.77151222458371E+01  -0.36380162352231E-01
 0.49999959622371293E+00   0.81377768798438E+01  -0.30329866754322E-01
 0.49999966570789367E+00   0.85774281809213E+01  -0.25110522758416E-01
 0.49999972522231972E+00   0.90342188566791E+01  -0.20640063735298E-01
 0.49999977581859789E+00   0.95082518200100E+01  -0.16839497155713E-01
 0.49999981850039915E+00   0.99995892142010E+01  -0.13633431356139E-01
 0.49999985421468446E+00   0.10508251820010E+02  -0.10950734564087E-01
 0.49999988384506089E+00   0.11034218856679E+02  -0.87250339939668E-02
 0.49999990820848605E+00   0.11577428180921E+02  -0.68949632966060E-02
 0.49999992805453120E+00   0.12137776879844E+02  -0.54042179581346E-02
 0.49999994406567139E+00   0.12715122245837E+02  -0.42015334579499E-02
 0.49999995685750670E+00   0.13309283113941E+02  -0.32406686426327E-02
 0.49999996697874166E+00   0.13920041535339E+02  -0.24804072898190E-02
 0.49999997491146586E+00   0.14547144754655E+02  -0.18845369696994E-02
 0.49999998107246796E+00   0.15190307453807E+02  -0.14217504043881E-02
 0.49999998581605093E+00   0.15849214221413E+02  -0.10654339520251E-02
 0.49999998943839563E+00   0.16523522204246E+02  -0.79333983795848E-03
 0.49999999218316094E+00   0.17212863895965E+02  -0.58716550927240E-03
 0.49999999424782604E+00   0.17916850018301E+02  -0.43207722296135E-03
 0.49999999579026311E+00   0.18635072450965E+02  -0.31621635186863E-03
 0.49999999693511310E+00   0.19367107168599E+02  -0.23022040903875E-03
 0.49999999777966969E+00   0.20112517146046E+02  -0.16678115319291E-03
 0.49999999839909659E+00   0.20870855196793E+02  -0.12025261379556E-03
 0.49999999885091434E+00   0.21641666713578E+02  -0.86314114189356E-04
 0.49999999917875981E+00   0.22424492284561E+02  -0.61687847520808E-04
 0.49999999941547196E+00   0.23218870163075E+02  -0.43907103768337E-04
 0.49999999958557956E+00   0.24024338573573E+02  -0.31129396728335E-04
 0.49999999969931991E+00   0.24840437840854E+02  -0.22585740012904E-04
 0.50000000000000022E+00   0.25666712333901E+02   0.11518341835881E-10
 0.50000000000000022E+00   0.26502712219579E+02   0.11158185486693E-10
 0.50000000000000000E+00   0.27347995024993E+02   0.10814904527479E-10
 0.50000000000000000E+00   0.28202127010389E+02   0.10487166690609E-10
 0.50000000000000000E+00   0.29064684357170E+02   0.10176304243714E-10
 0.50000000000000000E+00   0.29935254177814E+02   0.98805408299540E-11
 0.50000000000000000E+00   0.30813435356248E+02   0.95985441816993E-11
 0.50000000000000000E+00   0.31698839228624E+02   0.93303142989498E-11
 0.50000000000000000E+00   0.32591090115412E+02   0.90745189140762E-11
 0.50000000000000000E+00   0.33489825716383E+02   0.88311580270783E-11
 0.50000000000000000E+00   0.34394697380382E+02   0.85993434595366E-11
 0.50000000000000000E+00   0.35305370261891E+02   0.83772988546116E-11
 0.50000000000000000E+00   0.36221523376224E+02   0.81654683015131E-11
 0.50000000000000000E+00   0.37142849564891E+02   0.79629636218215E-11
 0.50000000000000000E+00   0.38069055382202E+02   0.77693407263268E-11
 0.50000000000000000E+00   0.38999860913611E+02   0.75837114366095E-11
 0.50000000000000000E+00   0.39934999535663E+02   0.74060757526695E-11
 0.50000000000000000E+00   0.40874217626704E+02   0.72355454960871E-11
