 0.43434895244026703E-01   0.97578195523695E-18  -0.39478741372012E+06
 0.44584808177026543E-01   0.29483069282768E-04  -0.38363654608885E+06
 0.48365378289370681E-01   0.61082173640461E-04  -0.35071310760198E+06
 0.55244673540174170E-01   0.94949178290611E-04  -0.30236401519733E+06
 0.65393321490922335E-01   0.13124684686428E-03  -0.24961021479008E+06
 0.78311158805785791E-01   0.17014962340302E-03  -0.20224035144211E+06
 0.92884127507587538E-01   0.21184447044981E-03  -0.16461745385892E+06
 0.10804381125554860E+00   0.25653176725507E-03  -0.13625014733115E+06
 0.12323722712719232E+00   0.30442627240692E-03  -0.11482208152935E+06
 0.13829077649065355E+00   0.35575815550320E-03  -0.98234879448644E+05
 0.15315176469481634E+00   0.41077410281323E-03  -0.85058326078216E+05
 0.16778757328822319E+00   0.46973850223137E-03  -0.74362747608183E+05
 0.18216894520240701E+00   0.53293471320370E-03  -0.65527158002308E+05
 0.19626887447470645E+00   0.60066642771546E-03  -0.58121553541047E+05
 0.21006272490976624E+00   0.67325912886222E-03  -0.51838736122228E+05
 0.22352835354959241E+00   0.75106165399386E-03  -0.46453380691053E+05
 0.23664619462535941E+00   0.83444786992019E-03  -0.41796452160753E+05
 0.24939930428987583E+00   0.92381846820159E-03  -0.37738651736467E+05
 0.26177336796117384E+00   0.10196028891215E-02  -0.34179381199389E+05
 0.27375667288006533E+00   0.11222613835509E-02  -0.31039192207556E+05
 0.28534004909681815E+00   0.12322872225722E-02  -0.28254500847353E+05
 0.29651678255764413E+00   0.13502090654347E-02  -0.25773812342393E+05
 0.30728250425834780E+00   0.14765934971652E-02  -0.23554975405971E+05
 0.31763505957916738E+00   0.16120477479678E-02  -0.21563152858709E+05
 0.32757436192462797E+00   0.17572226074079E-02  -0.19769299592729E+05
 0.33710223468278694E+00   0.19128155473023E-02  -0.18149005817972E+05
 0.34622224530972662E+00   0.20795740682274E-02  -0.16681607238735E+05
 0.35493953505877690E+00   0.22582992856177E-02  -0.15349492950181E+05
 0.36326064753089465E+00   0.24498497725618E-02  -0.14137561619327E+05
 0.37119335884292920E+00   0.26551456776172E-02  -0.13032790152769E+05
 0.37874651181227248E+00   0.28751731372654E-02  -0.12023888599872E+05
 0.38592985615541281E+00   0.31109890040199E-02  -0.11101021815046E+05
 0.39275389630723423E+00   0.33637259126873E-02  -0.10255583272210E+05
 0.39922974809789585E+00   0.36345977088734E-02  -0.94800099659359E+04
 0.40536900518243835E+00   0.39249052655295E-02  -0.87676299377686E+04
 0.41118361581014773E+00   0.42360427151559E-02  -0.81125359005294E+04
 0.41668577024916376E+00   0.45695041272231E-02  -0.75094798841899E+04
 0.42188779894807582E+00   0.49268906624595E-02  -0.69537849247018E+04
 0.42680208131992986E+00   0.53099182378730E-02  -0.64412706549573E+04
 0.43144096487371830E+00   0.57204257387563E-02  -0.59681903014578E+04
 0.43581669429159892E+00   0.61603838164655E-02  -0.55311770896462E+04
 0.43994134995387596E+00   0.66319043134761E-02  -0.51271984505729E+04
 0.44382679534478453E+00   0.71372503601200E-02  -0.47535167277321E+04
 0.44748463272688704E+00   0.76788471905016E-02  -0.44076553249610E+04
 0.45092616644686911E+00   0.82592937283951E-02  -0.40873694288066E+04
 0.45416237322731495E+00   0.88813749974526E-02  -0.37906205927657E+04
 0.45720387880438884E+00   0.95480754138094E-02  -0.35155545946658E+04
 0.46006094028726358E+00   0.10262593023187E-01  -0.32604820786266E+04
 0.46274343363885373E+00   0.11028354748868E-01  -0.30238615744642E+04
 0.46526084570648568E+00   0.11849032721462E-01  -0.28042845539476E+04
 0.46762227026336922E+00   0.12728561766261E-01  -0.26004622379866E+04
 0.46983640755523537E+00   0.13671158129094E-01  -0.24112139139961E+04
 0.47191156687964764E+00   0.14681339527142E-01  -0.22354565602158E+04
 0.47385567175694560E+00   0.15763946616981E-01  -0.20721956051465E+04
 0.47567626728049922E+00   0.16924165978315E-01  -0.19205166766739E+04
 0.47738052925923702E+00   0.18167554718499E-01  -0.17795782178341E+04
 0.47897527478690266E+00   0.19500066809896E-01  -0.16486048652531E+04
 0.48046697389030274E+00   0.20928081279553E-01  -0.15268815026565E+04
 0.48186176192352759E+00   0.22458432378533E-01  -0.14137479159035E+04
 0.48316545238805919E+00   0.24098441866553E-01  -0.13085939880605E+04
 0.48438354987192522E+00   0.25855953556357E-01  -0.12108553832432E+04
 0.48552126281786490E+00   0.27739370271550E-01  -0.11200096763563E+04
 0.48658351585554183E+00   0.29757693381404E-01  -0.10355728923122E+04
 0.48757496147287360E+00   0.31920565086455E-01  -0.95709642250325E+03
 0.48849999086575313E+00   0.34238313639551E-01  -0.88416428769999E+03
 0.48936274390580392E+00   0.36722001698414E-01  -0.81639071439250E+03
 0.49016711831602366E+00   0.39383478017693E-01  -0.75341798497785E+03
 0.49091677835490566E+00   0.42235432700963E-01  -0.69491451044655E+03
 0.49161516357589857E+00   0.45291456246181E-01  -0.64057305785821E+03
 0.49226549850454121E+00   0.48566102631601E-01  -0.59010904759090E+03
 0.49287080423524793E+00   0.52074956703276E-01  -0.54325882673179E+03
 0.49343391276665605E+00   0.55834706139791E-01  -0.49977784230655E+03
 0.49395748410403523E+00   0.59863218284852E-01  -0.45943870118070E+03
 0.49444402469964771E+00   0.64179622153785E-01  -0.42202921631475E+03
 0.49489590418988494E+00   0.68804395935657E-01  -0.38735066185758E+03
 0.49531536678429305E+00   0.73759460328728E-01  -0.35521650379789E+03
 0.49570453512564322E+00   0.79068278063012E-01  -0.32545175938868E+03
 0.49606540765994334E+00   0.84755959979821E-01  -0.29789289343892E+03
 0.49639985358880889E+00   0.90849378054143E-01  -0.27238793183668E+03
 0.49670961032829597E+00   0.97377285761297E-01  -0.24879641283452E+03
 0.49699628679574387E+00   0.10437044620442E+00  -0.22698892264770E+03
 0.49726137316746499E+00   0.11186176843355E+00  -0.20684616718955E+03
 0.49750625553197769E+00   0.11988645240026E+00  -0.18825769964419E+03
 0.49773223275800088E+00   0.12848214300340E+00  -0.17112050579475E+03
 0.49794053275183203E+00   0.13768909369134E+00  -0.15533765832254E+03
 0.49813232568576138E+00   0.14755034009334E+00  -0.14081721935554E+03
 0.49830873243424201E+00   0.15811188415740E+00  -0.12747152053016E+03
 0.49847082723705455E+00   0.16942288927237E+00  -0.11521689078466E+03
 0.49861963452999614E+00   0.18153588684917E+00  -0.10397383302400E+03
 0.49875612102981615E+00   0.19450699482699E+00  -0.93667565059652E+02
 0.49888118563674061E+00   0.20839614855590E+00  -0.84228729796444E+02
 0.49899565148000713E+00   0.22326734448556E+00  -0.75593947873444E+02
 0.49910026578300482E+00   0.23918889705942E+00  -0.67705785313905E+02
 0.49919571207642888E+00   0.25623370917446E+00  -0.60511796330499E+02
 0.49928263283215907E+00   0.27447955651526E+00  -0.53962788105387E+02
 0.49936165028001944E+00   0.29400938600797E+00  -0.48011229692027E+02
 0.49943336973686925E+00   0.31491162856155E+00  -0.42610983030870E+02
 0.49949836265170788E+00   0.33728052616913E+00  -0.37718562976509E+02
 0.49955714449727945E+00   0.36121647332923E+00  -0.33294784999055E+02
 0.49961016516716561E+00   0.38682637261280E+00  -0.29305471944042E+02
 0.49965781706274892E+00   0.41422400404472E+00  -0.25720831690173E+02
 0.49970045454030804E+00   0.44353040778554E+00  -0.22513983351699E+02
 0.49973841549282688E+00   0.47487427938818E+00  -0.19659326113431E+02
 0.49977203841822865E+00   0.50839237666158E+00  -0.17131249940013E+02
 0.49980167190160346E+00   0.54422993689737E+00  -0.14903418161486E+02
 0.49982767614861934E+00   0.58254110290335E+00  -0.12948648336008E+02
 0.49985041786763074E+00   0.62348935593563E+00  -0.11239293291340E+02
 0.49987026065875462E+00   0.66724795322943E+00  -0.97479598724932E+01
 0.49988755336516716E+00   0.71400036739287E+00  -0.84483808467957E+01
 0.49990261876065245E+00   0.76394072444865E+00  -0.73162616622322E+01
 0.49991574465830674E+00   0.81727423678444E+00  -0.63299455331860E+01
 0.49992717916612833E+00   0.87421762670440E+00  -0.54707673099549E+01
 0.49993713136649892E+00   0.93499953566278E+00  -0.47230002721929E+01
 0.49994577776542942E+00   0.99986091361083E+00  -0.40733699040007E+01
 0.49995327277780877E+00   0.10690553822024E+01  -0.35102649060344E+01
 0.49995975863890174E+00   0.11428495648913E+01  -0.30229917059355E+01
 0.49996536942451875E+00   0.12215233762238E+01  -0.26014718375773E+01
 0.49997022809564073E+00   0.13053702618907E+01  -0.22364635008742E+01
 0.49997444116409251E+00   0.13946973803820E+01  -0.19199618964569E+01
 0.49997809625101286E+00   0.14898257163832E+01  -0.16453822919454E+01
 0.49998126388461117E+00   0.15910901154124E+01  -0.14074246918333E+01
 0.49998400167622403E+00   0.16988392286241E+01  -0.12017599245023E+01
 0.49998635863483648E+00   0.18134353562483E+01  -0.10247053952754E+01
 0.49998837840814808E+00   0.19352541778144E+01  -0.87298152514229E+00
 0.49999010120217524E+00   0.20646843571704E+01  -0.74356748686968E+00
 0.49999156462157357E+00   0.22021270103889E+01  -0.63363803265532E+00
 0.49999280380979683E+00   0.23479950249930E+01  -0.54055292739676E+00
 0.49999385123393059E+00   0.25027122195788E+01  -0.46187308037092E+00
 0.49999473636711200E+00   0.26667123339008E+01  -0.39538437547012E+00
 0.49999548542555139E+00   0.28404378408543E+01  -0.33911740480303E+00
 0.49999612123821824E+00   0.30243385735729E+01  -0.29135724124065E+00
 0.49999666327076181E+00   0.32188701630746E+01  -0.25064162907322E+00
 0.49999712778987726E+00   0.34244922845610E+01  -0.21574862809189E+00
 0.49999752813603188E+00   0.36416667135785E+01  -0.18567612053966E+00
 0.49999787506648585E+00   0.38708551967931E+01  -0.15961603982884E+00
 0.49999817713245165E+00   0.41125171460457E+01  -0.13692603627798E+00
 0.49999844106042646E+00   0.43671071685993E+01  -0.11710083057606E+00
 0.49999867211545568E+00   0.46350724509653E+01  -0.99744925233556E-01
 0.49999887443147795E+00   0.49168500183013E+01  -0.84547789296986E-01
 0.49999905129985289E+00   0.52128638959647E+01  -0.71262184582264E-01
 0.49999920541133441E+00   0.55235222042457E+01  -0.59685989176420E-01
 0.49999933904943483E+00   0.58492142214126E+01  -0.49647672366570E-01
 0.49999945423510439E+00   0.61903074538070E+01  -0.40995426768521E-01
 0.49999955282475900E+00   0.65471447546554E+01  -0.33589804655703E-01
 0.49999963656644286E+00   0.69200415353393E+01  -0.27299499237212E-01
 0.49999970712211739E+00   0.73092831139412E+01  -0.21999670223267E-01
 0.49999976606689872E+00   0.77151222458371E+01  -0.17572001104632E-01
 0.49999981487722300E+00   0.81377768798438E+01  -0.13905587994781E-01
 0.49999985491842019E+00   0.85774281809213E+01  -0.10897873005224E-01
 0.49999988743805368E+00   0.90342188566791E+01  -0.84551444679253E-02
 0.49999991356621282E+00   0.95082518200100E+01  -0.64925149531851E-02
 0.49999993432007656E+00   0.99995892142010E+01  -0.49335784205309E-02
 0.49999995060907670E+00   0.10508251820010E+02  -0.37100223762514E-02
 0.49999996323851575E+00   0.11034218856679E+02  -0.27613560656974E-02
 0.49999997291178094E+00   0.11577428180921E+02  -0.20347441956186E-02
 0.49999998023269215E+00   0.12137776879844E+02  -0.14848305161470E-02
 0.49999998570955878E+00   0.12715122245837E+02  -0.10734331334263E-02
 0.49999998976168836E+00   0.13309283113941E+02  -0.76905552416440E-03
 0.49999999272815915E+00   0.13920041535339E+02  -0.54622770149715E-03
 0.49999999487806290E+00   0.14547144754655E+02  -0.38473668326500E-03
 0.49999999642126608E+00   0.15190307453807E+02  -0.26881825826086E-03
 0.49999999751885094E+00   0.15849214221413E+02  -0.18637267519717E-03
 0.49999999829265751E+00   0.16523522204246E+02  -0.12824783155851E-03
 0.49999999883361113E+00   0.17212863895965E+02  -0.87613844680590E-04
 0.49999999920872473E+00   0.17916850018301E+02  -0.59437023745001E-04
 0.49999999946681573E+00   0.18635072450965E+02  -0.40050403181002E-04
 0.49999999964306058E+00   0.19367107168599E+02  -0.26811689179729E-04
 0.49999999999999989E+00   0.20112517146046E+02   0.76005868265838E-12
 0.50000000000000000E+00   0.20870855196793E+02   0.73541173151170E-12
 0.50000000000000000E+00   0.21641666713578E+02   0.71009864655025E-12
 0.50000000000000000E+00   0.22424492284561E+02   0.68567374000850E-12
 0.50000000000000000E+00   0.23218870163075E+02   0.66258110109629E-12
 0.50000000000000000E+00   0.24024338573573E+02   0.64037664060379E-12
 0.50000000000000000E+00   0.24840437840854E+02   0.61928240313591E-12
 0.50000000000000000E+00   0.25666712333901E+02   0.59952043329758E-12
 0.50000000000000000E+00   0.26502712219579E+02   0.58042459727403E-12
 0.50000000000000000E+00   0.27347995024993E+02   0.56266102888003E-12
 0.50000000000000000E+00   0.28202127010389E+02   0.54556359430080E-12
 0.50000000000000000E+00   0.29064684357170E+02   0.52913229353635E-12
 0.50000000000000000E+00   0.29935254177814E+02   0.51381121579652E-12
 0.50000000000000000E+00   0.30813435356248E+02   0.49915627187147E-12
 0.50000000000000000E+00   0.31698839228624E+02   0.48516746176119E-12
 0.50000000000000000E+00   0.32591090115412E+02   0.47184478546569E-12
 0.50000000000000000E+00   0.33489825716383E+02   0.45941028758989E-12
 0.50000000000000000E+00   0.34394697380382E+02   0.44741987892394E-12
 0.50000000000000000E+00   0.35305370261891E+02   0.43576253716537E-12
 0.50000000000000000E+00   0.36221523376224E+02   0.42466030691912E-12
 0.50000000000000000E+00   0.37142849564891E+02   0.41422421048765E-12
 0.50000000000000000E+00   0.38069055382202E+02   0.40423220326602E-12
 0.50000000000000000E+00   0.38999860913611E+02   0.39457326295178E-12
 0.50000000000000000E+00   0.39934999535663E+02   0.38535841184739E-12
 0.50000000000000000E+00   0.40874217626704E+02   0.37636560534793E-12
