 0.17841989149441506E+00   0.97578195523695E-18  -0.67693234353139E+05
 0.18172030835157033E+00   0.29483069282768E-04  -0.65781658950344E+05
 0.19221854755781456E+00   0.61082173640461E-04  -0.60137657983335E+05
 0.21003799019273739E+00   0.94949178290611E-04  -0.51849264889231E+05
 0.23367402315545951E+00   0.13124684686428E-03  -0.42805783188680E+05
 0.25994029893035969E+00   0.17014962340302E-03  -0.34685263677956E+05
 0.28542179835547743E+00   0.21184447044981E-03  -0.28235651663870E+05
 0.30820169588250396E+00   0.25653176725507E-03  -0.23372711069978E+05
 0.32797453470779836E+00   0.30442627240692E-03  -0.19699353234485E+05
 0.34511353458411176E+00   0.35575815550320E-03  -0.16855856607583E+05
 0.36006034678499599E+00   0.41077410281323E-03  -0.14597041685864E+05
 0.37317950539675543E+00   0.46973850223137E-03  -0.12763536007913E+05
 0.38476065487557404E+00   0.53293471320370E-03  -0.11248884982340E+05
 0.39503595341074527E+00   0.60066642771546E-03  -0.99793738160481E+04
 0.40419364589969586E+00   0.67325912886222E-03  -0.89023400834624E+04
 0.41238798824272527E+00   0.75106165399386E-03  -0.79791567188250E+04
 0.41974659517305091E+00   0.83444786992019E-03  -0.71808463484693E+04
 0.42637595933487615E+00   0.92381846820159E-03  -0.64852435201611E+04
 0.43236565149229705E+00   0.10196028891215E-02  -0.58751028677590E+04
 0.43779155551205595E+00   0.11222613835509E-02  -0.53368047067652E+04
 0.44271838739441527E+00   0.12322872225722E-02  -0.48594489581136E+04
 0.44720167667631305E+00   0.13502090654347E-02  -0.44342079557084E+04
 0.45128933951838091E+00   0.14765934971652E-02  -0.40538557639750E+04
 0.45502293842598751E+00   0.16120477479678E-02  -0.37124202834571E+04
 0.45843869913441126E+00   0.17572226074079E-02  -0.34049223298644E+04
 0.46156833761327509E+00   0.19128155473023E-02  -0.31271773326955E+04
 0.46443973734800342E+00   0.20795740682274E-02  -0.28756427931262E+04
 0.46707750763553724E+00   0.22582992856177E-02  -0.26472996365585E+04
 0.46950344662603444E+00   0.24498497725618E-02  -0.24395589851852E+04
 0.47173692758295804E+00   0.26551456776172E-02  -0.22501882138242E+04
 0.47379522285025155E+00   0.28751731372654E-02  -0.20772517888145E+04
 0.47569377697248605E+00   0.31109890040199E-02  -0.19190635511789E+04
 0.47744643807135367E+00   0.33637259126873E-02  -0.17741479400291E+04
 0.47906565476507545E+00   0.36345977088734E-02  -0.16412082592918E+04
 0.48056264449831754E+00   0.39249052655295E-02  -0.15191005372363E+04
 0.48194753803457280E+00   0.42360427151559E-02  -0.14068118598959E+04
 0.48322950398032238E+00   0.45695041272231E-02  -0.13034423081828E+04
 0.48441685650780647E+00   0.49268906624595E-02  -0.12081898167052E+04
 0.48551714888097114E+00   0.53099182378730E-02  -0.11203374159286E+04
 0.48653725493670902E+00   0.57204257387563E-02  -0.10392424298059E+04
 0.48748344030755969E+00   0.61603838164655E-02  -0.96432728662387E+03
 0.48836142487460549E+00   0.66319043134761E-02  -0.89507166763931E+03
 0.48917643769642871E+00   0.71372503601200E-02  -0.83100577057899E+03
 0.48993326546080174E+00   0.76788471905016E-02  -0.77170450659030E+03
 0.49063629534171282E+00   0.82592937283951E-02  -0.71678248224543E+03
 0.49128955300864385E+00   0.88813749974526E-02  -0.66588964461347E+03
 0.49189673642236181E+00   0.95480754138094E-02  -0.61870748865560E+03
 0.49246124595761515E+00   0.10262593023187E-01  -0.57494574336930E+03
 0.49298621131461473E+00   0.11028354748868E-01  -0.53433946705612E+03
 0.49347451561529415E+00   0.11849032721462E-01  -0.49664649347149E+03
 0.49392881702487934E+00   0.12728561766261E-01  -0.46164517994772E+03
 0.49435156819244008E+00   0.13671158129094E-01  -0.42913241626404E+03
 0.49474503376440587E+00   0.14681339527142E-01  -0.39892185938889E+03
 0.49511130619130778E+00   0.15763946616981E-01  -0.37084236448955E+03
 0.49545232001926554E+00   0.16924165978315E-01  -0.34473658699389E+03
 0.49576986483319746E+00   0.18167554718499E-01  -0.32045973415797E+03
 0.49606559699770192E+00   0.19500066809896E-01  -0.29787844767017E+03
 0.49634105032350984E+00   0.20928081279553E-01  -0.27686980141151E+03
 0.49659764577187221E+00   0.22458432378533E-01  -0.25732040067638E+03
 0.49683670029586036E+00   0.24098441866553E-01  -0.23912557100695E+03
 0.49705943490597793E+00   0.25855953556357E-01  -0.22218862636340E+03
 0.49726698203747810E+00   0.27739370271550E-01  -0.20642020768696E+03
 0.49746039228809691E+00   0.29757693381404E-01  -0.19173768405039E+03
 0.49764064058738344E+00   0.31920565086455E-01  -0.17806460956344E+03
 0.49780863185226493E+00   0.34238313639551E-01  -0.16533023003259E+03
 0.49796520617779211E+00   0.36722001698414E-01  -0.15346903408863E+03
 0.49811114360705427E+00   0.39383478017693E-01  -0.14242034410891E+03
 0.49824716851994055E+00   0.42235432700963E-01  -0.13212794278844E+03
 0.49837395367664217E+00   0.45291456246181E-01  -0.12253973166951E+03
 0.49849212394849934E+00   0.48566102631601E-01  -0.11360741833264E+03
 0.49860225976588629E+00   0.52074956703276E-01  -0.10528622929311E+03
 0.49870490031026149E+00   0.55834706139791E-01  -0.97534645945168E+02
 0.49880054647520666E+00   0.59863218284852E-01  -0.90314161157487E+02
 0.49888966361919163E+00   0.64179622153785E-01  -0.83589054356735E+02
 0.49897268413085977E+00   0.68804395935657E-01  -0.77326183145879E+02
 0.49905000982578840E+00   0.73759460328728E-01  -0.71494789697948E+02
 0.49912201419186286E+00   0.79068278063012E-01  -0.66066320348894E+02
 0.49918904449858026E+00   0.84755959979821E-01  -0.61014256990946E+02
 0.49925142378369347E+00   0.90849378054143E-01  -0.56313959045064E+02
 0.49930945272859367E+00   0.97377285761297E-01  -0.51942514972121E+02
 0.49936341143165897E+00   0.10437044620442E+00  -0.47878602470668E+02
 0.49941356108645513E+00   0.11186176843355E+00  -0.44102356706720E+02
 0.49946014556916085E+00   0.11988645240026E+00  -0.40595246128511E+02
 0.49950339293692381E+00   0.12848214300340E+00  -0.37339955635330E+02
 0.49954351683609566E+00   0.13768909369134E+00  -0.34320277090519E+02
 0.49958071781652585E+00   0.14755034009334E+00  -0.31521007388235E+02
 0.49961518454545267E+00   0.15811188415740E+00  -0.28927854492447E+02
 0.49964709491215542E+00   0.16942288927237E+00  -0.26527352053350E+02
 0.49967661701263244E+00   0.18153588684917E+00  -0.24306783356975E+02
 0.49970391000232289E+00   0.19450699482699E+00  -0.22254115463723E+02
 0.49972912480451015E+00   0.20839614855590E+00  -0.20357944426080E+02
 0.49975240466268372E+00   0.22326734448556E+00  -0.18607452432530E+02
 0.49977388552693514E+00   0.23918889705942E+00  -0.16992377594419E+02
 0.49979369626747255E+00   0.25623370917446E+00  -0.15502996870119E+02
 0.49981195871263917E+00   0.27447955651526E+00  -0.14130122301491E+02
 0.49982878751459336E+00   0.29400938600797E+00  -0.12865110307073E+02
 0.49984428985373974E+00   0.31491162856155E+00  -0.11699883183298E+02
 0.49985856500500758E+00   0.33728052616913E+00  -0.10626961065499E+02
 0.49987170380967699E+00   0.36121647332923E+00  -0.96395010544657E+01
 0.49988378813479178E+00   0.38682637261280E+00  -0.87313373358477E+01
 0.49989489047324104E+00   0.41422400404472E+00  -0.78970107841309E+01
 0.49990507395676698E+00   0.44353040778554E+00  -0.71317675913446E+01
 0.49991439321022468E+00   0.47487427938818E+00  -0.64314947390058E+01
 0.49992289656241617E+00   0.50839237666158E+00  -0.57925536014661E+01
 0.49993062987070502E+00   0.54422993689737E+00  -0.52114923674118E+01
 0.49993764129617385E+00   0.58254110290335E+00  -0.46846871210562E+01
 0.49994398503742693E+00   0.62348935593563E+00  -0.42080612316685E+01
 0.49994972165138668E+00   0.66724795322943E+00  -0.37770612027784E+01
 0.49995491437388950E+00   0.71400036739287E+00  -0.33869330472300E+01
 0.49995962354731510E+00   0.76394072444865E+00  -0.30331408398313E+01
 0.49996390213020575E+00   0.81727423678444E+00  -0.27117039470738E+01
 0.49996779381803974E+00   0.87421762670440E+00  -0.24193380785825E+01
 0.49997133348926392E+00   0.93499953566278E+00  -0.21534216654884E+01
 0.49997454891658993E+00   0.99986091361083E+00  -0.19118672118011E+01
 0.49997746281285277E+00   0.10690553822024E+01  -0.16929675385429E+01
 0.49998009468294613E+00   0.11428495648913E+01  -0.14952566177307E+01
 0.49998246227406462E+00   0.12215233762238E+01  -0.13174005979118E+01
 0.49998458259270462E+00   0.13053702618907E+01  -0.11581213853245E+01
 0.49998647253303585E+00   0.13946973803820E+01  -0.10161494252364E+01
 0.49998814918649609E+00   0.14898257163832E+01  -0.89020043299991E+00
 0.49998962990625084E+00   0.15910901154124E+01  -0.77897054104471E+00
 0.49999093219606949E+00   0.16988392286241E+01  -0.68114463638228E+00
 0.49999207348629571E+00   0.18134353562483E+01  -0.59541317967992E+00
 0.49999307085146300E+00   0.19352541778144E+01  -0.52049340821695E+00
 0.49999394071504871E+00   0.20646843571704E+01  -0.45515150555854E+00
 0.49999469857705470E+00   0.22021270103889E+01  -0.39822305721108E+00
 0.49999535878989604E+00   0.23479950249930E+01  -0.34862987830681E+00
 0.49999593439799772E+00   0.25027122195788E+01  -0.30539205677983E+00
 0.49999643704716390E+00   0.26667123339008E+01  -0.26763475627152E+00
 0.49999687696182560E+00   0.28404378408543E+01  -0.23458992126167E+00
 0.49999726298214819E+00   0.30243385735729E+01  -0.20559348646978E+00
 0.49999760264898452E+00   0.32188701630746E+01  -0.18007899306949E+00
 0.49999790232278790E+00   0.34244922845610E+01  -0.15756865445878E+00
 0.49999816732263608E+00   0.36416667135785E+01  -0.13766291191626E+00
 0.49999840207300578E+00   0.38708551967931E+01  -0.12002940841958E+00
 0.49999861024833592E+00   0.41125171460457E+01  -0.10439212885175E+00
 0.49999879490815918E+00   0.43671071685993E+01  -0.90521248909643E-01
 0.49999895861820082E+00   0.46350724509653E+01  -0.78224038235739E-01
 0.49999910355503918E+00   0.49168500183013E+01  -0.67336998459580E-01
 0.49999923159356391E+00   0.52128638959647E+01  -0.57719293485853E-01
 0.49999934437757976E+00   0.55235222042457E+01  -0.49247445897658E-01
 0.49999944337459995E+00   0.58492142214126E+01  -0.41811220961533E-01
 0.49999952991631746E+00   0.61903074538070E+01  -0.35310586523463E-01
 0.49999960522657910E+00   0.65471447546554E+01  -0.29653611650796E-01
 0.49999967043902432E+00   0.69200415353393E+01  -0.24755141603865E-01
 0.49999972660689479E+00   0.73092831139412E+01  -0.20536060978423E-01
 0.49999977470776036E+00   0.77151222458371E+01  -0.16922938640675E-01
 0.49999981564586282E+00   0.81377768798438E+01  -0.13847851648372E-01
 0.49999985025427318E+00   0.85774281809213E+01  -0.11248223181648E-01
 0.49999987929810624E+00   0.90342188566791E+01  -0.90665810616735E-02
 0.49999990347889878E+00   0.95082518200100E+01  -0.72502288620251E-02
 0.49999992343936750E+00   0.99995892142010E+01  -0.57508885166645E-02
 0.49999993976746682E+00   0.10508251820010E+02  -0.45243954527402E-02
 0.49999995299900957E+00   0.11034218856679E+02  -0.35305017815641E-02
 0.49999996361879251E+00   0.11577428180921E+02  -0.27327917412309E-02
 0.49999997206079017E+00   0.12137776879844E+02  -0.20986670863032E-02
 0.49999997870826196E+00   0.12715122245837E+02  -0.15993391152784E-02
 0.49999998389451916E+00   0.13309283113941E+02  -0.12097709622500E-02
 0.49999998790478745E+00   0.13920041535339E+02  -0.90853777154787E-03
 0.49999999097923187E+00   0.14547144754655E+02  -0.67759942952011E-03
 0.49999999331694517E+00   0.15190307453807E+02  -0.50200099339676E-03
 0.49999999508055648E+00   0.15849214221413E+02  -0.36952649162231E-03
 0.49999999640109510E+00   0.16523522204246E+02  -0.27033360120565E-03
 0.49999999738279199E+00   0.17212863895965E+02  -0.19659296335744E-03
 0.49999999810758655E+00   0.17916850018301E+02  -0.14214966935411E-03
 0.49999999863919103E+00   0.18635072450965E+02  -0.10221792923565E-03
 0.49999999902664227E+00   0.19367107168599E+02  -0.73114330682911E-04
 0.49999999930732308E+00   0.20112517146046E+02  -0.52030852402130E-04
 0.49999999950947738E+00   0.20870855196793E+02  -0.36845926650708E-04
 0.49999999965426528E+00   0.21641666713578E+02  -0.25970104506279E-04
 0.49999999969931963E+00   0.22424492284561E+02  -0.22585751910664E-04
 0.50000000000000000E+00   0.23218870163075E+02  -0.99920072216264E-15
 0.50000000000000000E+00   0.24024338573573E+02   0.74940054162198E-15
 0.50000000000000000E+00   0.24840437840854E+02   0.12767564783189E-14
 0.50000000000000000E+00   0.25666712333901E+02   0.13877787807814E-14
 0.50000000000000000E+00   0.26502712219579E+02   0.14710455076283E-14
 0.50000000000000000E+00   0.27347995024993E+02   0.13877787807814E-14
 0.50000000000000000E+00   0.28202127010389E+02   0.13322676295502E-14
 0.50000000000000000E+00   0.29064684357170E+02   0.12767564783189E-14
 0.50000000000000000E+00   0.29935254177814E+02   0.12767564783189E-14
 0.50000000000000000E+00   0.30813435356248E+02   0.12490009027033E-14
 0.50000000000000000E+00   0.31698839228624E+02   0.11934897514720E-14
 0.50000000000000000E+00   0.32591090115412E+02   0.11657341758564E-14
 0.50000000000000000E+00   0.33489825716383E+02   0.11379786002408E-14
 0.50000000000000000E+00   0.34394697380382E+02   0.11102230246252E-14
 0.50000000000000000E+00   0.35305370261891E+02   0.10824674490095E-14
 0.50000000000000000E+00   0.36221523376224E+02   0.10547118733939E-14
 0.50000000000000000E+00   0.37142849564891E+02   0.10269562977783E-14
 0.50000000000000000E+00   0.38069055382202E+02   0.10269562977783E-14
 0.50000000000000000E+00   0.38999860913611E+02   0.97144514654701E-15
 0.50000000000000000E+00   0.39934999535663E+02   0.97144514654701E-15
 0.50000000000000000E+00   0.40874217626704E+02   0.94368957093138E-15
