 0.71356168495737018E-01   0.97578195523695E-18  -0.22561315431310E+06
 0.73126719901601842E-01   0.29483069282768E-04  -0.21924123443274E+06
 0.78907568276821632E-01   0.61082173640461E-04  -0.20042788139978E+06
 0.89271149172037448E-01   0.94949178290611E-04  -0.17279988230210E+06
 0.10420392804265585E+00   0.13124684686428E-03  -0.14265491683844E+06
 0.12262209813535413E+00   0.17014962340302E-03  -0.11558649011161E+06
 0.14264724258287381E+00   0.21184447044981E-03  -0.94087755519460E+05
 0.16267820538398473E+00   0.25653176725507E-03  -0.77877926550342E+05
 0.18198143634035294E+00   0.30442627240692E-03  -0.65633374392782E+05
 0.20038750275048769E+00   0.35575815550320E-03  -0.56155027015511E+05
 0.21789435537578961E+00   0.41077410281323E-03  -0.48625619209482E+05
 0.23452580047926558E+00   0.46973850223137E-03  -0.42513909251028E+05
 0.25030884859749047E+00   0.53293471320370E-03  -0.37465048343678E+05
 0.26527174190063019E+00   0.60066642771546E-03  -0.33233320373698E+05
 0.27944359921009060E+00   0.67325912886222E-03  -0.29643183805120E+05
 0.29285414097778795E+00   0.75106165399386E-03  -0.26565881650427E+05
 0.30553344115189252E+00   0.83444786992019E-03  -0.23904822575567E+05
 0.31751170490568625E+00   0.92381846820159E-03  -0.21586121662339E+05
 0.32881907154906076E+00   0.10196028891215E-02  -0.19552294289138E+05
 0.33948544163343763E+00   0.11222613835509E-02  -0.17757941448466E+05
 0.34954032702095256E+00   0.12322872225722E-02  -0.16166729492316E+05
 0.35901272251603389E+00   0.13502090654347E-02  -0.14749232823739E+05
 0.36793099754265135E+00   0.14765934971652E-02  -0.13481364955421E+05
 0.37632280628548870E+00   0.16120477479678E-02  -0.12343218862033E+05
 0.38421501468994146E+00   0.17572226074079E-02  -0.11318197244338E+05
 0.39163364272661466E+00   0.19128155473023E-02  -0.10392351525474E+05
 0.39860382036400954E+00   0.20795740682274E-02  -0.95538733783681E+04
 0.40514975575214368E+00   0.22582992856177E-02  -0.87926992356195E+04
 0.41129471419452490E+00   0.24498497725618E-02  -0.81001995330234E+04
 0.41706100657154332E+00   0.26551456776172E-02  -0.74689322309479E+04
 0.42246998597097507E+00   0.28751731372654E-02  -0.68924456128721E+04
 0.42754205137766638E+00   0.31109890040199E-02  -0.63651192317941E+04
 0.43229665737189532E+00   0.33637259126873E-02  -0.58820346577710E+04
 0.43675232888229498E+00   0.36345977088734E-02  -0.54388697035423E+04
 0.44092668013292091E+00   0.39249052655295E-02  -0.50318112931847E+04
 0.44483643701384590E+00   0.42360427151559E-02  -0.46574832441189E+04
 0.44849746218968423E+00   0.45695041272231E-02  -0.43128860618095E+04
 0.45192478234013062E+00   0.49268906624595E-02  -0.39953464738564E+04
 0.45513261700057911E+00   0.53099182378730E-02  -0.37024749089449E+04
 0.45813440853905502E+00   0.57204257387563E-02  -0.34321294943849E+04
 0.46094285286803044E+00   0.61603838164655E-02  -0.31823854313713E+04
 0.46356993054634787E+00   0.66319043134761E-02  -0.29515088298223E+04
 0.46602693797764216E+00   0.71372503601200E-02  -0.27379342596469E+04
 0.46832451845763057E+00   0.76788471905016E-02  -0.25402454136317E+04
 0.47047269286372329E+00   0.82592937283951E-02  -0.23571583871685E+04
 0.47248088981695835E+00   0.88813749974526E-02  -0.21875071680418E+04
 0.47435797517862666E+00   0.95480754138094E-02  -0.20302310002635E+04
 0.47611228077248180E+00   0.10262593023187E-01  -0.18843633431266E+04
 0.47775163224846529E+00   0.11028354748868E-01  -0.17490221931012E+04
 0.47928337602574833E+00   0.11849032721462E-01  -0.16234015740868E+04
 0.48071440527189851E+00   0.12728561766261E-01  -0.15067640325869E+04
 0.48205118489139909E+00   0.13671158129094E-01  -0.13984339999301E+04
 0.48329977551081904E+00   0.14681339527142E-01  -0.12977919047757E+04
 0.48446585645986967E+00   0.15763946616981E-01  -0.12042689366671E+04
 0.48555474775754737E+00   0.16924165978315E-01  -0.11173423759941E+04
 0.48657143112070073E+00   0.18167554718499E-01  -0.10365314179421E+04
 0.48752057001875021E+00   0.19500066809896E-01  -0.96139342827722E+03
 0.48840652880299840E+00   0.20928081279553E-01  -0.89152057749732E+03
 0.48923339094201501E+00   0.22458432378533E-01  -0.82653680725923E+03
 0.49000497639595525E+00   0.24098441866553E-01  -0.76609508931375E+03
 0.49072485816234873E+00   0.25855953556357E-01  -0.70987494263904E+03
 0.49139637802384406E+00   0.27739370271550E-01  -0.65758017922286E+03
 0.49202266152459351E+00   0.29757693381404E-01  -0.60893685314063E+03
 0.49260663219642553E+00   0.31920565086455E-01  -0.56369139131701E+03
 0.49315102504876890E+00   0.34238313639551E-01  -0.52160888773025E+03
 0.49365839932764888E+00   0.36722001698414E-01  -0.48247154588157E+03
 0.49413115053931189E+00   0.39383478017693E-01  -0.44607725714574E+03
 0.49457152172370139E+00   0.42235432700963E-01  -0.41223830515570E+03
 0.49498161395293105E+00   0.45291456246181E-01  -0.38078018863629E+03
 0.49536339602126145E+00   0.48566102631601E-01  -0.35154055703975E+03
 0.49571871328758510E+00   0.52074956703276E-01  -0.32436825485246E+03
 0.49604929563140721E+00   0.55834706139791E-01  -0.29912247139050E+03
 0.49635676449211685E+00   0.59863218284852E-01  -0.27567199305162E+03
 0.49664263898360872E+00   0.64179622153785E-01  -0.25389455401633E+03
 0.49690834111841642E+00   0.68804395935657E-01  -0.23367627882755E+03
 0.49715520024549398E+00   0.73759460328728E-01  -0.21491120553755E+03
 0.49738445691187727E+00   0.79068278063012E-01  -0.19750087058968E+03
 0.49759726650357244E+00   0.84755959979821E-01  -0.18135392609755E+03
 0.49779470318939684E+00   0.90849378054143E-01  -0.16638574790756E+03
 0.49797776482454276E+00   0.97377285761297E-01  -0.15251798321594E+03
 0.49814737944084569E+00   0.10437044620442E+00  -0.13967798917769E+03
 0.49830441357263544E+00   0.11186176843355E+00  -0.12779814283790E+03
 0.49844968181911131E+00   0.11988645240026E+00  -0.11681506689236E+03
 0.49858395592633559E+00   0.12848214300340E+00  -0.10666890002453E+03
 0.49870797098491804E+00   0.13768909369134E+00  -0.97302791981631E+02
 0.49882242693653522E+00   0.14755034009334E+00  -0.88662758028053E+02
 0.49892798555192835E+00   0.15811188415740E+00  -0.80697878734891E+02
 0.49902526521956325E+00   0.16942288927237E+00  -0.73360667396035E+02
 0.49911483675662349E+00   0.18153588684917E+00  -0.66607362429424E+02
 0.49919722260059096E+00   0.19450699482699E+00  -0.60397967195029E+02
 0.49927290003261227E+00   0.20839614855590E+00  -0.54695988609781E+02
 0.49934230763845233E+00   0.22326734448556E+00  -0.49467934718162E+02
 0.49940585352387212E+00   0.23918889705942E+00  -0.44682682951094E+02
 0.49946392375229243E+00   0.25623370917446E+00  -0.40310834179989E+02
 0.49951688974806890E+00   0.27447955651526E+00  -0.36324146729987E+02
 0.49956511377235929E+00   0.29400938600797E+00  -0.32695117060275E+02
 0.49960895192544108E+00   0.31491162856155E+00  -0.29396747725181E+02
 0.49964875443589785E+00   0.33728052616913E+00  -0.26402520230966E+02
 0.49968486326935374E+00   0.36121647332923E+00  -0.23686570017028E+02
 0.49971760733930021E+00   0.38682637261280E+00  -0.21224042098117E+02
 0.49974729585217764E+00   0.41422400404472E+00  -0.18991587226315E+02
 0.49977421063116600E+00   0.44353040778554E+00  -0.16967935030694E+02
 0.49979859879452199E+00   0.47487427938818E+00  -0.15134440712264E+02
 0.49982066817231130E+00   0.50839237666158E+00  -0.13475426168004E+02
 0.49984058933525000E+00   0.54422993689737E+00  -0.11978024521654E+02
 0.49985850851541369E+00   0.58254110290335E+00  -0.10631206632280E+02
 0.49987457064382812E+00   0.62348935593563E+00  -0.94240480957751E+01
 0.49988893964180925E+00   0.66724795322943E+00  -0.83442034950959E+01
 0.49990179794775824E+00   0.71400036739287E+00  -0.73779415454291E+01
 0.49991332485909279E+00   0.76394072444865E+00  -0.65117720387785E+01
 0.49992367379982855E+00   0.81727423678444E+00  -0.57341530926407E+01
 0.49993296412694144E+00   0.87421762670440E+00  -0.50361057500232E+01
 0.49994128636733376E+00   0.93499953566278E+00  -0.44108195720722E+01
 0.49994871270744939E+00   0.99986091361083E+00  -0.38528638614360E+01
 0.49995530675125721E+00   0.10690553822024E+01  -0.33574541219107E+01
 0.49996113021765021E+00   0.11428495648913E+01  -0.29199486399464E+01
 0.49996624636518877E+00   0.12215233762238E+01  -0.25355910310888E+01
 0.49997072075716975E+00   0.13053702618907E+01  -0.21994526377001E+01
 0.49997462019288147E+00   0.13946973803820E+01  -0.19065127013435E+01
 0.49997801060529035E+00   0.14898257163832E+01  -0.16518161791530E+01
 0.49998095460886771E+00   0.15910901154124E+01  -0.14306578413948E+01
 0.49998350923301382E+00   0.16988392286241E+01  -0.12387524304447E+01
 0.49998572423379706E+00   0.18134353562483E+01  -0.10723613857149E+01
 0.49998764127327511E+00   0.19352541778144E+01  -0.92835440936898E+00
 0.49998929420826965E+00   0.20646843571704E+01  -0.80418770661075E+00
 0.49999071068269141E+00   0.22021270103889E+01  -0.69778432151353E+00
 0.49999191496078871E+00   0.23479950249930E+01  -0.60732127288624E+00
 0.49999293122072724E+00   0.25027122195788E+01  -0.53098212484922E+00
 0.49999378565956676E+00   0.26667123339008E+01  -0.46679885190597E+00
 0.49999450599443135E+00   0.28404378408543E+01  -0.41268929897354E+00
 0.49999511882466785E+00   0.30243385735729E+01  -0.36665531765070E+00
 0.49999564692432841E+00   0.32188701630746E+01  -0.32698613522937E+00
 0.49999610803515998E+00   0.34244922845610E+01  -0.29234901109570E+00
 0.49999651518921345E+00   0.36416667135785E+01  -0.26176499519675E+00
 0.49999687777760382E+00   0.38708551967931E+01  -0.23452864096860E+00
 0.49999720268071607E+00   0.41125171460457E+01  -0.21012310477125E+00
 0.49999749514638403E+00   0.43671071685993E+01  -0.18815417815228E+00
 0.49999775936511742E+00   0.46350724509653E+01  -0.16830707766348E+00
 0.49999799880257906E+00   0.49168500183013E+01  -0.15032146962024E+00
 0.49999821637249808E+00   0.52128638959647E+01  -0.13397848100389E+00
 0.49999841452103988E+00   0.55235222042457E+01  -0.11909436152314E+00
 0.49999859527274293E+00   0.58492142214126E+01  -0.10551703271829E+00
 0.49999876026855905E+00   0.61903074538070E+01  -0.93123230275409E-01
 0.49999891081121101E+00   0.65471447546554E+01  -0.81815096806648E-01
 0.49999904792228456E+00   0.69200415353393E+01  -0.71515893180456E-01
 0.49999917240865582E+00   0.73092831139412E+01  -0.62165008651498E-01
 0.49999928493225010E+00   0.77151222458371E+01  -0.53712720847233E-01
 0.49999938607597633E+00   0.81377768798438E+01  -0.46115242973729E-01
 0.49999947639931985E+00   0.85774281809213E+01  -0.39330547885405E-01
 0.49999955647892197E+00   0.90342188566791E+01  -0.33315319979070E-01
 0.49999962693202005E+00   0.95082518200100E+01  -0.28023194352984E-01
 0.49999968842338821E+00   0.99995892142010E+01  -0.23404235533015E-01
 0.49999974165885952E+00   0.10508251820010E+02  -0.19405423973193E-01
 0.49999978737016099E+00   0.11034218856679E+02  -0.15971795232963E-01
 0.49999982629624140E+00   0.11577428180921E+02  -0.13047842474093E-01
 0.49999985916546896E+00   0.12137776879844E+02  -0.10578853740073E-01
 0.49999988668133333E+00   0.12715122245837E+02  -0.85119858292453E-02
 0.49999990951233314E+00   0.13309283113941E+02  -0.67970240501940E-02
 0.49999992828527406E+00   0.13920041535339E+02  -0.53868854751240E-02
 0.49999994358070726E+00   0.14547144754655E+02  -0.42379616582993E-02
 0.49999995592953295E+00   0.15190307453807E+02  -0.33103737372870E-02
 0.49999996581044925E+00   0.15849214221413E+02  -0.25681640358879E-02
 0.49999997364844029E+00   0.16523522204246E+02  -0.19794096468655E-02
 0.49999997981465305E+00   0.17212863895965E+02  -0.15162316911186E-02
 0.49999998462786310E+00   0.17916850018301E+02  -0.11546851751074E-02
 0.49999998835745707E+00   0.18635072450965E+02  -0.87453499588008E-03
 0.49999999122761868E+00   0.19367107168599E+02  -0.65894147208390E-03
 0.49999999342228624E+00   0.20112517146046E+02  -0.49408800738260E-03
 0.49999999509043713E+00   0.20870855196793E+02  -0.36878408046248E-03
 0.49999999635132941E+00   0.21641666713578E+02  -0.27407156392401E-03
 0.49999999729942846E+00   0.22424492284561E+02  -0.20285467537118E-03
 0.49999999800885075E+00   0.23218870163075E+02  -0.14956608574079E-03
 0.49999999853724952E+00   0.24024338573573E+02  -0.10987517758942E-03
 0.49999999892912017E+00   0.24840437840854E+02  -0.80439618394768E-04
 0.49999999921855987E+00   0.25666712333901E+02  -0.58698225716025E-04
 0.49999999943152484E+00   0.26502712219579E+02  -0.42701262582878E-04
 0.49999999958765573E+00   0.27347995024993E+02  -0.30973432884829E-04
 0.49999999969931963E+00   0.28202127010389E+02  -0.22585751860427E-04
 0.50000000000000000E+00   0.29064684357170E+02   0.55178084323870E-13
 0.50000000000000000E+00   0.29935254177814E+02   0.58064664187896E-13
 0.50000000000000000E+00   0.30813435356248E+02   0.58286708792821E-13
 0.50000000000000000E+00   0.31698839228624E+02   0.57287508070658E-13
 0.50000000000000000E+00   0.32591090115412E+02   0.55844218138645E-13
 0.50000000000000000E+00   0.33489825716383E+02   0.54400928206633E-13
 0.50000000000000000E+00   0.34394697380382E+02   0.53068660577082E-13
 0.50000000000000000E+00   0.35305370261891E+02   0.51736392947532E-13
 0.50000000000000000E+00   0.36221523376224E+02   0.50404125317982E-13
 0.50000000000000000E+00   0.37142849564891E+02   0.49182879990894E-13
 0.50000000000000000E+00   0.38069055382202E+02   0.47961634663807E-13
 0.50000000000000000E+00   0.38999860913611E+02   0.46740389336719E-13
 0.50000000000000000E+00   0.39934999535663E+02   0.45741188614556E-13
 0.50000000000000000E+00   0.40874217626704E+02   0.44686476741163E-13
