 0.20526978200384535E+00   0.97578195523695E-18  -0.53926097145238E+05
 0.20530499277902675E+00   0.29483069282768E-04  -0.53910407236915E+05
 0.20542087536394632E+00   0.61082173640461E-04  -0.53858807980959E+05
 0.20563467259313106E+00   0.94949178290611E-04  -0.53763762711869E+05
 0.20596639360494129E+00   0.13124684686428E-03  -0.53616684065451E+05
 0.20643914495286347E+00   0.17014962340302E-03  -0.53407892134309E+05
 0.20707947537268381E+00   0.21184447044981E-03  -0.53126608556079E+05
 0.20791771508194182E+00   0.25653176725507E-03  -0.52761006160923E+05
 0.20898828013930257E+00   0.30442627240692E-03  -0.52298338664827E+05
 0.21032990900207035E+00   0.35575815550320E-03  -0.51725174831684E+05
 0.21198577551345232E+00   0.41077410281323E-03  -0.51027766839018E+05
 0.21400340301818960E+00   0.46973850223137E-03  -0.50192581347256E+05
 0.21643427558525305E+00   0.53293471320370E-03  -0.49207017360482E+05
 0.21933301010400300E+00   0.60066642771546E-03  -0.48060322790892E+05
 0.22275591956089597E+00   0.67325912886222E-03  -0.46744699631905E+05
 0.22675877256026322E+00   0.75106165399386E-03  -0.45256553289893E+05
 0.23139355397544453E+00   0.83444786992019E-03  -0.43597794436252E+05
 0.23670408445742497E+00   0.92381846820159E-03  -0.41777044730309E+05
 0.24272050100818435E+00   0.10196028891215E-02  -0.39810539815134E+05
 0.24945287811976247E+00   0.11222613835509E-02  -0.37722480619721E+05
 0.25688469891360854E+00   0.12322872225722E-02  -0.35544581178149E+05
 0.26496742230596693E+00   0.13502090654347E-02  -0.33314624893031E+05
 0.27361786853711834E+00   0.14765934971652E-02  -0.31073990876565E+05
 0.28272025020446861E+00   0.16120477479678E-02  -0.28864343261455E+05
 0.29213403928730564E+00   0.17572226074079E-02  -0.26723944291048E+05
 0.30170730669202878E+00   0.19128155473023E-02  -0.24684266589219E+05
 0.31129305467746865E+00   0.20795740682274E-02  -0.22767628575615E+05
 0.32076438351816461E+00   0.22582992856177E-02  -0.20986379328062E+05
 0.33002427728502864E+00   0.24498497725618E-02  -0.19343735806617E+05
 0.33900779352675292E+00   0.26551456776172E-02  -0.17835878879446E+05
 0.34767754460471806E+00   0.28751731372654E-02  -0.16454573658688E+05
 0.35601572416229910E+00   0.31109890040199E-02  -0.15189561294076E+05
 0.36401625910557989E+00   0.33637259126873E-02  -0.14030254414001E+05
 0.37167921008320037E+00   0.36345977088734E-02  -0.12966659273328E+05
 0.37900769007305479E+00   0.39249052655295E-02  -0.11989721360736E+05
 0.38600650785341434E+00   0.42360427151559E-02  -0.11091359333171E+05
 0.39268164559667429E+00   0.45695041272231E-02  -0.10264380580232E+05
 0.39904003124456378E+00   0.49268906624595E-02  -0.95023732559895E+04
 0.40508938941405004E+00   0.53099182378730E-02  -0.87996063305536E+04
 0.41083811157866240E+00   0.57204257387563E-02  -0.81509434053716E+04
 0.41629513499517329E+00   0.61603838164655E-02  -0.75517692035327E+04
 0.42146982971345620E+00   0.66319043134761E-02  -0.69979267343691E+04
 0.42637189413521193E+00   0.71372503601200E-02  -0.64856633644358E+04
 0.43101125947339319E+00   0.76788471905016E-02  -0.60115843432614E+04
 0.43539800326270428E+00   0.82592937283951E-02  -0.55726125957569E+04
 0.43954227189262313E+00   0.88813749974526E-02  -0.51659538047670E+04
 0.44345421198313151E+00   0.95480754138094E-02  -0.47890659776808E+04
 0.44714391029786427E+00   0.10262593023187E-01  -0.44396328290732E+04
 0.45062134178710112E+00   0.11028354748868E-01  -0.41155404238490E+04
 0.45389632527105739E+00   0.11849032721462E-01  -0.38148566175597E+04
 0.45697848620944392E+00   0.12728561766261E-01  -0.35358129065838E+04
 0.45987722595366498E+00   0.13671158129094E-01  -0.32767883638851E+04
 0.46260169684122593E+00   0.14681339527142E-01  -0.30362953885801E+04
 0.46516078246658699E+00   0.15763946616981E-01  -0.28129670414720E+04
 0.46756308244857298E+00   0.16924165978315E-01  -0.26055457754670E+04
 0.46981690101264467E+00   0.18167554718499E-01  -0.24128734004324E+04
 0.47193023871987017E+00   0.19500066809896E-01  -0.22338821472236E+04
 0.47391078670873876E+00   0.20928081279553E-01  -0.20675867156077E+04
 0.47576592287964492E+00   0.22458432378533E-01  -0.19130772055594E+04
 0.47750270955733332E+00   0.24098441866553E-01  -0.17695128404306E+04
 0.47912789232985670E+00   0.25855953556357E-01  -0.16361163929900E+04
 0.48064790000062868E+00   0.27739370271550E-01  -0.15121692203521E+04
 0.48206884591179833E+00   0.29757693381404E-01  -0.13970068010812E+04
 0.48339653128183824E+00   0.31920565086455E-01  -0.12900146492273E+04
 0.48463645155942514E+00   0.34238313639551E-01  -0.11906244629405E+04
 0.48579380692640284E+00   0.36722001698414E-01  -0.10983103655329E+04
 0.48687351766229475E+00   0.39383478017693E-01  -0.10125851390966E+04
 0.48788024381120237E+00   0.42235432700963E-01  -0.93299645720153E+03
 0.48881840656447606E+00   0.45291456246181E-01  -0.85912328450553E+03
 0.48969220690167931E+00   0.48566102631601E-01  -0.79057275523032E+03
 0.49050563689260851E+00   0.52074956703276E-01  -0.72697784870089E+03
 0.49126248166819736E+00   0.55834706139791E-01  -0.66799597499891E+03
 0.49196631443329447E+00   0.59863218284852E-01  -0.61330824920924E+03
 0.49262049031514021E+00   0.64179622153785E-01  -0.56261897916419E+03
 0.49322814517235058E+00   0.68804395935657E-01  -0.51565487976043E+03
 0.49379220293711945E+00   0.73759460328728E-01  -0.47216373381521E+03
 0.49431539155470272E+00   0.79068278063012E-01  -0.43191249294230E+03
 0.49480026488935835E+00   0.84755959979821E-01  -0.39468501696629E+03
 0.49524922670471400E+00   0.90849378054143E-01  -0.36027974274230E+03
 0.49566455274784221E+00   0.97377285761297E-01  -0.32850757515512E+03
 0.49604840760757729E+00   0.10437044620442E+00  -0.29919024149896E+03
 0.49640285408623985E+00   0.11186176843355E+00  -0.27215926815388E+03
 0.49672985425726640E+00   0.11988645240026E+00  -0.24725563012983E+03
 0.49703126326118485E+00   0.12848214300340E+00  -0.22432998316950E+03
 0.49730881928658921E+00   0.13768909369134E+00  -0.20324320934771E+03
 0.49756413579881570E+00   0.14755034009334E+00  -0.18386681249667E+03
 0.49779870357561612E+00   0.15811188415740E+00  -0.16608259057068E+03
 0.49801390757205549E+00   0.16942288927237E+00  -0.14978120770717E+03
 0.49821105452228992E+00   0.18153588684917E+00  -0.13485997923610E+03
 0.49839139557890244E+00   0.19450699482699E+00  -0.12122105671881E+03
 0.49855612745913885E+00   0.20839614855590E+00  -0.10877125573425E+03
 0.49870637263231876E+00   0.22326734448556E+00  -0.97423475921360E+02
 0.49884315813284147E+00   0.23918889705942E+00  -0.87098228344231E+02
 0.49896741279853934E+00   0.25623370917446E+00  -0.77723777202674E+02
 0.49907998709908014E+00   0.27447955651526E+00  -0.69234586949331E+02
 0.49918168581171873E+00   0.29400938600797E+00  -0.61568813068231E+02
 0.49927329993633562E+00   0.31491162856155E+00  -0.54665861933257E+02
 0.49935562738024986E+00   0.33728052616913E+00  -0.48464805416469E+02
 0.49942947715441366E+00   0.36121647332923E+00  -0.42904042243117E+02
 0.49949565664095896E+00   0.38682637261280E+00  -0.37922235760830E+02
 0.49955494537027578E+00   0.41422400404472E+00  -0.33460267142014E+02
 0.49960806197855667E+00   0.44353040778554E+00  -0.29463701200293E+02
 0.49965563437441413E+00   0.47487427938818E+00  -0.25885010663116E+02
 0.49969818704756158E+00   0.50839237666158E+00  -0.22684512130441E+02
 0.49973616003844346E+00   0.54422993689737E+00  -0.19828923766541E+02
 0.49976995844808364E+00   0.58254110290335E+00  -0.17287631054810E+02
 0.49979999602834230E+00   0.62348935593563E+00  -0.15029402488563E+02
 0.49982668827738475E+00   0.66724795322943E+00  -0.13022904050030E+02
 0.49985040682250625E+00   0.71400036739287E+00  -0.11240123437663E+02
 0.49987144850042858E+00   0.76394072444865E+00  -0.96586884785331E+01
 0.49989004145661947E+00   0.81727423678444E+00  -0.82614035418836E+01
 0.49990637162218277E+00   0.87421762670440E+00  -0.70342560093602E+01
 0.49992060887389361E+00   0.93499953566278E+00  -0.59644481148694E+01
 0.49993292361801428E+00   0.99986091361083E+00  -0.50391493957440E+01
 0.49994349313760011E+00   0.10690553822024E+01  -0.42450187849633E+01
 0.49995250049578216E+00   0.11428495648913E+01  -0.35682861574345E+01
 0.49996012939895823E+00   0.12215233762238E+01  -0.29951374275776E+01
 0.49996655787339317E+00   0.13053702618907E+01  -0.25121887942561E+01
 0.49997195268491723E+00   0.13946973803820E+01  -0.21069051976025E+01
 0.49997646549941466E+00   0.14898257163832E+01  -0.17678880810135E+01
 0.49998023102120326E+00   0.15910901154124E+01  -0.14850146761393E+01
 0.49998336683277966E+00   0.16988392286241E+01  -0.12494495928836E+01
 0.49998597440051651E+00   0.18134353562483E+01  -0.10535689284945E+01
 0.49998814067181685E+00   0.19352541778144E+01  -0.89084003597767E+00
 0.49998993980753415E+00   0.20646843571704E+01  -0.75569120181261E+00
 0.49999143478742658E+00   0.22021270103889E+01  -0.64339091425490E+00
 0.49999267880995907E+00   0.23479950249930E+01  -0.54994261874757E+00
 0.49999371651924002E+00   0.25027122195788E+01  -0.47199248644588E+00
 0.49999458511879180E+00   0.26667123339008E+01  -0.40674570388188E+00
 0.49999531540604186E+00   0.28404378408543E+01  -0.35188873216842E+00
 0.49999593272696485E+00   0.30243385735729E+01  -0.30551757461368E+00
 0.49999645783352148E+00   0.32188701630746E+01  -0.26607335309733E+00
 0.49999690762975274E+00   0.34244922845610E+01  -0.23228625338139E+00
 0.49999729580524777E+00   0.36416667135785E+01  -0.20312793397031E+00
 0.49999763336690106E+00   0.38708551967931E+01  -0.17777157750561E+00
 0.49999792908646429E+00   0.41125171460457E+01  -0.15555826894204E+00
 0.49999818988219769E+00   0.43671071685993E+01  -0.13596832505490E+00
 0.49999842114995213E+00   0.46350724509653E+01  -0.11859642323827E+00
 0.49999862705453263E+00   0.49168500183013E+01  -0.10312971436745E+00
 0.49999881078780517E+00   0.52128638959647E+01  -0.89328434115204E-01
 0.49999897479653005E+00   0.55235222042457E+01  -0.77008788530087E-01
 0.49999912098055255E+00   0.58492142214126E+01  -0.66028066425471E-01
 0.49999925086066943E+00   0.61903074538070E+01  -0.56272029773349E-01
 0.49999936571505960E+00   0.65471447546554E+01  -0.47644665419492E-01
 0.49999946668353756E+00   0.69200415353393E+01  -0.40060353943943E-01
 0.49999955484000869E+00   0.73092831139412E+01  -0.33438427018091E-01
 0.49999963123530733E+00   0.77151222458371E+01  -0.27699949623743E-01
 0.49999969691479085E+00   0.81377768798438E+01  -0.22766398345750E-01
 0.49999975291714549E+00   0.85774281809213E+01  -0.18559751053614E-01
 0.49999980026210000E+00   0.90342188566791E+01  -0.15003409829165E-01
 0.49999983993451608E+00   0.95082518200100E+01  -0.12023395910318E-01
 0.49999987287045367E+00   0.99995892142010E+01  -0.95493963928828E-02
 0.49999989994784411E+00   0.10508251820010E+02  -0.75154648468496E-02
 0.49999992198154175E+00   0.11034218856679E+02  -0.58603929533367E-02
 0.49999993972091283E+00   0.11577428180921E+02  -0.45278915899249E-02
 0.49999995384812568E+00   0.12137776879844E+02  -0.34667193094760E-02
 0.49999996497636229E+00   0.12715122245837E+02  -0.26308165879696E-02
 0.49999997364831311E+00   0.13309283113941E+02  -0.19794189684599E-02
 0.49999998033584203E+00   0.13920041535339E+02  -0.14770821354086E-02
 0.49999998544156765E+00   0.14547144754655E+02  -0.10935632122355E-02
 0.49999998930258177E+00   0.15190307453807E+02  -0.80354137647731E-03
 0.49999999219601610E+00   0.15849214221413E+02  -0.58619973186103E-03
 0.49999999434585241E+00   0.16523522204246E+02  -0.42471380858267E-03
 0.49999999593029187E+00   0.17212863895965E+02  -0.30569792395685E-03
 0.49999999708909199E+00   0.17916850018301E+02  -0.21865413599231E-03
 0.49999999793043426E+00   0.18635072450965E+02  -0.15545633323200E-03
 0.49999999853706301E+00   0.19367107168599E+02  -0.10988915142640E-03
 0.49999999897157482E+00   0.20112517146046E+02  -0.77250605368562E-04
 0.49999999928084704E+00   0.20870855196793E+02  -0.54019482293111E-04
 0.49999999949965612E+00   0.21641666713578E+02  -0.37583546906639E-04
 0.49999999965357506E+00   0.22424492284561E+02  -0.26021861595282E-04
 0.49999999969931963E+00   0.23218870163075E+02  -0.22585750595994E-04
 0.50000000000000000E+00   0.24024338573573E+02   0.12692069617515E-11
 0.50000000000000000E+00   0.24840437840854E+02   0.12287948436551E-11
 0.50000000000000000E+00   0.25666712333901E+02   0.11894929485834E-11
 0.50000000000000000E+00   0.26502712219579E+02   0.11517453657461E-11
 0.50000000000000000E+00   0.27347995024993E+02   0.11166623181680E-11
 0.50000000000000000E+00   0.28202127010389E+02   0.10826894936145E-11
 0.50000000000000000E+00   0.29064684357170E+02   0.10504930259003E-11
 0.50000000000000000E+00   0.29935254177814E+02   0.10200729150256E-11
 0.50000000000000000E+00   0.30813435356248E+02   0.99120711638534E-12
 0.50000000000000000E+00   0.31698839228624E+02   0.96322949616479E-12
 0.50000000000000000E+00   0.32591090115412E+02   0.93702823278363E-12
 0.50000000000000000E+00   0.33489825716383E+02   0.91171514782218E-12
 0.50000000000000000E+00   0.34394697380382E+02   0.88795637509520E-12
 0.50000000000000000E+00   0.35305370261891E+02   0.86486373618300E-12
 0.50000000000000000E+00   0.36221523376224E+02   0.84310336490034E-12
 0.50000000000000000E+00   0.37142849564891E+02   0.82200912743247E-12
 0.50000000000000000E+00   0.38069055382202E+02   0.80224715759414E-12
 0.50000000000000000E+00   0.38999860913611E+02   0.78292927696566E-12
 0.50000000000000000E+00   0.39934999535663E+02   0.76494366396673E-12
 0.50000000000000000E+00   0.40874217626704E+02   0.74695805096781E-12
