 0.27148228342444753E-01   0.97578195523695E-18  -0.65415834833642E+06
 0.27893376812269836E-01   0.29483069282768E-04  -0.63567972515685E+06
 0.30353203887243132E-01   0.61082173640461E-04  -0.58112048352485E+06
 0.34868898116230181E-01   0.94949178290611E-04  -0.50099860169130E+06
 0.41625811128377599E-01   0.13124684686428E-03  -0.41357740093432E+06
 0.50394682083628330E-01   0.17014962340302E-03  -0.33507812919153E+06
 0.60520616348585625E-01   0.21184447044981E-03  -0.27273100648701E+06
 0.71326730575393821E-01   0.25653176725507E-03  -0.22572176375373E+06
 0.82446756955279130E-01   0.30442627240692E-03  -0.19021187747145E+06
 0.93762234261556401E-01   0.35575815550320E-03  -0.16272403139499E+06
 0.10523563466068023E+00   0.41077410281323E-03  -0.14088814965392E+06
 0.11684113368797583E+00   0.46973850223137E-03  -0.12316362537950E+06
 0.12855269827020016E+00   0.53293471320370E-03  -0.10852139240715E+06
 0.14034334090242392E+00   0.60066642771546E-03  -0.96248870329742E+05
 0.15218532799503490E+00   0.67325912886222E-03  -0.85836985859280E+05
 0.16405043717883122E+00   0.75106165399386E-03  -0.76912341591305E+05
 0.17591022489425734E+00   0.83444786992019E-03  -0.69194821102082E+05
 0.18773629841362977E+00   0.92381846820159E-03  -0.62470157074682E+05
 0.19950058676697760E+00   0.10196028891215E-02  -0.56571643492046E+05
 0.21117560509207756E+00   0.11222613835509E-02  -0.51367623013572E+05
 0.22273470715189148E+00   0.12322872225722E-02  -0.46752728206289E+05
 0.23415232116861281E+00   0.13502090654347E-02  -0.42641625330414E+05
 0.24540416468387322E+00   0.14765934971652E-02  -0.38964464397398E+05
 0.25646743484408152E+00   0.16120477479678E-02  -0.35663516186149E+05
 0.26732097129312976E+00   0.17572226074079E-02  -0.32690650008099E+05
 0.27794538969512361E+00   0.19128155473023E-02  -0.30005416799050E+05
 0.28832318476935748E+00   0.20795740682274E-02  -0.27573574553645E+05
 0.29843880256220900E+00   0.22582992856177E-02  -0.25365941410295E+05
 0.30827868247326207E+00   0.24498497725618E-02  -0.23357494463982E+05
 0.31783127026834901E+00   0.26551456776172E-02  -0.21526654984068E+05
 0.32708700392907208E+00   0.28751731372654E-02  -0.19854716534060E+05
 0.33603827469241332E+00   0.31109890040199E-02  -0.18325383717192E+05
 0.34467936601767329E+00   0.33637259126873E-02  -0.16924397341031E+05
 0.35300637348012154E+00   0.36345977088734E-02  -0.15639227662908E+05
 0.36101710873585119E+00   0.39249052655295E-02  -0.14458821693033E+05
 0.36871099073951485E+00   0.42360427151559E-02  -0.13373393737680E+05
 0.37608892733836163E+00   0.45695041272231E-02  -0.12374250768900E+05
 0.38315319022704841E+00   0.49268906624595E-02  -0.11453646026556E+05
 0.38990728604386893E+00   0.53099182378730E-02  -0.10604655646946E+05
 0.39635582613630538E+00   0.57204257387563E-02  -0.98210741803782E+04
 0.40250439723733222E+00   0.61603838164655E-02  -0.90973256880145E+04
 0.40835943498759619E+00   0.66319043134761E-02  -0.84283877545777E+04
 0.41392810192453017E+00   0.71372503601200E-02  -0.78097262616196E+04
 0.41921817124773886E+00   0.76788471905016E-02  -0.72372391680311E+04
 0.42423791736865052E+00   0.82592937283951E-02  -0.67072078646142E+04
 0.42899601396751569E+00   0.88813749974526E-02  -0.62162549260616E+04
 0.43350144001665541E+00   0.95480754138094E-02  -0.57613072904970E+04
 0.43776339398824060E+00   0.10262593023187E-01  -0.53395640644404E+04
 0.44179121624959883E+00   0.11028354748868E-01  -0.49484682878414E+04
 0.44559431946018535E+00   0.11849032721462E-01  -0.45856821059263E+04
 0.44918212662292484E+00   0.12728561766261E-01  -0.42490648868587E+04
 0.45256401631000914E+00   0.13671158129094E-01  -0.39366539002706E+04
 0.45574927448194935E+00   0.14681339527142E-01  -0.36466472342879E+04
 0.45874705225310675E+00   0.15763946616981E-01  -0.33773886796801E+04
 0.46156632893437199E+00   0.16924165978315E-01  -0.31273543503792E+04
 0.46421587971536932E+00   0.18167554718499E-01  -0.28951408403530E+04
 0.46670424745049843E+00   0.19500066809896E-01  -0.26794547375358E+04
 0.46903971820526241E+00   0.20928081279553E-01  -0.24791033255739E+04
 0.47123030052023096E+00   0.22458432378533E-01  -0.22929863028966E+04
 0.47328370876124376E+00   0.24098441866553E-01  -0.21200883367228E+04
 0.47520735139671288E+00   0.25855953556357E-01  -0.19594722517212E+04
 0.47700832542093990E+00   0.27739370271550E-01  -0.18102726419926E+04
 0.47869341811421467E+00   0.29757693381404E-01  -0.16716897155634E+04
 0.48026911646785797E+00   0.31920565086455E-01  -0.15429832653494E+04
 0.48174162263712650E+00   0.34238313639551E-01  -0.14234668279133E+04
 0.48311687115033247E+00   0.36722001698414E-01  -0.13125023033625E+04
 0.48440054181071029E+00   0.39383478017693E-01  -0.12094954457534E+04
 0.48559806321575855E+00   0.42235432700963E-01  -0.11138925457224E+04
 0.48671460610411882E+00   0.45291456246181E-01  -0.10251782861847E+04
 0.48775507114940603E+00   0.48566102631601E-01  -0.94287433796978E+03
 0.48872407888836233E+00   0.52074956703276E-01  -0.86653804552783E+03
 0.48962596846976303E+00   0.55834706139791E-01  -0.79576065654003E+03
 0.49046480806801157E+00   0.59863218284852E-01  -0.73016486510464E+03
 0.49124441565771082E+00   0.64179622153785E-01  -0.66940176429119E+03
 0.49196838610823601E+00   0.68804395935657E-01  -0.61314751082415E+03
 0.49264011953631182E+00   0.73759460328728E-01  -0.56110007531333E+03
 0.49326284609090543E+00   0.79068278063012E-01  -0.51297642618515E+03
 0.49383964334575658E+00   0.84755959979821E-01  -0.46851041452129E+03
 0.49437344401957439E+00   0.90849378054143E-01  -0.42745150782467E+03
 0.49486703386183245E+00   0.97377285761297E-01  -0.38956436078529E+03
 0.49532304234377106E+00   0.10437044620442E+00  -0.35462900159746E+03
 0.49574393213374751E+00   0.11186176843355E+00  -0.32244116416152E+03
 0.49613199612696501E+00   0.11988645240026E+00  -0.29281209194237E+03
 0.49648937019022443E+00   0.12848214300340E+00  -0.26556719391760E+03
 0.49681806204470269E+00   0.13768909369134E+00  -0.24054352657325E+03
 0.49711998287065939E+00   0.14755034009334E+00  -0.21758712458491E+03
 0.49739696047946025E+00   0.15811188415740E+00  -0.19655177852527E+03
 0.49765072532946125E+00   0.16942288927237E+00  -0.17729990299635E+03
 0.49788288535610536E+00   0.18153588684917E+00  -0.15970426763801E+03
 0.49809491589358601E+00   0.19450699482699E+00  -0.14364859682959E+03
 0.49828817757399574E+00   0.20839614855590E+00  -0.12902607067403E+03
 0.49846395507109131E+00   0.22326734448556E+00  -0.11573627568522E+03
 0.49862349927338634E+00   0.23918889705942E+00  -0.10368192357596E+03
 0.49876805628535431E+00   0.25623370917446E+00  -0.92766586875670E+02
 0.49889887293494584E+00   0.27447955651526E+00  -0.82894221607752E+02
 0.49901717601002732E+00   0.29400938600797E+00  -0.73970677718627E+02
 0.49912412996397876E+00   0.31491162856155E+00  -0.65906833455361E+02
 0.49922078597050973E+00   0.33728052616913E+00  -0.58622380056079E+02
 0.49930804523345967E+00   0.36121647332923E+00  -0.52048531962726E+02
 0.49938666749923949E+00   0.38682637261280E+00  -0.46127336528504E+02
 0.49945733998876946E+00   0.41422400404472E+00  -0.40806445137550E+02
 0.49952075972980570E+00   0.44353040778554E+00  -0.36032890805492E+02
 0.49957763983059078E+00   0.47487427938818E+00  -0.31752601038138E+02
 0.49962863486917131E+00   0.50839237666158E+00  -0.27915997177799E+02
 0.49967428031321842E+00   0.54422993689737E+00  -0.24482533421070E+02
 0.49971499979396888E+00   0.58254110290335E+00  -0.21420131437048E+02
 0.49975115337538539E+00   0.62348935593563E+00  -0.18701536635183E+02
 0.49978308520275921E+00   0.66724795322943E+00  -0.16300726800210E+02
 0.49981115038246082E+00   0.71400036739287E+00  -0.14190886028842E+02
 0.49983571921096859E+00   0.76394072444865E+00  -0.12344083045828E+02
 0.49985716533801616E+00   0.81727423678444E+00  -0.10732157375686E+02
 0.49987584707191773E+00   0.87421762670440E+00  -0.93281206941084E+01
 0.49989209082736530E+00   0.93499953566278E+00  -0.81073970080072E+01
 0.49990618373503048E+00   0.99986091361083E+00  -0.70483745266976E+01
 0.49991837820215423E+00   0.10690553822024E+01  -0.61320600183181E+01
 0.49992890413408009E+00   0.11428495648913E+01  -0.53411582349009E+01
 0.49993797820367347E+00   0.12215233762238E+01  -0.46593738082475E+01
 0.49994580233352254E+00   0.13053702618907E+01  -0.40715240539144E+01
 0.49995255522102938E+00   0.13946973803820E+01  -0.35641746623518E+01
 0.49995838691685879E+00   0.14898257163832E+01  -0.31260461057621E+01
 0.49996342083499490E+00   0.15910901154124E+01  -0.27478618829554E+01
 0.49996776028226825E+00   0.16988392286241E+01  -0.24218574302590E+01
 0.49997149507123545E+00   0.18134353562483E+01  -0.21412829483895E+01
 0.49997470589177906E+00   0.19352541778144E+01  -0.19000747292964E+01
 0.49997746624100498E+00   0.20646843571704E+01  -0.16927099887198E+01
 0.49997984270645796E+00   0.22021270103889E+01  -0.15141854474956E+01
 0.49998189454496861E+00   0.23479950249930E+01  -0.13600488561090E+01
 0.49998367326348447E+00   0.25027122195788E+01  -0.12264303928769E+01
 0.49998522258211658E+00   0.26667123339008E+01  -0.11100453691102E+01
 0.49998657888038611E+00   0.28404378408543E+01  -0.10081606530110E+01
 0.49998777204200490E+00   0.30243385735729E+01  -0.91853116983077E+00
 0.49998882652227594E+00   0.32188701630746E+01  -0.83931969055734E+00
 0.49998976244568100E+00   0.34244922845610E+01  -0.76901436165978E+00
 0.49999059657472000E+00   0.36416667135785E+01  -0.70635591278359E+00
 0.49999134305318249E+00   0.38708551967931E+01  -0.65028181330043E+00
 0.49999201390080861E+00   0.41125171460457E+01  -0.59988910703539E+00
 0.49999261930439831E+00   0.43671071685993E+01  -0.55441253945421E+00
 0.49999316779295100E+00   0.46350724509653E+01  -0.51321139761037E+00
 0.49999366638733178E+00   0.49168500183013E+01  -0.47575826446656E+00
 0.49999412078255884E+00   0.52128638959647E+01  -0.44162532362347E+00
 0.49999453557530554E+00   0.55235222042457E+01  -0.41046726818331E+00
 0.49999491451470024E+00   0.58492142214126E+01  -0.38200246011263E+00
 0.49999526074178030E+00   0.61903074538070E+01  -0.35599494219248E+00
 0.49999557698848085E+00   0.65471447546554E+01  -0.33223949005457E+00
 0.49999586572133603E+00   0.69200415353393E+01  -0.31055081721460E+00
 0.49999612923009729E+00   0.73092831139412E+01  -0.29075691811487E+00
 0.49999636967251093E+00   0.77151222458371E+01  -0.27269570430814E+00
 0.49999658909143241E+00   0.81377768798438E+01  -0.25621371866378E+00
 0.49999678941901449E+00   0.85774281809213E+01  -0.24116582061123E+00
 0.49999697247685004E+00   0.90342188566791E+01  -0.22741517526756E+00
 0.49999713997452272E+00   0.95082518200100E+01  -0.21483336214746E+00
 0.49999729350562439E+00   0.99995892142010E+01  -0.20330067420335E+00
 0.49999743454078960E+00   0.10508251820010E+02  -0.19270664098755E+00
 0.49999756441958665E+00   0.11034218856679E+02  -0.18295063763973E+00
 0.49999768434451652E+00   0.11577428180921E+02  -0.17394233559874E+00
 0.49999779537984562E+00   0.12137776879844E+02  -0.16560179021204E+00
 0.49999789845626397E+00   0.12715122245837E+02  -0.15785909080444E+00
 0.49999799438063908E+00   0.13309283113941E+02  -0.15065362792756E+00
 0.49999808384915895E+00   0.13920041535339E+02  -0.14393310605967E+00
 0.49999816746197578E+00   0.14547144754655E+02  -0.13765244366372E+00
 0.49999824573778379E+00   0.15190307453807E+02  -0.13177267805730E+00
 0.49999831912728299E+00   0.15849214221413E+02  -0.12625995408919E+00
 0.49999838802496421E+00   0.16523522204246E+02  -0.12108463888983E+00
 0.49999845277902666E+00   0.17212863895965E+02  -0.11622057687992E+00
 0.49999851393533590E+00   0.17916850018301E+02  -0.11162676462387E+00
 0.49999857121023694E+00   0.18635072450965E+02  -0.10732450893640E+00
 0.49999862521524785E+00   0.19367107168599E+02  -0.10326787487585E+00
 0.49999867616737637E+00   0.20112517146046E+02  -0.99440561580194E-01
 0.49999872426842834E+00   0.20870855196793E+02  -0.95827410086261E-01
 0.49999876970606388E+00   0.21641666713578E+02  -0.92414324010415E-01
 0.49999881265478513E+00   0.22424492284561E+02  -0.89188195407708E-01
 0.49999885327685695E+00   0.23218870163075E+02  -0.86136835502646E-01
 0.49999889172316886E+00   0.24024338573573E+02  -0.83248910003046E-01
 0.49999892813403979E+00   0.24840437840854E+02  -0.80513878724985E-01
 0.49999896263996541E+00   0.25666712333901E+02  -0.77921939271998E-01
 0.49999899536231918E+00   0.26502712219579E+02  -0.75463974525466E-01
 0.49999902641400334E+00   0.27347995024993E+02  -0.73131503715950E-01
 0.49999905590005500E+00   0.28202127010389E+02  -0.70916636857117E-01
 0.49999908391821063E+00   0.29064684357170E+02  -0.68812032335064E-01
 0.49999911055943214E+00   0.29935254177814E+02  -0.66810857456366E-01
 0.49999913590839468E+00   0.30813435356248E+02  -0.64906751768218E-01
 0.49999916004393991E+00   0.31698839228624E+02  -0.63093792973594E-01
 0.49999918303949836E+00   0.32591090115412E+02  -0.61366465273534E-01
 0.49999920496347972E+00   0.33489825716383E+02  -0.59719629977521E-01
 0.49999922587963708E+00   0.34394697380382E+02  -0.58148498231440E-01
 0.49999924584740280E+00   0.35305370261891E+02  -0.56648605720838E-01
 0.49999926492220059E+00   0.36221523376224E+02  -0.55215789215174E-01
 0.49999928315573589E+00   0.37142849564891E+02  -0.53846164826420E-01
 0.49999930059626319E+00   0.38069055382202E+02  -0.52536107862794E-01
 0.49999931728883495E+00   0.38999860913611E+02  -0.51282234165509E-01
 0.49999933327553170E+00   0.39934999535663E+02  -0.50081382823305E-01
 0.49999934859567480E+00   0.40874217626704E+02  -0.48930600166091E-01
