 0.33125351160051064E+00   0.97578195523695E-18  -0.19132582713691E+05
 0.33128598384251762E+00   0.29483069282768E-04  -0.19127025999310E+05
 0.33139281633747575E+00   0.61082173640461E-04  -0.19108752295923E+05
 0.33158978277080714E+00   0.94949178290611E-04  -0.19075092045487E+05
 0.33189504214419668E+00   0.13124684686428E-03  -0.19023004192641E+05
 0.33232935259744750E+00   0.17014962340302E-03  -0.18949060664600E+05
 0.33291625416429094E+00   0.21184447044981E-03  -0.18849444246884E+05
 0.33368219318412723E+00   0.25653176725507E-03  -0.18719966385919E+05
 0.33465655095404240E+00   0.30442627240692E-03  -0.18556112991497E+05
 0.33587152877570237E+00   0.35575815550320E-03  -0.18353127414452E+05
 0.33736182650114843E+00   0.41077410281323E-03  -0.18106140889163E+05
 0.33916403729059608E+00   0.46973850223137E-03  -0.17810360618653E+05
 0.34131566760403814E+00   0.53293471320370E-03  -0.17461324005766E+05
 0.34385368352836604E+00   0.60066642771546E-03  -0.17055223258039E+05
 0.34681248919680513E+00   0.67325912886222E-03  -0.16589296787907E+05
 0.35022127108135254E+00   0.75106165399386E-03  -0.16062271667118E+05
 0.35410070753999995E+00   0.83444786992019E-03  -0.15474824680717E+05
 0.35845916179333831E+00   0.92381846820159E-03  -0.14830009335593E+05
 0.36328865922991016E+00   0.10196028891215E-02  -0.14133575655505E+05
 0.36856119032750034E+00   0.11222613835509E-02  -0.13394094589276E+05
 0.37422613741733624E+00   0.12322872225722E-02  -0.12622797858899E+05
 0.38020980396589577E+00   0.13502090654347E-02  -0.11833066639882E+05
 0.38641798434469721E+00   0.14765934971652E-02  -0.11039555485665E+05
 0.39274209674311067E+00   0.16120477479678E-02  -0.10257019810406E+05
 0.39906855081209702E+00   0.17572226074079E-02  -0.94990101300820E+04
 0.40528989621004752E+00   0.19128155473023E-02  -0.87766722619370E+04
 0.41131534080498799E+00   0.20795740682274E-02  -0.80979098826208E+04
 0.41707801689106999E+00   0.22582992856177E-02  -0.74670958409074E+04
 0.42253725838332157E+00   0.24498497725618E-02  -0.68853686734219E+04
 0.42767587926829109E+00   0.26551456776172E-02  -0.63513749393097E+04
 0.43249416224869858E+00   0.28751731372654E-02  -0.58621972442689E+04
 0.43700305005435414E+00   0.31109890040199E-02  -0.54142013217453E+04
 0.44121856507387824E+00   0.33637259126873E-02  -0.50036364905409E+04
 0.44515828016990999E+00   0.36345977088734E-02  -0.46269622399226E+04
 0.44883958542997748E+00   0.39249052655295E-02  -0.42809706256629E+04
 0.45227904886446108E+00   0.42360427151559E-02  -0.39627982841666E+04
 0.45549226623577876E+00   0.45695041272231E-02  -0.36698965260827E+04
 0.45849387160523336E+00   0.49268906624595E-02  -0.33999930978325E+04
 0.46129758500223084E+00   0.53099182378730E-02  -0.31510567861378E+04
 0.46391626444732414E+00   0.57204257387563E-02  -0.29212669002563E+04
 0.46636195628627064E+00   0.61603838164655E-02  -0.27089872467596E+04
 0.46864594311035340E+00   0.66319043134761E-02  -0.25127438887123E+04
 0.47077878925386252E+00   0.71372503601200E-02  -0.23312060635432E+04
 0.47277038393014287E+00   0.76788471905016E-02  -0.21631697458813E+04
 0.47462998207851759E+00   0.82592937283951E-02  -0.20075434348608E+04
 0.47636624300030889E+00   0.88813749974526E-02  -0.18633358202015E+04
 0.47798726686644794E+00   0.95480754138094E-02  -0.17296450415263E+04
 0.47950062918215719E+00   0.10262593023187E-01  -0.16056493040044E+04
 0.48091341329610215E+00   0.11028354748868E-01  -0.14905986528927E+04
 0.48223224104243290E+00   0.11849032721462E-01  -0.13838077417723E+04
 0.48346330160443152E+00   0.12728561766261E-01  -0.12846494556735E+04
 0.48461237868817175E+00   0.13671158129094E-01  -0.11925492720139E+04
 0.48568487609380373E+00   0.14681339527142E-01  -0.11069802602186E+04
 0.48668584177087537E+00   0.15763946616981E-01  -0.10274586357828E+04
 0.48761999044255733E+00   0.16924165978315E-01  -0.95353979692670E+03
 0.48849172488179327E+00   0.18167554718499E-01  -0.88481478234985E+03
 0.48930515592026019E+00   0.19500066809896E-01  -0.82090709728253E+03
 0.49006412126859034E+00   0.20928081279553E-01  -0.76146986234692E+03
 0.49077220322354242E+00   0.22458432378533E-01  -0.70618324593783E+03
 0.49143274533465620E+00   0.24098441866553E-01  -0.65475214610235E+03
 0.49204886809931447E+00   0.25855953556357E-01  -0.60690409241125E+03
 0.49262348375096238E+00   0.27739370271550E-01  -0.56238734221095E+03
 0.49315931020040005E+00   0.29757693381404E-01  -0.52096914903808E+03
 0.49365888418446313E+00   0.31920565086455E-01  -0.48243418396820E+03
 0.49412457366993623E+00   0.34238313639551E-01  -0.44658309333601E+03
 0.49455858955313853E+00   0.36722001698414E-01  -0.41323117867404E+03
 0.49496299668726862E+00   0.39383478017693E-01  -0.38220718692168E+03
 0.49533972426033396E+00   0.42235432700963E-01  -0.35335220099605E+03
 0.49569057553650686E+00   0.45291456246181E-01  -0.32651862271297E+03
 0.49601723696333311E+00   0.48566102631601E-01  -0.30156924180769E+03
 0.49632128663687708E+00   0.52074956703276E-01  -0.27837638641883E+03
 0.49660420210735096E+00   0.55834706139791E-01  -0.25682115183078E+03
 0.49686736750010080E+00   0.59863218284852E-01  -0.23679270545945E+03
 0.49711207992246531E+00   0.64179622153785E-01  -0.21818766691864E+03
 0.49733955512803651E+00   0.68804395935657E-01  -0.20090956237891E+03
 0.49755093241911247E+00   0.73759460328728E-01  -0.18486835212228E+03
 0.49774727878970260E+00   0.79068278063012E-01  -0.16998002890836E+03
 0.49792959235100270E+00   0.84755959979821E-01  -0.15616628208261E+03
 0.49809880514605398E+00   0.90849378054143E-01  -0.14335421773701E+03
 0.49825578555782357E+00   0.97377285761297E-01  -0.13147611812257E+03
 0.49840134064740993E+00   0.10437044620442E+00  -0.12046921375506E+03
 0.49853621891011390E+00   0.11186176843355E+00  -0.11027543049455E+03
 0.49866111404753288E+00   0.11988645240026E+00  -0.10084106578263E+03
 0.49877667029677492E+00   0.12848214300340E+00  -0.92116352742486E+02
 0.49888348945565963E+00   0.13768909369134E+00  -0.84054901336332E+02
 0.49898213890108456E+00   0.14755034009334E+00  -0.76613069260395E+02
 0.49907315886655734E+00   0.15811188415740E+00  -0.69749392821665E+02
 0.49915706675158078E+00   0.16942288927237E+00  -0.63424244899282E+02
 0.49923435704081953E+00   0.18153588684917E+00  -0.57599826135413E+02
 0.49930549738869562E+00   0.19450699482699E+00  -0.52240446513376E+02
 0.49937092329431831E+00   0.20839614855590E+00  -0.47312914060076E+02
 0.49943103423482443E+00   0.22326734448556E+00  -0.42786814575118E+02
 0.49948619305850978E+00   0.23918889705942E+00  -0.38634547001621E+02
 0.49953672885908923E+00   0.25623370917446E+00  -0.34831098099719E+02
 0.49958294241587692E+00   0.27447955651526E+00  -0.31353625496869E+02
 0.49962511287102401E+00   0.29400938600797E+00  -0.28180949106365E+02
 0.49966350441065610E+00   0.31491162856155E+00  -0.25293043528700E+02
 0.49969837202075057E+00   0.33728052616913E+00  -0.22670601080121E+02
 0.49972996571431588E+00   0.36121647332923E+00  -0.20294710563190E+02
 0.49975853290632299E+00   0.38682637261280E+00  -0.18146675862636E+02
 0.49978431884075780E+00   0.41422400404472E+00  -0.16207981356018E+02
 0.49980756516071556E+00   0.44353040778554E+00  -0.14460397156967E+02
 0.49982850686628416E+00   0.47487427938818E+00  -0.12886205698852E+02
 0.49984736803162150E+00   0.50839237666158E+00  -0.11468521691959E+02
 0.49986435676472257E+00   0.54422993689737E+00  -0.10191669098248E+02
 0.49987966003135759E+00   0.58254110290335E+00  -0.90415684225354E+01
 0.49989343922686880E+00   0.62348935593563E+00  -0.80060679321450E+01
 0.49990582792094063E+00   0.66724795322943E+00  -0.70751117482160E+01
 0.49991693402075305E+00   0.71400036739287E+00  -0.62405761369722E+01
 0.49992684878759430E+00   0.76394072444865E+00  -0.54955911078328E+01
 0.49993566216370222E+00   0.81727423678444E+00  -0.48333882140763E+01
 0.49994347662527283E+00   0.87421762670440E+00  -0.42462594120930E+01
 0.49995040810456393E+00   0.93499953566278E+00  -0.37254876274490E+01
 0.49995657257376130E+00   0.99986091361083E+00  -0.32623545212394E+01
 0.49996207041832769E+00   0.10690553822024E+01  -0.28493141838588E+01
 0.49996697950544255E+00   0.11428495648913E+01  -0.24805135079442E+01
 0.49997135735931669E+00   0.12215233762238E+01  -0.21516284342450E+01
 0.49997524744849559E+00   0.13053702618907E+01  -0.18593913824630E+01
 0.49997868551911306E+00   0.13946973803820E+01  -0.16011153253945E+01
 0.49998170427014782E+00   0.14898257163832E+01  -0.13743424831476E+01
 0.49998433613302662E+00   0.15910901154124E+01  -0.11766354601541E+01
 0.49998661448945964E+00   0.16988392286241E+01  -0.10054857214739E+01
 0.49998857379046441E+00   0.18134353562483E+01  -0.85830461846780E+00
 0.49999024900558642E+00   0.19352541778144E+01  -0.73246473141214E+00
 0.49999167474904993E+00   0.20646843571704E+01  -0.62536548109897E+00
 0.49999288433869815E+00   0.22021270103889E+01  -0.53450379032298E+00
 0.49999390895814949E+00   0.23479950249930E+01  -0.45753699429092E+00
 0.49999477701889500E+00   0.25027122195788E+01  -0.39233073518203E+00
 0.49999551376035384E+00   0.26667123339008E+01  -0.33698898573954E+00
 0.49999614108330720E+00   0.28404378408543E+01  -0.28986654601409E+00
 0.49999667758490646E+00   0.30243385735729E+01  -0.24956640189324E+00
 0.49999713874947138E+00   0.32188701630746E+01  -0.21492538429335E+00
 0.49999753724562146E+00   0.34244922845610E+01  -0.18499184328916E+00
 0.49999788328380379E+00   0.36416667135785E+01  -0.15899878740782E+00
 0.49999818499604443E+00   0.38708551967931E+01  -0.13633535495548E+00
 0.49999844880927913E+00   0.41125171460457E+01  -0.11651876862885E+00
 0.49999867979296853E+00   0.43671071685993E+01  -0.99168222524170E-01
 0.49999888196953668E+00   0.46350724509653E+01  -0.83981562212378E-01
 0.49999905858181376E+00   0.49168500183013E+01  -0.70715194850530E-01
 0.49999921231510991E+00   0.52128638959647E+01  -0.59167407399110E-01
 0.49999934547340685E+00   0.55235222042457E+01  -0.49165131601836E-01
 0.49999946011037771E+00   0.58492142214126E+01  -0.40554102033899E-01
 0.49999955811749014E+00   0.61903074538070E+01  -0.33192238086568E-01
 0.49999964127378005E+00   0.65471447546554E+01  -0.26945904981287E-01
 0.49999971126483433E+00   0.69200415353393E+01  -0.21688487808341E-01
 0.49999976968116616E+00   0.73092831139412E+01  -0.17300513519925E-01
 0.49999981800723775E+00   0.77151222458371E+01  -0.13670475340721E-01
 0.49999985761085869E+00   0.81377768798438E+01  -0.10695629158635E-01
 0.49999988973861292E+00   0.85774281809213E+01  -0.82823368329237E-02
 0.49999991551795919E+00   0.90342188566791E+01  -0.63459085797855E-02
 0.49999993596300962E+00   0.95082518200100E+01  -0.48101687256292E-02
 0.49999995198028413E+00   0.99995892142010E+01  -0.36070234861876E-02
 0.49999996437245442E+00   0.10508251820010E+02  -0.26761797356114E-02
 0.49999997384044725E+00   0.11034218856679E+02  -0.19649869965368E-02
 0.49999998098563569E+00   0.11577428180921E+02  -0.14282728165094E-02
 0.49999998631379289E+00   0.12137776879844E+02  -0.10280458000673E-02
 0.49999999024157799E+00   0.12715122245837E+02  -0.73300839152068E-03
 0.49999999310534604E+00   0.13309283113941E+02  -0.51789513599543E-03
 0.49999999517146354E+00   0.13920041535339E+02  -0.36269775950215E-03
 0.49999999664714900E+00   0.14547144754655E+02  -0.25185095443714E-03
 0.49999999769098524E+00   0.15190307453807E+02  -0.17344271940178E-03
 0.49999999842251597E+00   0.15849214221413E+02  -0.11849344627013E-03
 0.49999999893060881E+00   0.16523522204246E+02  -0.80327827556070E-04
 0.49999999928047412E+00   0.17212863895965E+02  -0.54047536766855E-04
 0.49999999951938479E+00   0.17916850018301E+02  -0.36101643776654E-04
 0.49999999968121950E+00   0.18635072450965E+02  -0.23945352381372E-04
 0.50000000000000000E+00   0.19367107168599E+02   0.44408920985006E-13
 0.50000000000000000E+00   0.20112517146046E+02   0.44853010194856E-13
 0.50000000000000000E+00   0.20870855196793E+02   0.43853809472694E-13
 0.50000000000000000E+00   0.21641666713578E+02   0.42521541843143E-13
 0.50000000000000000E+00   0.22424492284561E+02   0.41189274213593E-13
 0.50000000000000000E+00   0.23218870163075E+02   0.39634961979118E-13
 0.50000000000000000E+00   0.24024338573573E+02   0.38413716652030E-13
 0.50000000000000000E+00   0.24840437840854E+02   0.37081449022480E-13
 0.50000000000000000E+00   0.25666712333901E+02   0.35860203695393E-13
 0.50000000000000000E+00   0.26502712219579E+02   0.34749980670767E-13
 0.50000000000000000E+00   0.27347995024993E+02   0.33639757646142E-13
 0.50000000000000000E+00   0.28202127010389E+02   0.32640556923980E-13
 0.50000000000000000E+00   0.29064684357170E+02   0.31752378504279E-13
 0.50000000000000000E+00   0.29935254177814E+02   0.30753177782117E-13
 0.50000000000000000E+00   0.30813435356248E+02   0.29864999362417E-13
 0.50000000000000000E+00   0.31698839228624E+02   0.28976820942717E-13
 0.50000000000000000E+00   0.32591090115412E+02   0.28199664825479E-13
 0.50000000000000000E+00   0.33489825716383E+02   0.27422508708241E-13
 0.50000000000000000E+00   0.34394697380382E+02   0.26756374893466E-13
 0.50000000000000000E+00   0.35305370261891E+02   0.25979218776229E-13
 0.50000000000000000E+00   0.36221523376224E+02   0.25368596112685E-13
 0.50000000000000000E+00   0.37142849564891E+02   0.24757973449141E-13
 0.50000000000000000E+00   0.38069055382202E+02   0.24258373088060E-13
 0.50000000000000000E+00   0.38999860913611E+02   0.23592239273285E-13
 0.50000000000000000E+00   0.39934999535663E+02   0.23092638912203E-13
 0.50000000000000000E+00   0.40874217626704E+02   0.22482016248659E-13
