 0.54889421919792153E-01   0.97578195523695E-18  -0.30456403690533E+06
 0.56305122379260428E-01   0.29483069282768E-04  -0.29596194274199E+06
 0.60946276987159646E-01   0.61082173640461E-04  -0.27056389535296E+06
 0.69339791801051237E-01   0.94949178290611E-04  -0.23326606886275E+06
 0.81601806835395030E-01   0.13124684686428E-03  -0.19257033271037E+06
 0.97005462053136718E-01   0.17014962340302E-03  -0.15602792202785E+06
 0.11411400101158828E+00   0.21184447044981E-03  -0.12700459691811E+06
 0.13161615964589868E+00   0.25653176725507E-03  -0.10512129609233E+06
 0.14886275477366384E+00   0.30442627240692E-03  -0.88591120691554E+05
 0.16566704516550379E+00   0.35575815550320E-03  -0.75795323199786E+05
 0.18198633702456504E+00   0.41077410281323E-03  -0.65630595324290E+05
 0.19780241946561061E+00   0.46973850223137E-03  -0.57379760504761E+05
 0.21310196403778975E+00   0.53293471320370E-03  -0.50563772675140E+05
 0.22787494307494843E+00   0.60066642771546E-03  -0.44850914925374E+05
 0.24211444693046180E+00   0.67325912886222E-03  -0.40004206055429E+05
 0.25581652298101892E+00   0.75106165399386E-03  -0.35849824030398E+05
 0.26897999272286172E+00   0.83444786992019E-03  -0.32257370468556E+05
 0.28160625156864993E+00   0.92381846820159E-03  -0.29127100667667E+05
 0.29369905642257305E+00   0.10196028891215E-02  -0.26381410341967E+05
 0.30526430578182567E+00   0.11222613835509E-02  -0.23959010799457E+05
 0.31630981669119002E+00   0.12322872225722E-02  -0.21810851597397E+05
 0.32684510239926362E+00   0.13502090654347E-02  -0.19897208175603E+05
 0.33688115405274865E+00   0.14765934971652E-02  -0.18185563785617E+05
 0.34643022924168815E+00   0.16120477479678E-02  -0.16649043966798E+05
 0.35550564969181914E+00   0.17572226074079E-02  -0.15265242403603E+05
 0.36412160990526588E+00   0.19128155473023E-02  -0.14015328571580E+05
 0.37229299808901645E+00   0.20795740682274E-02  -0.12883361300653E+05
 0.38003523029001551E+00   0.22582992856177E-02  -0.11855754864972E+05
 0.38736409828135093E+00   0.24498497725618E-02  -0.10920859463433E+05
 0.39429563141836405E+00   0.26551456776172E-02  -0.10068628475501E+05
 0.40084597240689235E+00   0.28751731372654E-02  -0.92903522414280E+04
 0.40703126669687484E+00   0.31109890040199E-02  -0.85784433422697E+04
 0.41286756503054844E+00   0.33637259126873E-02  -0.79262621116155E+04
 0.41837073853186568E+00   0.36345977088734E-02  -0.73279738428643E+04
 0.42355640561844521E+00   0.39249052655295E-02  -0.67784311646988E+04
 0.42843986994488881E+00   0.42360427151559E-02  -0.62730765496359E+04
 0.43303606854218119E+00   0.45695041272231E-02  -0.58078610397007E+04
 0.43735952929776223E+00   0.49268906624595E-02  -0.53791761201838E+04
 0.44142433692054628E+00   0.53099182378730E-02  -0.49837963187599E+04
 0.44524410655088331E+00   0.57204257387563E-02  -0.46188306043819E+04
 0.44883196420371924E+00   0.61603838164655E-02  -0.42816810456226E+04
 0.45220053327099763E+00   0.66319043134761E-02  -0.39700074887980E+04
 0.45536192635397588E+00   0.71372503601200E-02  -0.36816972524088E+04
 0.45832774174537383E+00   0.76788471905016E-02  -0.34148390211698E+04
 0.46110906393320150E+00   0.82592937283951E-02  -0.31677002714056E+04
 0.46371646755119150E+00   0.88813749974526E-02  -0.29387076783639E+04
 0.46616002425368708E+00   0.95480754138094E-02  -0.27264300515057E+04
 0.46844931204462598E+00   0.10262593023187E-01  -0.25295634210246E+04
 0.47059342664008325E+00   0.11028354748868E-01  -0.23469179615496E+04
 0.47260099449109660E+00   0.11849032721462E-01  -0.21774064901555E+04
 0.47448018713770923E+00   0.12728561766261E-01  -0.20200343177708E+04
 0.47623873660596361E+00   0.13671158129094E-01  -0.18738902676429E+04
 0.47788395159669717E+00   0.14681339527142E-01  -0.17381387031399E+04
 0.47942273424820631E+00   0.15763946616981E-01  -0.16120124309863E+04
 0.48086159728400429E+00   0.16924165978315E-01  -0.14948063659506E+04
 0.48220668138187228E+00   0.18167554718499E-01  -0.13858718597769E+04
 0.48346377262111673E+00   0.19500066809896E-01  -0.12846116113642E+04
 0.48463831988137268E+00   0.20928081279553E-01  -0.11904750873317E+04
 0.48573545207846630E+00   0.22458432378533E-01  -0.11029543925548E+04
 0.48675999513091855E+00   0.24098441866553E-01  -0.10215805393249E+04
 0.48771648855493571E+00   0.25855953556357E-01  -0.94592007171722E+03
 0.48860920158666754E+00   0.27739370271550E-01  -0.87557200873401E+03
 0.48944214872893177E+00   0.29757693381404E-01  -0.81016507594209E+03
 0.49021910461664042E+00   0.31920565086455E-01  -0.74935520071596E+03
 0.49094361809253384E+00   0.34238313639551E-01  -0.69282325082874E+03
 0.49161902538490387E+00   0.36722001698414E-01  -0.64027299993272E+03
 0.49224846228514152E+00   0.39383478017693E-01  -0.59142930627844E+03
 0.49283487523987435E+00   0.42235432700963E-01  -0.54603649256040E+03
 0.49338103130663868E+00   0.45291456246181E-01  -0.50385691462688E+03
 0.49388952698213173E+00   0.48566102631601E-01  -0.46466970435828E+03
 0.49436279600862953E+00   0.52074956703276E-01  -0.42826966656085E+03
 0.49480311640721419E+00   0.55834706139791E-01  -0.39446630053400E+03
 0.49521261717802656E+00   0.59863218284852E-01  -0.36308290395410E+03
 0.49559328532473867E+00   0.64179622153785E-01  -0.33395570168557E+03
 0.49594697402557725E+00   0.68804395935657E-01  -0.30693293097858E+03
 0.49627541272682524E+00   0.73759460328728E-01  -0.28187381934199E+03
 0.49658021945464004E+00   0.79068278063012E-01  -0.25864742891110E+03
 0.49686291459347776E+00   0.84755959979821E-01  -0.23713142123233E+03
 0.49712493401823887E+00   0.90849378054143E-01  -0.21721089950255E+03
 0.49736763862899880E+00   0.97377285761297E-01  -0.19877754798861E+03
 0.49759231803191667E+00   0.10437044620442E+00  -0.18172923466507E+03
 0.49780018847081581E+00   0.11186176843355E+00  -0.16597006402458E+03
 0.49799238780847399E+00   0.11988645240026E+00  -0.15141066413864E+03
 0.49816997156786114E+00   0.12848214300340E+00  -0.13796840249860E+03
 0.49833391314062303E+00   0.13768909369134E+00  -0.12556729543848E+03
 0.49848510918200939E+00   0.14755034009334E+00  -0.11413753477221E+03
 0.49862438929435610E+00   0.15811188415740E+00  -0.10361470002493E+03
 0.49875252806210746E+00   0.16942288927237E+00  -0.93938802403347E+02
 0.49887025729499923E+00   0.18153588684917E+00  -0.85053321437854E+02
 0.49897827661287486E+00   0.19450699482699E+00  -0.76904373776934E+02
 0.49907726097012495E+00   0.20839614855590E+00  -0.69440118318057E+02
 0.49916786422607451E+00   0.22326734448556E+00  -0.62610463529499E+02
 0.49925071838655499E+00   0.23918889705942E+00  -0.56367103881366E+02
 0.49932642869521793E+00   0.25623370917446E+00  -0.50663870893733E+02
 0.49939556540503627E+00   0.27447955651526E+00  -0.45457335540180E+02
 0.49945865392983912E+00   0.29400938600797E+00  -0.40707533636644E+02
 0.49951616631320644E+00   0.31491162856155E+00  -0.36378593067147E+02
 0.49956851846421513E+00   0.33728052616913E+00  -0.32438928301580E+02
 0.49961607819723342E+00   0.36121647332923E+00  -0.28860623853920E+02
 0.49965918559959188E+00   0.38682637261280E+00  -0.25617892878525E+02
 0.49969817732010330E+00   0.41422400404472E+00  -0.22685243744959E+02
 0.49973339739276096E+00   0.44353040778554E+00  -0.20036661542385E+02
 0.49976518469478715E+00   0.47487427938818E+00  -0.17646547386178E+02
 0.49979384827053452E+00   0.50839237666158E+00  -0.15491569533520E+02
 0.49981965064948208E+00   0.54422993689737E+00  -0.13551912859766E+02
 0.49984280786497487E+00   0.58254110290335E+00  -0.11811273051172E+02
 0.49986350142667019E+00   0.62348935593563E+00  -0.10255953181058E+02
 0.49988189378161613E+00   0.66724795322943E+00  -0.88736991826788E+01
 0.49989814144280420E+00   0.71400036739287E+00  -0.76527115238362E+01
 0.49991240338582849E+00   0.76394072444865E+00  -0.65810130517608E+01
 0.49992484451947328E+00   0.81727423678444E+00  -0.56461872908893E+01
 0.49993563512073935E+00   0.87421762670440E+00  -0.48354200751221E+01
 0.49994494753967272E+00   0.93499953566278E+00  -0.41357463324348E+01
 0.49995295152318020E+00   0.99986091361083E+00  -0.35344006273834E+01
 0.49995980933961265E+00   0.10690553822024E+01  -0.30191826904047E+01
 0.49996567160403416E+00   0.11428495648913E+01  -0.25787703568504E+01
 0.49997067437823717E+00   0.12215233762238E+01  -0.22029368184316E+01
 0.49997493780055391E+00   0.13053702618907E+01  -0.18826530451798E+01
 0.49997856621640219E+00   0.13946973803820E+01  -0.16100775672871E+01
 0.49998164953811219E+00   0.14898257163832E+01  -0.13784540043706E+01
 0.49998426536460933E+00   0.15910901154124E+01  -0.11819515943267E+01
 0.49998648126892464E+00   0.16988392286241E+01  -0.10154931801513E+01
 0.49998835668889718E+00   0.18134353562483E+01  -0.87461305375821E+00
 0.49998994409405373E+00   0.19352541778144E+01  -0.75536920782908E+00
 0.49999128947890531E+00   0.20646843571704E+01  -0.65430621060603E+00
 0.49999243253161518E+00   0.22021270103889E+01  -0.56844248338707E+00
 0.49999340686436633E+00   0.23479950249930E+01  -0.49525295628751E+00
 0.49999424050288932E+00   0.25027122195788E+01  -0.43263226682810E+00
 0.49999495660824445E+00   0.26667123339008E+01  -0.37884052035976E+00
 0.49999557428816199E+00   0.28404378408543E+01  -0.33244232957677E+00
 0.49999610935861227E+00   0.30243385735729E+01  -0.29224959724748E+00
 0.49999657497651567E+00   0.32188701630746E+01  -0.25727398180186E+00
 0.49999698212533639E+00   0.34244922845610E+01  -0.22669041613207E+00
 0.49999733997322793E+00   0.36416667135785E+01  -0.19981020136769E+00
 0.49999765613820518E+00   0.38708551967931E+01  -0.17606108551049E+00
 0.49999793689456529E+00   0.41125171460457E+01  -0.15497175606685E+00
 0.49999818734736762E+00   0.43671071685993E+01  -0.13615873240540E+00
 0.49999841159247327E+00   0.46350724509653E+01  -0.11931434322373E+00
 0.49999861287120129E+00   0.49168500183013E+01  -0.10419510870548E+00
 0.49999879372221012E+00   0.52128638959647E+01  -0.90610331248484E-01
 0.49999895612894563E+00   0.55235222042457E+01  -0.78411019464764E-01
 0.49999910165861355E+00   0.58492142214126E+01  -0.67479448836771E-01
 0.49999923158771531E+00   0.61903074538070E+01  -0.57719731874978E-01
 0.49999934700931586E+00   0.65471447546554E+01  -0.49049760441242E-01
 0.49999944891815956E+00   0.69200415353393E+01  -0.41394812193810E-01
 0.49999953827136095E+00   0.73092831139412E+01  -0.34682991655914E-01
 0.49999961602458276E+00   0.77151222458371E+01  -0.28842512647739E-01
 0.49999968314612231E+00   0.81377768798438E+01  -0.23800640176818E-01
 0.49999974061372804E+00   0.85774281809213E+01  -0.19483929493151E-01
 0.49999978940064121E+00   0.90342188566791E+01  -0.15819274565084E-01
 0.49999983045768259E+00   0.95082518200100E+01  -0.12735253616984E-01
 0.49999986469692070E+00   0.99995892142010E+01  -0.10163355894397E-01
 0.49999989297993380E+00   0.10508251820010E+02  -0.80388632964410E-02
 0.49999991611092853E+00   0.11034218856679E+02  -0.63013673065417E-02
 0.49999993483313132E+00   0.11577428180921E+02  -0.48950399965983E-02
 0.49999994982651796E+00   0.12137776879844E+02  -0.37688045854987E-02
 0.49999996170576033E+00   0.12715122245837E+02  -0.28764896647897E-02
 0.49999997101840116E+00   0.13309283113941E+02  -0.21769662632201E-02
 0.49999997824397019E+00   0.13920041535339E+02  -0.16342142592900E-02
 0.49999998379479460E+00   0.14547144754655E+02  -0.12172615053287E-02
 0.49999998801885392E+00   0.15190307453807E+02  -0.89996932434566E-03
 0.49999999120453253E+00   0.15849214221413E+02  -0.66067559094152E-03
 0.49999999358676345E+00   0.16523522204246E+02  -0.48173322344613E-03
 0.49999999535392403E+00   0.17212863895965E+02  -0.34899213401918E-03
 0.49999999665488731E+00   0.17916850018301E+02  -0.25126967884770E-03
 0.49999999760575953E+00   0.18635072450965E+02  -0.17984446386365E-03
 0.49999999829600689E+00   0.19367107168599E+02  -0.12799622242099E-03
 0.49999999879380919E+00   0.20112517146046E+02  -0.90603574395942E-04
 0.49999999915059906E+00   0.20870855196793E+02  -0.63803138314444E-04
 0.49999999940481138E+00   0.21641666713578E+02  -0.44707864766291E-04
 0.49999999958491675E+00   0.22424492284561E+02  -0.31179155804528E-04
 0.49999999969931963E+00   0.23218870163075E+02  -0.22585751684456E-04
 0.50000000000000000E+00   0.24024338573573E+02   0.22071233729548E-12
 0.50000000000000000E+00   0.24840437840854E+02   0.21582735598713E-12
 0.50000000000000000E+00   0.25666712333901E+02   0.21027624086400E-12
 0.50000000000000000E+00   0.26502712219579E+02   0.20383694732118E-12
 0.50000000000000000E+00   0.27347995024993E+02   0.19761969838328E-12
 0.50000000000000000E+00   0.28202127010389E+02   0.19162449405030E-12
 0.50000000000000000E+00   0.29064684357170E+02   0.18585133432225E-12
 0.50000000000000000E+00   0.29935254177814E+02   0.18041124150159E-12
 0.50000000000000000E+00   0.30813435356248E+02   0.17541523789077E-12
 0.50000000000000000E+00   0.31698839228624E+02   0.17041923427996E-12
 0.50000000000000000E+00   0.32591090115412E+02   0.16586731987900E-12
 0.50000000000000000E+00   0.33489825716383E+02   0.16131540547804E-12
 0.50000000000000000E+00   0.34394697380382E+02   0.15720758028692E-12
 0.50000000000000000E+00   0.35305370261891E+02   0.15309975509581E-12
 0.50000000000000000E+00   0.36221523376224E+02   0.14921397450962E-12
 0.50000000000000000E+00   0.37142849564891E+02   0.14555023852836E-12
 0.50000000000000000E+00   0.38069055382202E+02   0.14199752484956E-12
 0.50000000000000000E+00   0.38999860913611E+02   0.13855583347322E-12
 0.50000000000000000E+00   0.39934999535663E+02   0.13544720900427E-12
 0.50000000000000000E+00   0.40874217626704E+02   0.13211653993039E-12
