 0.60913702321332891E-01   0.97578195523695E-18  -0.27072866877893E+06
 0.62462945863424976E-01   0.29483069282768E-04  -0.26308236382911E+06
 0.67534314998407036E-01   0.61082173640461E-04  -0.24050633042926E+06
 0.76676458171741430E-01   0.94949178290611E-04  -0.20735271849591E+06
 0.89964466948234054E-01   0.13124684686428E-03  -0.17117874452395E+06
 0.10654412775368935E+00   0.17014962340302E-03  -0.13869661615237E+06
 0.12481313049657426E+00   0.21184447044981E-03  -0.11289811887348E+06
 0.14334569810416437E+00   0.25653176725507E-03  -0.93446309109860E+05
 0.16145451471826788E+00   0.30442627240692E-03  -0.78752832306816E+05
 0.17895450722112627E+00   0.35575815550320E-03  -0.67378801899434E+05
 0.19581464615555824E+00   0.41077410281323E-03  -0.58343499515097E+05
 0.21202965343743685E+00   0.46973850223137E-03  -0.51009434975854E+05
 0.22759910557746346E+00   0.53293471320370E-03  -0.44950789635965E+05
 0.24252563571834562E+00   0.60066642771546E-03  -0.39872704084765E+05
 0.25681462303545433E+00   0.67325912886222E-03  -0.35564528418749E+05
 0.27047392659570163E+00   0.75106165399386E-03  -0.31871754203939E+05
 0.28351361775302747E+00   0.83444786992019E-03  -0.28678471800181E+05
 0.29594571477737786E+00   0.92381846820159E-03  -0.25896019274656E+05
 0.30778392350670536E+00   0.10196028891215E-02  -0.23455415057847E+05
 0.31904338718979319E+00   0.11222613835509E-02  -0.21302180323922E+05
 0.32974044807420555E+00   0.12322872225722E-02  -0.19392714684847E+05
 0.33989242271226006E+00   0.13502090654347E-02  -0.17691707420128E+05
 0.34951739241948054E+00   0.14765934971652E-02  -0.16170254747157E+05
 0.35863400983342714E+00   0.16120477479678E-02  -0.14804468244245E+05
 0.36726132209094542E+00   0.17572226074079E-02  -0.13574431167915E+05
 0.37541861077077865E+00   0.19128155473023E-02  -0.12463405248944E+05
 0.38312524843583040E+00   0.20795740682274E-02  -0.11457220525887E+05
 0.39040057135288525E+00   0.22582992856177E-02  -0.10543800757684E+05
 0.39726376776369898E+00   0.24498497725618E-02  -0.97127905167672E+04
 0.40373378092552425E+00   0.26551456776172E-02  -0.89552594157003E+04
 0.40982922602619482E+00   0.28751731372654E-02  -0.82634654665232E+04
 0.41556832000353183E+00   0.31109890040199E-02  -0.76306642176514E+04
 0.42096882325565033E+00   0.33637259126873E-02  -0.70509536522331E+04
 0.42604799221258965E+00   0.36345977088734E-02  -0.65191472602952E+04
 0.43082254174568657E+00   0.39249052655295E-02  -0.60306694826037E+04
 0.43530861641482022E+00   0.42360427151559E-02  -0.55814690506022E+04
 0.43952176959109845E+00   0.45695041272231E-02  -0.51679467416106E+04
 0.44347694954022970E+00   0.49268906624595E-02  -0.47868948212900E+04
 0.44718849160671675E+00   0.53099182378730E-02  -0.44354460198889E+04
 0.45067011569857229E+00   0.57204257387563E-02  -0.41110303306948E+04
 0.45393492833437982E+00   0.61603838164655E-02  -0.38113382615799E+04
 0.45699542857746717E+00   0.66319043134761E-02  -0.35342894377912E+04
 0.45986351724438407E+00   0.71372503601200E-02  -0.32780056641080E+04
 0.46255050883568943E+00   0.76788471905016E-02  -0.30407877204836E+04
 0.46506714569548169E+00   0.82592937283951E-02  -0.28210952973051E+04
 0.46742361396155990E+00   0.88813749974526E-02  -0.26175295819920E+04
 0.46962956092020053E+00   0.95480754138094E-02  -0.24288180935503E+04
 0.47169411342802281E+00   0.10262593023187E-01  -0.22538014303185E+04
 0.47362589710816599E+00   0.11028354748868E-01  -0.20914216518668E+04
 0.47543305606897235E+00   0.11849032721462E-01  -0.19407120614805E+04
 0.47712327293057072E+00   0.12728561766261E-01  -0.18007881929307E+04
 0.47870378897823507E+00   0.13671158129094E-01  -0.16708398359231E+04
 0.48018142429123795E+00   0.14681339527142E-01  -0.15501239599919E+04
 0.48156259772218352E+00   0.15763946616981E-01  -0.14379584176944E+04
 0.48285334662458501E+00   0.16924165978315E-01  -0.13337163255662E+04
 0.48405934624578245E+00   0.18167554718499E-01  -0.12368210360700E+04
 0.48518592871824023E+00   0.19500066809896E-01  -0.11467416262507E+04
 0.48623810159483838E+00   0.20928081279553E-01  -0.10629888394116E+04
 0.48722056588302148E+00   0.22458432378533E-01  -0.98511142521252E+03
 0.48813773353862749E+00   0.24098441866553E-01  -0.91269283144023E+03
 0.48899374438299115E+00   0.25855953556357E-01  -0.84534820754648E+03
 0.48979248240665113E+00   0.27739370271550E-01  -0.78272168607654E+03
 0.49053759141998898E+00   0.29757693381404E-01  -0.72448391345914E+03
 0.49123249000583691E+00   0.31920565086455E-01  -0.67032980640060E+03
 0.49188038572224324E+00   0.34238313639551E-01  -0.61997651438163E+03
 0.49248428849620896E+00   0.36722001698414E-01  -0.57316157251036E+03
 0.49304702314282745E+00   0.39383478017693E-01  -0.52964123220731E+03
 0.49357124094100147E+00   0.42235432700963E-01  -0.48918895979486E+03
 0.49405943019976006E+00   0.45291456246181E-01  -0.45159409486723E+03
 0.49451392576233844E+00   0.48566102631601E-01  -0.41666066106321E+03
 0.49493691742439805E+00   0.52074956703276E-01  -0.38420632115791E+03
 0.49533045729580338E+00   0.55834706139791E-01  -0.35406146568612E+03
 0.49569646622171193E+00   0.59863218284852E-01  -0.32606841892687E+03
 0.49603673950740607E+00   0.64179622153785E-01  -0.30008073737133E+03
 0.49635295236381083E+00   0.68804395935657E-01  -0.27596256368409E+03
 0.49664666568503213E+00   0.73759460328728E-01  -0.25358798535317E+03
 0.49691933291284851E+00   0.79068278063012E-01  -0.23284033722785E+03
 0.49717230868650464E+00   0.84755959979821E-01  -0.21361139225975E+03
 0.49740685951416297E+00   0.90849378054143E-01  -0.19580042042264E+03
 0.49762417571998485E+00   0.97377285761297E-01  -0.17931317049525E+03
 0.49782538267539111E+00   0.10437044620442E+00  -0.16406092345892E+03
 0.49801154861122371E+00   0.11186176843355E+00  -0.14995981943510E+03
 0.49818368704572757E+00   0.11988645240026E+00  -0.13693060351396E+03
 0.49834275409510737E+00   0.12848214300340E+00  -0.12489876696606E+03
 0.49848964335277351E+00   0.13768909369134E+00  -0.11379487834285E+03
 0.49862518198401518E+00   0.14755034009334E+00  -0.10355482788485E+03
 0.49875013072665197E+00   0.15811188415740E+00  -0.94119782174430E+02
 0.49886518855898815E+00   0.16942288927237E+00  -0.85435792176268E+02
 0.49897100112249410E+00   0.18153588684917E+00  -0.77453123958447E+02
 0.49906817114249580E+00   0.19450699482699E+00  -0.70125444529053E+02
 0.49915726897878965E+00   0.20839614855590E+00  -0.63409003076206E+02
 0.49923884172439131E+00   0.22326734448556E+00  -0.57261925951578E+02
 0.49931341969141180E+00   0.23918889705942E+00  -0.51643711872305E+02
 0.49938151955586241E+00   0.25623370917446E+00  -0.46514981225052E+02
 0.49944364384904599E+00   0.27447955651526E+00  -0.41837502161077E+02
 0.49950027689451171E+00   0.29400938600797E+00  -0.37574485386669E+02
 0.49955187773285681E+00   0.31491162856155E+00  -0.33691106391832E+02
 0.49959887113260459E+00   0.33728052616913E+00  -0.30155172230986E+02
 0.49964163861372579E+00   0.36121647332923E+00  -0.26937787853784E+02
 0.49968051269157082E+00   0.38682637261280E+00  -0.24013780825178E+02
 0.49971577899768538E+00   0.41422400404472E+00  -0.21361534561954E+02
 0.49974769053870582E+00   0.44353040778554E+00  -0.18961910175154E+02
 0.49977649205209207E+00   0.47487427938818E+00  -0.16796410928334E+02
 0.49980244047687500E+00   0.50839237666158E+00  -0.14845640557367E+02
 0.49982580413081784E+00   0.54422993689737E+00  -0.13089363339016E+02
 0.49984684076633235E+00   0.58254110290335E+00  -0.11508151686493E+02
 0.49986577416285494E+00   0.62348935593563E+00  -0.10085143082350E+02
 0.49988278546173648E+00   0.66724795322943E+00  -0.88066886858075E+01
 0.49989801937938061E+00   0.71400036739287E+00  -0.76618841143887E+01
 0.49991159714132677E+00   0.76394072444865E+00  -0.66415958038219E+01
 0.49992362915304894E+00   0.81727423678444E+00  -0.57375077745914E+01
 0.49993422411890265E+00   0.87421762670440E+00  -0.49414357223911E+01
 0.49994349392575110E+00   0.93499953566278E+00  -0.42449595799849E+01
 0.49995155486096171E+00   0.99986091361083E+00  -0.36393315950121E+01
 0.49995852619525660E+00   0.10690553822024E+01  -0.31155824161142E+01
 0.49996452723495716E+00   0.11428495648913E+01  -0.26647421706533E+01
 0.49996967383175750E+00   0.12215233762238E+01  -0.22781022972327E+01
 0.49997407512565600E+00   0.13053702618907E+01  -0.19474598776634E+01
 0.49997783104524346E+00   0.13946973803820E+01  -0.16653051050929E+01
 0.49998103083988554E+00   0.14898257163832E+01  -0.14249312769795E+01
 0.49998375269650042E+00   0.15910901154124E+01  -0.12204633600043E+01
 0.49998606431029524E+00   0.16988392286241E+01  -0.10468149405341E+01
 0.49998802413464416E+00   0.18134353562483E+01  -0.89959420062834E+00
 0.49998968293623608E+00   0.19352541778144E+01  -0.77498699774317E+00
 0.49999108525594793E+00   0.20646843571704E+01  -0.66964705360936E+00
 0.49999227046572692E+00   0.22021270103889E+01  -0.58061651033034E+00
 0.49999327331964544E+00   0.23479950249930E+01  -0.50528449733503E+00
 0.49999412413435212E+00   0.25027122195788E+01  -0.44137354706041E+00
 0.49999484886245193E+00   0.26667123339008E+01  -0.38693406072300E+00
 0.49999546927970245E+00   0.28404378408543E+01  -0.34033023015889E+00
 0.49999600336287270E+00   0.30243385735729E+01  -0.30021164208752E+00
 0.49999646580784368E+00   0.32188701630746E+01  -0.26547435143328E+00
 0.49999686858819969E+00   0.34244922845610E+01  -0.23521891572745E+00
 0.49999722147044007E+00   0.36416667135785E+01  -0.20871169003892E+00
 0.49999753244257833E+00   0.38708551967931E+01  -0.18535262923939E+00
 0.49999780804879673E+00   0.41125171460457E+01  -0.16465014799292E+00
 0.49999805364373512E+00   0.43671071685993E+01  -0.14620201814158E+00
 0.49999827358744964E+00   0.46350724509653E+01  -0.12968072313657E+00
 0.49999847140120679E+00   0.49168500183013E+01  -0.11482175471933E+00
 0.49999864989963672E+00   0.52128638959647E+01  -0.10141368555774E+00
 0.49999881130927404E+00   0.55235222042457E+01  -0.89289264579677E-01
 0.49999895737863476E+00   0.58492142214126E+01  -0.78317148158735E-01
 0.49999908948128780E+00   0.61903074538070E+01  -0.68394157640635E-01
 0.49999920871094977E+00   0.65471447546554E+01  -0.59438136061072E-01
 0.49999931596634040E+00   0.69200415353393E+01  -0.51381574120760E-01
 0.49999941202318421E+00   0.73092831139412E+01  -0.44166201610387E-01
 0.49999949759116669E+00   0.77151222458371E+01  -0.37738709104585E-01
 0.49999957335465844E+00   0.81377768798438E+01  -0.32047688886746E-01
 0.49999963999742908E+00   0.85774281809213E+01  -0.27041778544609E-01
 0.49999969821311507E+00   0.90342188566791E+01  -0.22668874645142E-01
 0.49999974870457253E+00   0.95082518200100E+01  -0.18876181335933E-01
 0.49999979217609081E+00   0.99995892142010E+01  -0.15610795189476E-01
 0.49999982932250936E+00   0.10508251820010E+02  -0.12820522722332E-01
 0.49999986081851061E+00   0.11034218856679E+02  -0.10454684597496E-01
 0.49999988731001488E+00   0.11577428180921E+02  -0.84647620350031E-02
 0.49999990940815237E+00   0.12137776879844E+02  -0.68048495820308E-02
 0.49999992768526358E+00   0.12715122245837E+02  -0.54319555038123E-02
 0.49999994267204290E+00   0.13309283113941E+02  -0.43062163876830E-02
 0.49999995485519161E+00   0.13920041535339E+02  -0.33910733747873E-02
 0.49999996467545221E+00   0.14547144754655E+02  -0.26534198550348E-02
 0.49999997252628509E+00   0.15190307453807E+02  -0.20637008555875E-02
 0.49999997875356905E+00   0.15849214221413E+02  -0.15959355129311E-02
 0.49999998365657922E+00   0.16523522204246E+02  -0.12276436184064E-02
 0.49999998749025704E+00   0.17212863895965E+02  -0.93967512667015E-03
 0.49999999046856747E+00   0.17916850018301E+02  -0.71595795635537E-03
 0.49999999276861029E+00   0.18635072450965E+02  -0.54318918310226E-03
 0.49999999453511779E+00   0.19367107168599E+02  -0.41049717356234E-03
 0.49999999588501143E+00   0.20112517146046E+02  -0.30909928386991E-03
 0.49999999691176716E+00   0.20870855196793E+02  -0.23197405085162E-03
 0.49999999768941783E+00   0.21641666713578E+02  -0.17356046694217E-03
 0.49999999827610409E+00   0.22424492284561E+02  -0.12949125408257E-03
 0.49999999871714035E+00   0.23218870163075E+02  -0.96362612137968E-04
 0.49999999904760234E+00   0.24024338573573E+02  -0.71539805199583E-04
 0.49999999929447303E+00   0.24840437840854E+02  -0.52995997252392E-04
 0.49999999947839374E+00   0.25666712333901E+02  -0.39180709880071E-04
 0.49999999961507469E+00   0.26502712219579E+02  -0.28913857632373E-04
 0.49999999969931963E+00   0.27347995024993E+02  -0.22585751797033E-04
 0.50000000000000000E+00   0.28202127010389E+02   0.11535217225855E-12
 0.50000000000000000E+00   0.29064684357170E+02   0.11635137298072E-12
 0.50000000000000000E+00   0.29935254177814E+02   0.11479706074624E-12
 0.50000000000000000E+00   0.30813435356248E+02   0.11235457009207E-12
 0.50000000000000000E+00   0.31698839228624E+02   0.10946799022804E-12
 0.50000000000000000E+00   0.32591090115412E+02   0.10669243266648E-12
 0.50000000000000000E+00   0.33489825716383E+02   0.10380585280245E-12
 0.50000000000000000E+00   0.34394697380382E+02   0.10125233984581E-12
 0.50000000000000000E+00   0.35305370261891E+02   0.98587804586714E-13
 0.50000000000000000E+00   0.36221523376224E+02   0.96256336235001E-13
 0.50000000000000000E+00   0.37142849564891E+02   0.93813845580826E-13
 0.50000000000000000E+00   0.38069055382202E+02   0.91593399531575E-13
 0.50000000000000000E+00   0.38999860913611E+02   0.89261931179863E-13
 0.50000000000000000E+00   0.39934999535663E+02   0.87263529735537E-13
 0.50000000000000000E+00   0.40874217626704E+02   0.85265128291212E-13
