 0.28544240045407485E-01   0.97578195523695E-18  -0.62032863083775E+06
 0.29325320899056734E-01   0.29483069282768E-04  -0.60280580581040E+06
 0.31902861104797176E-01   0.61082173640461E-04  -0.55106866432681E+06
 0.36631051327970850E-01   0.94949178290611E-04  -0.47509111036024E+06
 0.43697233833762263E-01   0.13124684686428E-03  -0.39219180352451E+06
 0.52851959661437742E-01   0.17014962340302E-03  -0.31775295024691E+06
 0.63401735019731259E-01   0.21184447044981E-03  -0.25863078344093E+06
 0.74634553091915717E-01   0.25653176725507E-03  -0.21405314986492E+06
 0.86166169804989298E-01   0.30442627240692E-03  -0.18038007038168E+06
 0.97871930194150067E-01   0.35575815550320E-03  -0.15431409097520E+06
 0.10971177114953305E+00   0.41077410281323E-03  -0.13360772685093E+06
 0.12165803604521096E+00   0.46973850223137E-03  -0.11680005851094E+06
 0.13368311571492975E+00   0.53293471320370E-03  -0.10291524798382E+06
 0.14575869279887427E+00   0.60066642771546E-03  -0.91277572961870E+05
 0.15785596968931689E+00   0.67325912886222E-03  -0.81404291905724E+05
 0.16994594140014382E+00   0.75106165399386E-03  -0.72941321342959E+05
 0.18199967310559670E+00   0.83444786992019E-03  -0.65623033820991E+05
 0.19398857621286317E+00   0.92381846820159E-03  -0.59246244935871E+05
 0.20588467737742852E+00   0.10196028891215E-02  -0.53652871455807E+05
 0.21766087512485133E+00   0.11222613835509E-02  -0.48718065909524E+05
 0.22929117916198916E+00   0.12322872225722E-02  -0.44341910862523E+05
 0.24075092804327325E+00   0.13502090654347E-02  -0.40443486303940E+05
 0.25201698156677194E+00   0.14765934971652E-02  -0.36956555049471E+05
 0.26306788507840168E+00   0.16120477479678E-02  -0.33826373707429E+05
 0.27388400372162192E+00   0.17572226074079E-02  -0.31007300906219E+05
 0.28444762554611330E+00   0.19128155473023E-02  -0.28460979538381E+05
 0.29474303324530654E+00   0.20795740682274E-02  -0.26154938467450E+05
 0.30475654509623079E+00   0.22582992856177E-02  -0.24061504937980E+05
 0.31447652639830725E+00   0.24498497725618E-02  -0.22156950003704E+05
 0.32389337332932044E+00   0.26551456776172E-02  -0.20420810719540E+05
 0.33299947164260058E+00   0.28751731372654E-02  -0.18835347844701E+05
 0.34178913301230823E+00   0.31109890040199E-02  -0.17385108450401E+05
 0.35025851209285058E+00   0.33637259126873E-02  -0.16056570477600E+05
 0.35840550749892114E+00   0.36345977088734E-02  -0.14837851855230E+05
 0.36622964994397761E+00   0.39249052655295E-02  -0.13718470881278E+05
 0.37373198071023517E+00   0.42360427151559E-02  -0.12689147608734E+05
 0.38091492347763578E+00   0.45695041272231E-02  -0.11741638258123E+05
 0.38778215232911495E+00   0.49268906624595E-02  -0.10868596403550E+05
 0.39433845849112931E+00   0.53099182378730E-02  -0.10063455995715E+05
 0.40058961807746196E+00   0.57204257387563E-02  -0.93203322982160E+04
 0.40654226279490735E+00   0.61603838164655E-02  -0.86339375983443E+04
 0.41220375525390274E+00   0.66319043134761E-02  -0.79995091664241E+04
 0.41758207021573046E+00   0.71372503601200E-02  -0.74127474192972E+04
 0.42268568280862112E+00   0.76788471905016E-02  -0.68697626246125E+04
 0.42752346446390987E+00   0.82592937283951E-02  -0.63670287859198E+04
 0.43210458706436355E+00   0.88813749974526E-02  -0.59013435915943E+04
 0.43643843556227191E+00   0.95480754138094E-02  -0.54697935064920E+04
 0.44053452911593743E+00   0.10262593023187E-01  -0.50697232440476E+04
 0.44440245060984407E+00   0.11028354748868E-01  -0.46987089860453E+04
 0.44805178426554010E+00   0.11849032721462E-01  -0.43545348235032E+04
 0.45149206091647431E+00   0.12728561766261E-01  -0.40351719796275E+04
 0.45473271041029595E+00   0.13671158129094E-01  -0.37387604481734E+04
 0.45778302051694031E+00   0.14681339527142E-01  -0.34635927404598E+04
 0.46065210166198811E+00   0.15763946616981E-01  -0.32080994837037E+04
 0.46334885677629184E+00   0.16924165978315E-01  -0.29708366535982E+04
 0.46588195556163436E+00   0.18167554718499E-01  -0.27504742558926E+04
 0.46825981252915033E+00   0.19500066809896E-01  -0.25457862953387E+04
 0.47049056828787589E+00   0.20928081279553E-01  -0.23556418853548E+04
 0.47258207376426875E+00   0.22458432378533E-01  -0.21789973573447E+04
 0.47454187733720155E+00   0.24098441866553E-01  -0.20148892240887E+04
 0.47637721527677340E+00   0.25855953556357E-01  -0.18624278376072E+04
 0.47809500632861868E+00   0.27739370271550E-01  -0.17207915629904E+04
 0.47970185163424595E+00   0.29757693381404E-01  -0.15892212784410E+04
 0.48120404111884363E+00   0.31920565086455E-01  -0.14670150320326E+04
 0.48260756660547327E+00   0.34238313639551E-01  -0.13535227682605E+04
 0.48391813999880995E+00   0.36722001698414E-01  -0.12481411979423E+04
 0.48514121238874330E+00   0.39383478017693E-01  -0.11503090837581E+04
 0.48628198834014580E+00   0.42235432700963E-01  -0.10595033332488E+04
 0.48734543076980541E+00   0.45291456246181E-01  -0.97523619418779E+03
 0.48833625601707997E+00   0.48566102631601E-01  -0.89705351580066E+03
 0.48925892379103475E+00   0.52074956703276E-01  -0.82453365275403E+03
 0.49011762935673314E+00   0.55834706139791E-01  -0.75728640016281E+03
 0.49091630413997944E+00   0.59863218284852E-01  -0.69495146095624E+03
 0.49165862719343922E+00   0.64179622153785E-01  -0.63719624981934E+03
 0.49234804608886035E+00   0.68804395935657E-01  -0.58371314055698E+03
 0.49298780332281150E+00   0.73759460328728E-01  -0.53421645029178E+03
 0.49358096346219071E+00   0.79068278063012E-01  -0.48843951327754E+03
 0.49413043654814603E+00   0.84755959979821E-01  -0.44613216889157E+03
 0.49463899425903990E+00   0.90849378054143E-01  -0.40705890995978E+03
 0.49510927680414313E+00   0.97377285761297E-01  -0.37099782463307E+03
 0.49554379051229874E+00   0.10437044620442E+00  -0.33774031482788E+03
 0.49594489870112168E+00   0.11186176843355E+00  -0.30709137826576E+03
 0.49631481153278489E+00   0.11988645240026E+00  -0.27887000903511E+03
 0.49665558317200847E+00   0.12848214300340E+00  -0.25290907981396E+03
 0.49696912397235204E+00   0.13768909369134E+00  -0.22905412045696E+03
 0.49725722806460115E+00   0.14755034009334E+00  -0.20716096994751E+03
 0.49752160351652364E+00   0.15811188415740E+00  -0.18709327795587E+03
 0.49776388479369116E+00   0.16942288927237E+00  -0.16872138630992E+03
 0.49798561910107403E+00   0.18153588684917E+00  -0.15192321303000E+03
 0.49818824180799837E+00   0.19450699482699E+00  -0.13658597399203E+03
 0.49837306602154091E+00   0.20839614855590E+00  -0.12260684288134E+03
 0.49854129864495927E+00   0.22326734448556E+00  -0.10989162339779E+03
 0.49869407635714635E+00   0.23918889705942E+00  -0.98351937179832E+02
 0.49883250538806589E+00   0.25623370917446E+00  -0.87902146981187E+02
 0.49895768982618127E+00   0.27447955651526E+00  -0.78457162988526E+02
 0.49907073900317234E+00   0.29400938600797E+00  -0.69931838362983E+02
 0.49917275124334315E+00   0.31491162856155E+00  -0.62242151502735E+02
 0.49926477764704735E+00   0.33728052616913E+00  -0.55307893444792E+02
 0.49934777601412983E+00   0.36121647332923E+00  -0.49056096735478E+02
 0.49942257278411656E+00   0.38682637261280E+00  -0.43423859960494E+02
 0.49948985882281433E+00   0.41422400404472E+00  -0.38358626513018E+02
 0.49955023912786745E+00   0.44353040778554E+00  -0.33814412211018E+02
 0.49960431195438842E+00   0.47487427938818E+00  -0.29745830239455E+02
 0.49965269926275985E+00   0.50839237666158E+00  -0.26105788226942E+02
 0.49969599363515305E+00   0.54422993689737E+00  -0.22849471120208E+02
 0.49973469165159767E+00   0.58254110290335E+00  -0.19939339137792E+02
 0.49976918220815414E+00   0.62348935593563E+00  -0.17345992450227E+02
 0.49979978197243730E+00   0.66724795322943E+00  -0.15045494269370E+02
 0.49982677996068647E+00   0.71400036739287E+00  -0.13016012436057E+02
 0.49985046782844689E+00   0.76394072444865E+00  -0.11235538200933E+02
 0.49987115058573517E+00   0.81727423678444E+00  -0.96810779984975E+01
 0.49988914168949483E+00   0.87421762670440E+00  -0.83290198187478E+01
 0.49990474952124109E+00   0.93499953566278E+00  -0.71561469068876E+01
 0.49991826239065518E+00   0.99986091361083E+00  -0.61407620960729E+01
 0.49992993798024582E+00   0.10690553822024E+01  -0.52634784747507E+01
 0.49994000095373431E+00   0.11428495648913E+01  -0.45073969177160E+01
 0.49994864889034452E+00   0.12215233762238E+01  -0.38576584805420E+01
 0.49995606189430081E+00   0.13053702618907E+01  -0.33007211331334E+01
 0.49996240835456518E+00   0.13946973803820E+01  -0.28239260996053E+01
 0.49996784300886138E+00   0.14898257163832E+01  -0.24156425823869E+01
 0.49997250119913927E+00   0.15910901154124E+01  -0.20656987195075E+01
 0.49997649585221010E+00   0.16988392286241E+01  -0.17656079009620E+01
 0.49997991944036724E+00   0.18134353562483E+01  -0.15084210788108E+01
 0.49998284877426136E+00   0.19352541778144E+01  -0.12883664262693E+01
 0.49998534976641762E+00   0.20646843571704E+01  -0.11004912975376E+01
 0.49998748068410515E+00   0.22021270103889E+01  -0.94041773433709E+00
 0.49998929374429069E+00   0.23479950249930E+01  -0.80422255583801E+00
 0.49999083554101464E+00   0.25027122195788E+01  -0.68840518103274E+00
 0.49999214691111765E+00   0.26667123339008E+01  -0.58989765818137E+00
 0.49999326272219319E+00   0.28404378408543E+01  -0.50608054876838E+00
 0.49999421188958026E+00   0.30243385735729E+01  -0.43478161664444E+00
 0.49999501778292155E+00   0.32188701630746E+01  -0.37424526266492E+00
 0.49999569908729569E+00   0.34244922845610E+01  -0.32306782025049E+00
 0.49999627110336720E+00   0.36416667135785E+01  -0.28009987921811E+00
 0.49999674732565347E+00   0.38708551967931E+01  -0.24432772309915E+00
 0.49999714089105507E+00   0.41125171460457E+01  -0.21476451510571E+00
 0.49999746531800648E+00   0.43671071685993E+01  -0.19039477214065E+00
 0.49999773420426569E+00   0.46350724509653E+01  -0.17019706284264E+00
 0.49999796020071757E+00   0.49168500183013E+01  -0.15322108890816E+00
 0.49999815400644709E+00   0.52128638959647E+01  -0.13866316897477E+00
 0.49999832391352617E+00   0.55235222042457E+01  -0.12590043041898E+00
 0.49999847592493646E+00   0.58492142214126E+01  -0.11448195009580E+00
 0.49999861418436736E+00   0.61903074538070E+01  -0.10409646869518E+00
 0.49999874146550805E+00   0.65471447546554E+01  -0.94535636503167E-01
 0.49999885958823942E+00   0.69200415353393E+01  -0.85662750453883E-01
 0.49999896972711660E+00   0.73092831139412E+01  -0.77389581954550E-01
 0.49999907262513266E+00   0.77151222458371E+01  -0.69660319719915E-01
 0.49999916873891703E+00   0.81377768798438E+01  -0.62440663060438E-01
 0.49999925833909781E+00   0.85774281809213E+01  -0.55710282967146E-01
 0.49999934158261977E+00   0.90342188566791E+01  -0.49457389901700E-01
 0.49999941856712360E+00   0.95082518200100E+01  -0.43674649048507E-01
 0.49999948937259159E+00   0.99995892142010E+01  -0.38356052050503E-01
 0.49999955409248387E+00   0.10508251820010E+02  -0.33494578194415E-01
 0.49999961285518818E+00   0.11034218856679E+02  -0.29080583217756E-01
 0.49999966583631694E+00   0.11577428180921E+02  -0.25100875567619E-01
 0.49999971326274534E+00   0.12137776879844E+02  -0.21538413122304E-01
 0.49999975540986780E+00   0.12715122245837E+02  -0.18372509238956E-01
 0.49999979259404215E+00   0.13309283113941E+02  -0.15579400330214E-01
 0.49999982516236208E+00   0.13920041535339E+02  -0.13133014118643E-01
 0.49999985348168602E+00   0.14547144754655E+02  -0.11005793691909E-01
 0.49999987792832806E+00   0.15190307453807E+02  -0.91694719381121E-02
 0.49999989887915514E+00   0.15849214221413E+02  -0.75957402242439E-02
 0.49999991670426341E+00   0.16523522204246E+02  -0.62567985250865E-02
 0.49999993176105206E+00   0.17212863895965E+02  -0.51258005768511E-02
 0.49999994438941819E+00   0.17916850018301E+02  -0.41772148159298E-02
 0.49999995490787841E+00   0.18635072450965E+02  -0.33871156899283E-02
 0.49999996361056115E+00   0.19367107168599E+02  -0.27334095699634E-02
 0.49999997076510927E+00   0.20112517146046E+02  -0.21959923316657E-02
 0.49999997661154433E+00   0.20870855196793E+02  -0.17568346375034E-02
 0.49999998136209312E+00   0.21641666713578E+02  -0.13999949572292E-02
 0.49999998520189520E+00   0.22424492284561E+02  -0.11115664393428E-02
 0.49999998829043818E+00   0.23218870163075E+02  -0.87956911091513E-03
 0.49999999076352591E+00   0.24024338573573E+02  -0.69380198418978E-03
 0.49999999273558027E+00   0.24840437840854E+02  -0.54567021598206E-03
 0.49999999430209097E+00   0.25666712333901E+02  -0.42800104563012E-03
 0.49999999554206720E+00   0.26502712219579E+02  -0.33485966341074E-03
 0.49999999652038063E+00   0.27347995024993E+02  -0.26137319720387E-03
 0.49999999728992950E+00   0.28202127010389E+02  -0.20356818850531E-03
 0.49999999789358202E+00   0.29064684357170E+02  -0.15822454946579E-03
 0.49999999836588671E+00   0.29935254177814E+02  -0.12274716629390E-03
 0.49999999873454803E+00   0.30813435356248E+02  -0.95054993978883E-04
 0.49999999902168346E+00   0.31698839228624E+02  -0.73486684571078E-04
 0.49999999924488037E+00   0.32591090115412E+02  -0.56721154865658E-04
 0.49999999941807372E+00   0.33489825716383E+02  -0.43711652495615E-04
 0.49999999955228003E+00   0.34394697380382E+02  -0.33630685218666E-04
 0.49999999965617703E+00   0.35305370261891E+02  -0.25826413132757E-04
 0.49999999969931963E+00   0.36221523376224E+02  -0.22585747815107E-04
 0.50000000000000000E+00   0.37142849564891E+02   0.39999115131195E-11
 0.50000000000000000E+00   0.38069055382202E+02   0.39079850466806E-11
 0.50000000000000000E+00   0.38999860913611E+02   0.38165026694514E-11
 0.50000000000000000E+00   0.39934999535663E+02   0.37274627828765E-11
 0.50000000000000000E+00   0.40874217626704E+02   0.36419756099804E-11
