 0.26762189983161233E+00   0.97578195523695E-18  -0.32611659087589E+05
 0.26765805772005524E+00   0.29483069282768E-04  -0.32602179914763E+05
 0.26777703593616597E+00   0.61082173640461E-04  -0.32571006587887E+05
 0.26799647093904833E+00   0.94949178290611E-04  -0.32513585310165E+05
 0.26833674734996216E+00   0.13124684686428E-03  -0.32424728244045E+05
 0.26882128803795940E+00   0.17014962340302E-03  -0.32298587381803E+05
 0.26947683267394223E+00   0.21184447044981E-03  -0.32128650936802E+05
 0.27033367988552109E+00   0.25653176725507E-03  -0.31907773603774E+05
 0.27142585711531897E+00   0.30442627240692E-03  -0.31628254756777E+05
 0.27279117267842279E+00   0.35575815550320E-03  -0.31281979976442E+05
 0.27447108469450232E+00   0.41077410281323E-03  -0.30860643579089E+05
 0.27651030208762822E+00   0.46973850223137E-03  -0.30356069468086E+05
 0.27895600944242677E+00   0.53293471320370E-03  -0.29760644827138E+05
 0.28185658533203928E+00   0.60066642771546E-03  -0.29067873862992E+05
 0.28525966852692491E+00   0.67325912886222E-03  -0.28273045494880E+05
 0.28920943000840438E+00   0.75106165399386E-03  -0.27373988137429E+05
 0.29374294906677839E+00   0.83444786992019E-03  -0.26371856213067E+05
 0.29888569388114461E+00   0.92381846820159E-03  -0.25271858587016E+05
 0.30464629809370147E+00   0.10196028891215E-02  -0.24083804107829E+05
 0.31101112178590679E+00   0.11222613835509E-02  -0.22822313839156E+05
 0.31793946933941974E+00   0.12322872225722E-02  -0.21506547862636E+05
 0.32536071948579587E+00   0.13502090654347E-02  -0.20159333026341E+05
 0.33317482015607880E+00   0.14765934971652E-02  -0.18805668458824E+05
 0.34125735504056653E+00   0.16120477479678E-02  -0.17470725385540E+05
 0.34946948799023342E+00   0.17572226074079E-02  -0.16177619648955E+05
 0.35767158350563683E+00   0.19128155473023E-02  -0.14945364981308E+05
 0.36573768275448326E+00   0.20795740682274E-02  -0.13787444420802E+05
 0.37356715339075458E+00   0.22582992856177E-02  -0.12711317842022E+05
 0.38109047865645657E+00   0.24498497725618E-02  -0.11718927777751E+05
 0.38826827150898102E+00   0.26551456776172E-02  -0.10807965758865E+05
 0.39508514084644858E+00   0.28751731372654E-02  -0.99734554206985E+04
 0.40154156092872917E+00   0.31109890040199E-02  -0.92091975314846E+04
 0.40764666657050463E+00   0.33637259126873E-02  -0.85087943100862E+04
 0.41341342246247492E+00   0.36345977088734E-02  -0.78662065491461E+04
 0.41885608911875705E+00   0.39249052655295E-02  -0.72759624153013E+04
 0.42398916460338987E+00   0.42360427151559E-02  -0.67331779504854E+04
 0.42882701531893563E+00   0.45695041272231E-02  -0.62335060614493E+04
 0.43338374763760429E+00   0.49268906624595E-02  -0.57730712953693E+04
 0.43767314617872488E+00   0.53099182378730E-02  -0.53484094648020E+04
 0.44170863096866575E+00   0.57204257387563E-02  -0.49564155927797E+04
 0.44550322385308094E+00   0.61603838164655E-02  -0.45942995207663E+04
 0.44906952225488650E+00   0.66319043134761E-02  -0.42595479711777E+04
 0.45241967943256478E+00   0.71372503601200E-02  -0.39498919967357E+04
 0.45556539051688832E+00   0.76788471905016E-02  -0.36632789398957E+04
 0.45851788364877960E+00   0.82592937283951E-02  -0.33978481845737E+04
 0.46128791558557897E+00   0.88813749974526E-02  -0.31519101099504E+04
 0.46388577119025209E+00   0.95480754138094E-02  -0.29239277587111E+04
 0.46632126626660353E+00   0.10262593023187E-01  -0.27125008149975E+04
 0.46860375325208781E+00   0.11028354748868E-01  -0.25163515547047E+04
 0.47074212932720999E+00   0.11849032721462E-01  -0.23343124857467E+04
 0.47274484654594351E+00   0.12728561766261E-01  -0.21653154410180E+04
 0.47461992363430705E+00   0.13671158129094E-01  -0.20083819239607E+04
 0.47637495914368155E+00   0.14681339527142E-01  -0.18626145374562E+04
 0.47801714568113307E+00   0.15763946616981E-01  -0.17271893524190E+04
 0.47955328497055971E+00   0.16924165978315E-01  -0.16013490939793E+04
 0.48098980352564791E+00   0.18167554718499E-01  -0.14843970412697E+04
 0.48233276873819830E+00   0.19500066809896E-01  -0.13756915522403E+04
 0.48358790520331846E+00   0.20928081279553E-01  -0.12746411381058E+04
 0.48476061111634894E+00   0.22458432378533E-01  -0.11807000234008E+04
 0.48585597458546109E+00   0.24098441866553E-01  -0.10933641375037E+04
 0.48687878970915865E+00   0.25855953556357E-01  -0.10121674921186E+04
 0.48783357227028901E+00   0.27739370271550E-01  -0.93667890676660E+03
 0.48872457489892818E+00   0.29757693381404E-01  -0.86649905090846E+03
 0.48955580155754219E+00   0.31920565086455E-01  -0.80125777693831E+03
 0.49033102120587130E+00   0.34238313639551E-01  -0.74061172287804E+03
 0.49105378051383525E+00   0.36722001698414E-01  -0.68424216699351E+03
 0.49172741551374483E+00   0.39383478017693E-01  -0.63185311844991E+03
 0.49235506212553226E+00   0.42235432700963E-01  -0.58316962805500E+03
 0.49293966556017021E+00   0.45291456246181E-01  -0.53793630046005E+03
 0.49348398871825716E+00   0.48566102631601E-01  -0.49591598311127E+03
 0.49399061986276488E+00   0.52074956703276E-01  -0.45688859709482E+03
 0.49446198005624525E+00   0.55834706139791E-01  -0.42065006093867E+03
 0.49490033108176795E+00   0.59863218284852E-01  -0.38701124289579E+03
 0.49530778471975245E+00   0.64179622153785E-01  -0.35579686740286E+03
 0.49568631414843650E+00   0.68804395935657E-01  -0.32684431102343E+03
 0.49603776764263402E+00   0.73759460328728E-01  -0.30000226963555E+03
 0.49636388356652794E+00   0.79068278063012E-01  -0.27512936893539E+03
 0.49666630424708719E+00   0.84755959979821E-01  -0.25209289713727E+03
 0.49694658562089389E+00   0.90849378054143E-01  -0.23076789033081E+03
 0.49720620055695541E+00   0.97377285761297E-01  -0.21103672315613E+03
 0.49744653639304631E+00   0.10437044620442E+00  -0.19278915753983E+03
 0.49766888992776953E+00   0.11186176843355E+00  -0.17592259884349E+03
 0.49787446407555125E+00   0.11988645240026E+00  -0.16034223834414E+03
 0.49806436919984920E+00   0.12848214300340E+00  -0.14596085355629E+03
 0.49823962989603282E+00   0.13768909369134E+00  -0.13269820874501E+03
 0.49840119606716354E+00   0.14755034009334E+00  -0.12048014356795E+03
 0.49854995615244663E+00   0.15811188415740E+00  -0.10923751121171E+03
 0.49868675022312975E+00   0.16942288927237E+00  -0.98905137394797E+02
 0.49881238098831526E+00   0.18153588684917E+00  -0.89420946217900E+02
 0.49892762126656331E+00   0.19450699482699E+00  -0.80725359817330E+02
 0.49903321704800885E+00   0.20839614855590E+00  -0.72761035898576E+02
 0.49912988587596852E+00   0.22326734448556E+00  -0.65472961910709E+02
 0.49921831095684177E+00   0.23918889705942E+00  -0.58808873756994E+02
 0.49929913224735817E+00   0.25623370917446E+00  -0.52719904075417E+02
 0.49937293688715911E+00   0.27447955651526E+00  -0.47161281332185E+02
 0.49944025276230508E+00   0.29400938600797E+00  -0.42092794753802E+02
 0.49950155011916131E+00   0.31491162856155E+00  -0.37478655314421E+02
 0.49955725495278819E+00   0.33728052616913E+00  -0.33286473407103E+02
 0.49960777143686069E+00   0.36121647332923E+00  -0.29485559706143E+02
 0.49965350060688202E+00   0.38682637261280E+00  -0.26045511344942E+02
 0.49969484045791857E+00   0.41422400404472E+00  -0.22936198246450E+02
 0.49973216714269864E+00   0.44353040778554E+00  -0.20129171199035E+02
 0.49976581361305578E+00   0.47487427938818E+00  -0.17599261557199E+02
 0.49979606119029540E+00   0.50839237666158E+00  -0.15325208627130E+02
 0.49982314633468000E+00   0.54422993689737E+00  -0.13289145164333E+02
 0.49984727575672383E+00   0.58254110290335E+00  -0.11475457183864E+02
 0.49986864232914824E+00   0.62348935593563E+00  -0.98695849651154E+01
 0.49988743731203583E+00   0.66724795322943E+00  -0.84571021678758E+01
 0.49990385733281872E+00   0.71400036739287E+00  -0.72231897334804E+01
 0.49991810635978912E+00   0.76394072444865E+00  -0.61524862816954E+01
 0.49993039378839199E+00   0.81727423678444E+00  -0.52292306859403E+01
 0.49994093007099488E+00   0.87421762670440E+00  -0.44375892375686E+01
 0.49994992129049953E+00   0.93499953566278E+00  -0.37620621768800E+01
 0.49995756384467849E+00   0.99986091361083E+00  -0.31878819567594E+01
 0.49996404007005119E+00   0.10690553822024E+01  -0.27013410158981E+01
 0.49996951526907896E+00   0.11428495648913E+01  -0.22900142546419E+01
 0.49997413627062348E+00   0.12215233762238E+01  -0.19428664693232E+01
 0.49997803138811137E+00   0.13053702618907E+01  -0.16502549294300E+01
 0.49998131146059033E+00   0.13946973803820E+01  -0.14038507353908E+01
 0.49998407157316049E+00   0.14898257163832E+01  -0.11965092508671E+01
 0.49998639305164644E+00   0.15910901154124E+01  -0.10221200217042E+01
 0.49998834540154757E+00   0.16988392286241E+01  -0.87546094814536E+00
 0.49998998799045719E+00   0.18134353562483E+01  -0.75207177723916E+00
 0.49999137141651417E+00   0.19352541778144E+01  -0.64815121617613E+00
 0.49999253861543697E+00   0.20646843571704E+01  -0.56047370891396E+00
 0.49999352580378675E+00   0.22021270103889E+01  -0.48631853359032E+00
 0.49999436333976433E+00   0.23479950249930E+01  -0.42340510818777E+00
 0.49999507653711206E+00   0.25027122195788E+01  -0.36983182875157E+00
 0.49999568642752323E+00   0.26667123339008E+01  -0.32401878265638E+00
 0.49999621044959763E+00   0.28404378408543E+01  -0.28465598474801E+00
 0.49999666304564039E+00   0.30243385735729E+01  -0.25065853953012E+00
 0.49999705616050061E+00   0.32188701630746E+01  -0.22112916441270E+00
 0.49999739964936701E+00   0.34244922845610E+01  -0.19532755356157E+00
 0.49999770160925372E+00   0.36416667135785E+01  -0.17264547507150E+00
 0.49999796865133184E+00   0.38708551967931E+01  -0.15258631240599E+00
 0.49999820612985901E+00   0.41125171460457E+01  -0.13474786674033E+00
 0.49999841834013209E+00   0.43671071685993E+01  -0.11880748651002E+00
 0.49999860869410717E+00   0.46350724509653E+01  -0.10450887477857E+00
 0.49999877987892299E+00   0.49168500183013E+01  -0.91650181161239E-01
 0.49999893400086903E+00   0.52128638959647E+01  -0.80073187110585E-01
 0.49999907271542299E+00   0.55235222042457E+01  -0.69653537821319E-01
 0.49999919734273923E+00   0.58492142214126E+01  -0.60292067052079E-01
 0.49999930896731520E+00   0.61903074538070E+01  -0.51907310457437E-01
 0.49999940852042318E+00   0.65471447546554E+01  -0.44429313634408E-01
 0.49999949684423534E+00   0.69200415353393E+01  -0.37794815195901E-01
 0.49999957473738049E+00   0.73092831139412E+01  -0.31943824788540E-01
 0.49999964298284660E+00   0.77151222458371E+01  -0.26817527098129E-01
 0.49999970236052815E+00   0.81377768798438E+01  -0.22357339319518E-01
 0.49999975364798727E+00   0.85774281809213E+01  -0.18504853979345E-01
 0.49999979761379010E+00   0.90342188566791E+01  -0.15202339469354E-01
 0.49999983500776884E+00   0.95082518200100E+01  -0.12393471451745E-01
 0.49999986655165118E+00   0.99995892142010E+01  -0.10024036771934E-01
 0.49999989293194197E+00   0.10508251820010E+02  -0.80424681249154E-02
 0.49999991479532296E+00   0.11034218856679E+02  -0.64001895570027E-02
 0.49999993274575510E+00   0.11577428180921E+02  -0.50518341675794E-02
 0.49999994734222308E+00   0.12137776879844E+02  -0.39554134909858E-02
 0.49999995909650508E+00   0.12715122245837E+02  -0.30724850257995E-02
 0.49999996847101064E+00   0.13309283113941E+02  -0.23683146317302E-02
 0.49999997587718703E+00   0.13920041535339E+02  -0.18119962239065E-02
 0.49999998167507098E+00   0.14547144754655E+02  -0.13764854698317E-02
 0.49999998617433677E+00   0.15190307453807E+02  -0.10385210338952E-02
 0.49999998963686071E+00   0.15849214221413E+02  -0.77843194887373E-03
 0.49999999228054065E+00   0.16523522204246E+02  -0.57985071029409E-03
 0.49999999428395797E+00   0.17212863895965E+02  -0.42936310537911E-03
 0.49999999579144144E+00   0.17916850018301E+02  -0.31612778678181E-03
 0.49999999691815450E+00   0.18635072450965E+02  -0.23149422586166E-03
 0.49999999775491782E+00   0.19367107168599E+02  -0.16864035954511E-03
 0.49999999837259118E+00   0.20112517146046E+02  -0.12224354412371E-03
 0.49999999882591672E+00   0.20870855196793E+02  -0.88191793085501E-04
 0.49999999915680132E+00   0.21641666713578E+02  -0.63337252238727E-04
 0.49999999939705519E+00   0.22424492284561E+02  -0.45290463804859E-04
 0.49999999957063540E+00   0.23218870163075E+02  -0.32251914299453E-04
 0.49999999969545039E+00   0.24024338573573E+02  -0.22876376300607E-04
 0.49999999999999989E+00   0.24840437840854E+02   0.20494717034580E-12
 0.50000000000000000E+00   0.25666712333901E+02   0.20228263508670E-12
 0.50000000000000000E+00   0.26502712219579E+02   0.19739765377835E-12
 0.50000000000000000E+00   0.27347995024993E+02   0.19162449405030E-12
 0.50000000000000000E+00   0.28202127010389E+02   0.18585133432225E-12
 0.50000000000000000E+00   0.29064684357170E+02   0.18063328610651E-12
 0.50000000000000000E+00   0.29935254177814E+02   0.17541523789077E-12
 0.50000000000000000E+00   0.30813435356248E+02   0.17064127888489E-12
 0.50000000000000000E+00   0.31698839228624E+02   0.16586731987900E-12
 0.50000000000000000E+00   0.32591090115412E+02   0.16131540547804E-12
 0.50000000000000000E+00   0.33489825716383E+02   0.15698553568200E-12
 0.50000000000000000E+00   0.34394697380382E+02   0.15287771049088E-12
 0.50000000000000000E+00   0.35305370261891E+02   0.14888090760223E-12
 0.50000000000000000E+00   0.36221523376224E+02   0.14510614931851E-12
 0.50000000000000000E+00   0.37142849564891E+02   0.14166445794217E-12
 0.50000000000000000E+00   0.38069055382202E+02   0.13811174426337E-12
 0.50000000000000000E+00   0.38999860913611E+02   0.13489209749196E-12
 0.50000000000000000E+00   0.39934999535663E+02   0.13178347302301E-12
 0.50000000000000000E+00   0.40874217626704E+02   0.12867484855406E-12
