 0.16819722288046191E+00   0.97578195523695E-18  -0.74090161451414E+05
 0.16822973028997509E+00   0.29483069282768E-04  -0.74068587477734E+05
 0.16833672953407464E+00   0.61082173640461E-04  -0.73997634859305E+05
 0.16853417588374686E+00   0.94949178290611E-04  -0.73866942080038E+05
 0.16884063059170301E+00   0.13124684686428E-03  -0.73664700382408E+05
 0.16927759114843535E+00   0.17014962340302E-03  -0.73377599087038E+05
 0.16986985075579747E+00   0.21184447044981E-03  -0.72990817589562E+05
 0.17064587107104043E+00   0.25653176725507E-03  -0.72488092740377E+05
 0.17163814255955942E+00   0.30442627240692E-03  -0.71851897707968E+05
 0.17288351157570886E+00   0.35575815550320E-03  -0.71063763774116E+05
 0.17442342804530339E+00   0.41077410281323E-03  -0.70104786926086E+05
 0.17630405149295478E+00   0.46973850223137E-03  -0.68956358092441E+05
 0.17857612427275543E+00   0.53293471320370E-03  -0.67601150255233E+05
 0.18129448691626193E+00   0.60066642771546E-03  -0.66024378782269E+05
 0.18451707064389727E+00   0.67325912886222E-03  -0.64215321110270E+05
 0.18830316336934352E+00   0.75106165399386E-03  -0.62169034652839E+05
 0.19271072151703209E+00   0.83444786992019E-03  -0.59888146926872E+05
 0.19779251631316935E+00   0.92381846820159E-03  -0.57384513496015E+05
 0.20359099967456465E+00   0.10196028891215E-02  -0.54680459649390E+05
 0.21013200177443975E+00   0.11222613835509E-02  -0.51809263475890E+05
 0.21741777197074363E+00   0.12322872225722E-02  -0.48814534114421E+05
 0.22542043795602384E+00   0.13502090654347E-02  -0.45748226575036E+05
 0.23407755862249702E+00   0.14765934971652E-02  -0.42667240378443E+05
 0.24329178726157008E+00   0.16120477479678E-02  -0.39628867250547E+05
 0.25293631705837327E+00   0.17572226074079E-02  -0.36685721501758E+05
 0.26286642666115467E+00   0.19128155473023E-02  -0.33881081787049E+05
 0.27293525371628896E+00   0.20795740682274E-02  -0.31245639717273E+05
 0.28300983082256354E+00   0.22582992856177E-02  -0.28796378996469E+05
 0.29298278148786394E+00   0.24498497725618E-02  -0.26537726591489E+05
 0.30277668010691383E+00   0.26551456776172E-02  -0.24464434778468E+05
 0.31234123312554063E+00   0.28751731372654E-02  -0.22565184124567E+05
 0.32164622283361943E+00   0.31109890040199E-02  -0.20825872219149E+05
 0.33067393241640541E+00   0.33637259126873E-02  -0.19231944906516E+05
 0.33941351076792936E+00   0.36345977088734E-02  -0.17769664223650E+05
 0.34785781023504775E+00   0.39249052655295E-02  -0.16426583578645E+05
 0.35600200246143526E+00   0.42360427151559E-02  -0.15191594364458E+05
 0.36384307318962505E+00   0.45695041272231E-02  -0.14054809800832E+05
 0.37137962460232044E+00   0.49268906624595E-02  -0.13007416406925E+05
 0.37861175001285202E+00   0.53099182378730E-02  -0.12041536490050E+05
 0.38554091607389196E+00   0.57204257387563E-02  -0.11150109549793E+05
 0.39216984200241406E+00   0.61603838164655E-02  -0.10326791102484E+05
 0.39850237659242155E+00   0.66319043134761E-02  -0.95658661779345E+04
 0.40454337511510108E+00   0.71372503601200E-02  -0.88621750614867E+04
 0.41029857804763115E+00   0.76788471905016E-02  -0.82110492906689E+04
 0.41577449326175553E+00   0.82592937283951E-02  -0.76082562794417E+04
 0.42097828298106033E+00   0.88813749974526E-02  -0.70499512354886E+04
 0.42591765649908431E+00   0.95480754138094E-02  -0.65326352718359E+04
 0.43060076934775415E+00   0.10262593023187E-01  -0.60531188052590E+04
 0.43503612932481056E+00   0.11028354748868E-01  -0.56084894895664E+04
 0.43923250953715287E+00   0.11849032721462E-01  -0.51960840589096E+04
 0.44319886840204042E+00   0.12728561766261E-01  -0.48134635599308E+04
 0.44694427637889872E+00   0.13671158129094E-01  -0.44583915356399E+04
 0.45047784909269184E+00   0.14681339527142E-01  -0.41288147909636E+04
 0.45380868647089340E+00   0.15763946616981E-01  -0.38228464214628E+04
 0.45694581756999614E+00   0.16924165978315E-01  -0.35387508233292E+04
 0.45989815093717723E+00   0.18167554718499E-01  -0.32749304244112E+04
 0.46267443065628322E+00   0.19500066809896E-01  -0.30299138827363E+04
 0.46528319865711798E+00   0.20928081279553E-01  -0.28023454928094E+04
 0.46773276434752642E+00   0.22458432378533E-01  -0.25909755281626E+04
 0.47003118295318974E+00   0.24098441866553E-01  -0.23946512486386E+04
 0.47218624374145579E+00   0.25855953556357E-01  -0.22123083429847E+04
 0.47420546809831854E+00   0.27739370271550E-01  -0.20429626966998E+04
 0.47609611503936267E+00   0.29757693381404E-01  -0.18857025817215E+04
 0.47786518886800206E+00   0.31920565086455E-01  -0.17396815969029E+04
 0.47951944218160247E+00   0.34238313639551E-01  -0.16041127987497E+04
 0.48106536922901988E+00   0.36722001698414E-01  -0.14782643030468E+04
 0.48250918977311646E+00   0.39383478017693E-01  -0.13614562241512E+04
 0.48385682929887552E+00   0.42235432700963E-01  -0.12530583853752E+04
 0.48511390401148102E+00   0.45291456246181E-01  -0.11524880634425E+04
 0.48628571729081393E+00   0.48566102631601E-01  -0.10592072066412E+04
 0.48737726983604046E+00   0.52074956703276E-01  -0.97271893679964E+03
 0.48839328134533389E+00   0.55834706139791E-01  -0.89256349291266E+03
 0.48933821883907380E+00   0.59863218284852E-01  -0.81831397959267E+03
 0.49021632582086710E+00   0.64179622153785E-01  -0.74957234255945E+03
 0.49103164687425138E+00   0.68804395935657E-01  -0.68596595213723E+03
 0.49178804354922728E+00   0.73759460328728E-01  -0.62714507322601E+03
 0.49248919933691171E+00   0.79068278063012E-01  -0.57278134979605E+03
 0.49313861423443806E+00   0.84755959979821E-01  -0.52256722776872E+03
 0.49373959293003206E+00   0.90849378054143E-01  -0.47621597686279E+03
 0.49429523453506857E+00   0.97377285761297E-01  -0.43346168412444E+03
 0.49480843417144715E+00   0.10437044620442E+00  -0.39405842267799E+03
 0.49528190369883673E+00   0.11186176843355E+00  -0.35777804274276E+03
 0.49571820716694093E+00   0.11988645240026E+00  -0.32440693047929E+03
 0.49611979139037621E+00   0.12848214300340E+00  -0.29374322975470E+03
 0.49648899014718717E+00   0.13768909369134E+00  -0.26559614617120E+03
 0.49682800162843632E+00   0.14755034009334E+00  -0.23978733103855E+03
 0.49713886396371920E+00   0.15811188415740E+00  -0.21615243631869E+03
 0.49742345548867767E+00   0.16942288927237E+00  -0.19454081572555E+03
 0.49768352601377686E+00   0.18153588684917E+00  -0.17481291123784E+03
 0.49792074499555738E+00   0.19450699482699E+00  -0.15683640462385E+03
 0.49813674531110164E+00   0.20839614855590E+00  -0.14048274578862E+03
 0.49833314517682537E+00   0.22326734448556E+00  -0.12562536750248E+03
 0.49851153946088944E+00   0.23918889705942E+00  -0.11214023268196E+03
 0.49867346177254096E+00   0.25623370917446E+00  -0.99908596066409E+02
 0.49882032979988455E+00   0.27447955651526E+00  -0.88821030341200E+02
 0.49895339883692369E+00   0.29400938600797E+00  -0.78780833415437E+02
 0.49907375775631291E+00   0.31491162856155E+00  -0.69704239460425E+02
 0.49918238747699006E+00   0.33728052616913E+00  -0.61515934253082E+02
 0.49928024290394468E+00   0.36121647332923E+00  -0.54142825684302E+02
 0.49936827080252144E+00   0.38682637261280E+00  -0.47512660376985E+02
 0.49944734350468500E+00   0.41422400404472E+00  -0.41558983290033E+02
 0.49951819421952681E+00   0.44353040778554E+00  -0.36225971239707E+02
 0.49958142055580679E+00   0.47487427938818E+00  -0.31468131883359E+02
 0.49963753958086693E+00   0.50839237666158E+00  -0.27246132889659E+02
 0.49968704885237580E+00   0.54422993689737E+00  -0.23522192424707E+02
 0.49973046544647981E+00   0.58254110290335E+00  -0.20257132328892E+02
 0.49976833668181020E+00   0.62348935593563E+00  -0.17409563335612E+02
 0.49980122847016617E+00   0.66724795322943E+00  -0.14936753166752E+02
 0.49982970186757647E+00   0.71400036739287E+00  -0.12796381180960E+02
 0.49985428859965625E+00   0.76394072444865E+00  -0.10948369662296E+02
 0.49987547385494024E+00   0.81727423678444E+00  -0.93561690082471E+01
 0.49989369030952452E+00   0.87421762670440E+00  -0.79871996757875E+01
 0.49990932190903836E+00   0.93499953566278E+00  -0.68125621331805E+01
 0.49992271137380456E+00   0.99986091361083E+00  -0.58064683574243E+01
 0.49993416504318411E+00   0.10690553822024E+01  -0.49458743725170E+01
 0.49994395341259340E+00   0.11428495648913E+01  -0.42104372267132E+01
 0.49995231073774105E+00   0.12215233762238E+01  -0.35825426288302E+01
 0.49995943727327302E+00   0.13053702618907E+01  -0.30471351270588E+01
 0.49996550440230320E+00   0.13946973803820E+01  -0.25913315097458E+01
 0.49997066056214357E+00   0.14898257163832E+01  -0.22039747323200E+01
 0.49997503597924942E+00   0.15910901154124E+01  -0.18752775601086E+01
 0.49997874547663790E+00   0.16988392286241E+01  -0.15966111940328E+01
 0.49998188966539592E+00   0.18134353562483E+01  -0.13604154098080E+01
 0.49998455528301633E+00   0.19352541778144E+01  -0.11601728745953E+01
 0.49998681544828272E+00   0.20646843571704E+01  -0.99038979673209E+00
 0.49998873041193892E+00   0.22021270103889E+01  -0.84653938311631E+00
 0.49999034914744322E+00   0.23479950249930E+01  -0.72494223155713E+00
 0.49999171186096614E+00   0.25027122195788E+01  -0.62257770433994E+00
 0.49999285311082509E+00   0.26667123339008E+01  -0.53684954859883E+00
 0.49999380470337362E+00   0.28404378408543E+01  -0.46536832817357E+00
 0.49999459725877654E+00   0.30243385735729E+01  -0.40583378271944E+00
 0.49999525991189558E+00   0.32188701630746E+01  -0.35605727840107E+00
 0.49999581882705707E+00   0.34244922845610E+01  -0.31407335921289E+00
 0.49999629585302052E+00   0.36416667135785E+01  -0.27824076888966E+00
 0.49999670813404218E+00   0.38708551967931E+01  -0.24727165648891E+00
 0.49999706860906351E+00   0.41125171460457E+01  -0.22019407200076E+00
 0.49999738691439466E+00   0.43671071685993E+01  -0.19628415511821E+00
 0.49999767027946873E+00   0.46350724509653E+01  -0.17499884648221E+00
 0.49999792422802131E+00   0.49168500183013E+01  -0.15592321576163E+00
 0.49999815305994755E+00   0.52128638959647E+01  -0.13873426524174E+00
 0.49999836016072435E+00   0.55235222042457E+01  -0.12317768639457E+00
 0.49999854819923029E+00   0.58492142214126E+01  -0.10905299996029E+00
 0.49999871926401740E+00   0.61903074538070E+01  -0.96203319347516E-01
 0.49999887497112300E+00   0.65471447546554E+01  -0.84507252024407E-01
 0.49999901656120038E+00   0.69200415353393E+01  -0.73871603209030E-01
 0.49999914499253695E+00   0.73092831139412E+01  -0.64224388664373E-01
 0.49999926102950792E+00   0.77151222458371E+01  -0.55508190300245E-01
 0.49999936532250644E+00   0.81377768798438E+01  -0.47674152115292E-01
 0.49999945847450672E+00   0.85774281809213E+01  -0.40676980222067E-01
 0.49999954109036038E+00   0.90342188566791E+01  -0.34471239888158E-01
 0.49999961380699420E+00   0.95082518200100E+01  -0.29009087212316E-01
 0.49999967730523731E+00   0.99995892142010E+01  -0.24239380684118E-01
 0.49999973230645284E+00   0.10508251820010E+02  -0.20107934198045E-01
 0.49999977955889963E+00   0.11034218856679E+02  -0.16558541452914E-01
 0.49999981981936215E+00   0.11577428180921E+02  -0.13534355880148E-01
 0.49999985383488887E+00   0.12137776879844E+02  -0.10979262296527E-01
 0.49999988232776227E+00   0.12715122245837E+02  -0.88390058985572E-02
 0.49999990598474203E+00   0.13309283113941E+02  -0.70620002661981E-02
 0.49999992544998573E+00   0.13920041535339E+02  -0.55998590651862E-02
 0.49999994132035697E+00   0.14547144754655E+02  -0.44077485501655E-02
 0.49999995414202869E+00   0.15190307453807E+02  -0.34446426209405E-02
 0.49999996440794492E+00   0.15849214221413E+02  -0.26735135135905E-02
 0.49999997255627154E+00   0.16523522204246E+02  -0.20614481621926E-02
 0.49999997897018994E+00   0.17212863895965E+02  -0.15796637261221E-02
 0.49999998397926937E+00   0.17916850018301E+02  -0.12034044183862E-02
 0.49999998786238731E+00   0.18635072450965E+02  -0.91172223630087E-03
 0.49999999085190516E+00   0.19367107168599E+02  -0.68716324218387E-03
 0.49999999313867188E+00   0.20112517146046E+02  -0.51539172053472E-03
 0.49999999487740293E+00   0.20870855196793E+02  -0.38478615500992E-03
 0.49999999619204494E+00   0.21641666713578E+02  -0.28603623309520E-03
 0.49999999718084065E+00   0.22424492284561E+02  -0.21176240105714E-03
 0.49999999792091365E+00   0.23218870163075E+02  -0.15617148605163E-03
 0.49999999847228388E+00   0.24024338573573E+02  -0.11475506524716E-03
 0.49999999888129321E+00   0.24840437840854E+02  -0.84032149590740E-04
 0.49999999918346560E+00   0.25666712333901E+02  -0.61334338526731E-04
 0.49999999940585299E+00   0.26502712219579E+02  -0.44629609280644E-04
 0.49999999956893093E+00   0.27347995024993E+02  -0.32379940105187E-04
 0.49999999968810976E+00   0.28202127010389E+02  -0.23427772312790E-04
 0.50000000000000000E+00   0.29064684357170E+02   0.36770586575585E-11
 0.50000000000000000E+00   0.29935254177814E+02   0.35749181392930E-11
 0.50000000000000000E+00   0.30813435356248E+02   0.34749980670767E-11
 0.50000000000000000E+00   0.31698839228624E+02   0.33786307085393E-11
 0.50000000000000000E+00   0.32591090115412E+02   0.32862601528905E-11
 0.50000000000000000E+00   0.33489825716383E+02   0.31985525339451E-11
 0.50000000000000000E+00   0.34394697380382E+02   0.31146196732834E-11
 0.50000000000000000E+00   0.35305370261891E+02   0.30337954370907E-11
 0.50000000000000000E+00   0.36221523376224E+02   0.29571900483916E-11
 0.50000000000000000E+00   0.37142849564891E+02   0.28841373733712E-11
 0.50000000000000000E+00   0.38069055382202E+02   0.28141933228198E-11
 0.50000000000000000E+00   0.38999860913611E+02   0.27466917629226E-11
 0.50000000000000000E+00   0.39934999535663E+02   0.26827429167042E-11
 0.50000000000000000E+00   0.40874217626704E+02   0.26207924719301E-11
