 0.23343102293575706E-01   0.97578195523695E-18  -0.76691401247651E+06
 0.23989135845069232E-01   0.29483069282768E-04  -0.74524938204183E+06
 0.26123820247776340E-01   0.61082173640461E-04  -0.68128300222153E+06
 0.30050789586752714E-01   0.94949178290611E-04  -0.58734651450273E+06
 0.35946614688651873E-01   0.13124684686428E-03  -0.48485212703459E+06
 0.43633662656708108E-01   0.17014962340302E-03  -0.39281791543264E+06
 0.52560865094348735E-01   0.21184447044981E-03  -0.31972074333197E+06
 0.62147988958759795E-01   0.25653176725507E-03  -0.26460595836000E+06
 0.72079211181888078E-01   0.30442627240692E-03  -0.22297322206719E+06
 0.82253987619183330E-01   0.35575815550320E-03  -0.19074567526182E+06
 0.92642571675305138E-01   0.41077410281323E-03  -0.16514460321665E+06
 0.10322510043386504E+00   0.46973850223137E-03  -0.14436377285446E+06
 0.11398095081102391E+00   0.53293471320370E-03  -0.12719668942867E+06
 0.12488800766673336E+00   0.60066642771546E-03  -0.11280791122014E+06
 0.13592279567492024E+00   0.67325912886222E-03  -0.10060059171088E+06
 0.14706066725149583E+00   0.75106165399386E-03  -0.90136953186346E+05
 0.15827601326990495E+00   0.83444786992019E-03  -0.81088582278465E+05
 0.16954249249847317E+00   0.92381846820159E-03  -0.73204268387319E+05
 0.18083327549297831E+00   0.10196028891215E-02  -0.66288562750631E+05
 0.19212129820522111E+00   0.11222613835509E-02  -0.60187108430109E+05
 0.20337952022875272E+00   0.12322872225722E-02  -0.54776371378088E+05
 0.21458118244499191E+00   0.13502090654347E-02  -0.49956305540101E+05
 0.22570005885344310E+00   0.14765934971652E-02  -0.45645018419593E+05
 0.23671069757226668E+00   0.16120477479678E-02  -0.41774828251870E+05
 0.24758864636760691E+00   0.17572226074079E-02  -0.38289306885372E+05
 0.25831065859331459E+00   0.19128155473023E-02  -0.35141032357099E+05
 0.26885487607019554E+00   0.20795740682274E-02  -0.32289860076327E+05
 0.27920098617381339E+00   0.22582992856177E-02  -0.29701578149076E+05
 0.28933035119693506E+00   0.24498497725618E-02  -0.27346850795358E+05
 0.29922610887092815E+00   0.26551456776172E-02  -0.25200380307532E+05
 0.30887324373493907E+00   0.28751731372654E-02  -0.23240236545468E+05
 0.31825862980105812E+00   0.31109890040199E-02  -0.21447316126951E+05
 0.32737104565110875E+00   0.33637259126873E-02  -0.19804902932388E+05
 0.33620116369539210E+00   0.36345977088734E-02  -0.18298308423426E+05
 0.34474151581116086E+00   0.39249052655295E-02  -0.16914575334322E+05
 0.35298643795087142E+00   0.42360427151559E-02  -0.15642232053264E+05
 0.36093199656543906E+00   0.45695041272231E-02  -0.14471087829727E+05
 0.36857589982935013E+00   0.49268906624595E-02  -0.13392061077297E+05
 0.37591739669045032E+00   0.53099182378730E-02  -0.12397034669712E+05
 0.38295716670885277E+00   0.57204257387563E-02  -0.11478733380672E+05
 0.38969720351019288E+00   0.61603838164655E-02  -0.10630619589269E+05
 0.39614069447318223E+00   0.66319043134761E-02  -0.98468041313956E+04
 0.40229189901514045E+00   0.71372503601200E-02  -0.91219697739356E+04
 0.40815602754662644E+00   0.76788471905016E-02  -0.84513052607345E+04
 0.41373912285123704E+00   0.82592937283951E-02  -0.78304482555392E+04
 0.41904794532174339E+00   0.88813749974526E-02  -0.72554358086307E+04
 0.42408986316039859E+00   0.95480754138094E-02  -0.67226612169517E+04
 0.42887274833983124E+00   0.10262593023187E-01  -0.62288363444379E+04
 0.43340487883111056E+00   0.11028354748868E-01  -0.57709586293470E+04
 0.43769484734697228E+00   0.11849032721462E-01  -0.53462821356961E+04
 0.44175147663133113E+00   0.12728561766261E-01  -0.49522921117004E+04
 0.44558374116362154E+00   0.13671158129094E-01  -0.45866826030466E+04
 0.44920069505428217E+00   0.14681339527142E-01  -0.42473367353321E+04
 0.45261140590661086E+00   0.15763946616981E-01  -0.39323093292787E+04
 0.45582489453549324E+00   0.16924165978315E-01  -0.36398115446944E+04
 0.45885008068966804E+00   0.18167554718499E-01  -0.33681972645843E+04
 0.46169573532839320E+00   0.19500066809896E-01  -0.31159509304674E+04
 0.46437044050760251E+00   0.20928081279553E-01  -0.28816765292999E+04
 0.46688255836739107E+00   0.22458432378533E-01  -0.26640874262737E+04
 0.46924021072795807E+00   0.24098441866553E-01  -0.24619967651658E+04
 0.47145126988057090E+00   0.25855953556357E-01  -0.22743082588405E+04
 0.47352335892108682E+00   0.27739370271550E-01  -0.21000073932440E+04
 0.47546385679698844E+00   0.29757693381404E-01  -0.19381533313937E+04
 0.47727990080168564E+00   0.31920565086455E-01  -0.17878719907412E+04
 0.47897837992632414E+00   0.34238313639551E-01  -0.16483506938054E+04
 0.48056591721595582E+00   0.36722001698414E-01  -0.15188344007852E+04
 0.48204884582309138E+00   0.39383478017693E-01  -0.13986230223801E+04
 0.48343318764739945E+00   0.42235432700963E-01  -0.12870690142596E+04
 0.48472464284077754E+00   0.45291456246181E-01  -0.11835745478046E+04
 0.48592859414771589E+00   0.48566102631601E-01  -0.10875879242341E+04
 0.48705012502625816E+00   0.52074956703276E-01  -0.99859930502365E+03
 0.48809404697841063E+00   0.55834706139791E-01  -0.91613610044014E+03
 0.48906493004499130E+00   0.59863218284852E-01  -0.83975845924346E+03
 0.48996713050839280E+00   0.64179622153785E-01  -0.76905528279845E+03
 0.49080481090652861E+00   0.68804395935657E-01  -0.70364109655382E+03
 0.49158194920946718E+00   0.73759460328728E-01  -0.64315397418389E+03
 0.49230233647428340E+00   0.79068278063012E-01  -0.58725452224678E+03
 0.49296956561508870E+00   0.84755959979821E-01  -0.53562568455557E+03
 0.49358701796556881E+00   0.90849378054143E-01  -0.48797282587644E+03
 0.49415785786122962E+00   0.97377285761297E-01  -0.44402329626204E+03
 0.49468504525791773E+00   0.10437044620442E+00  -0.40352470846440E+03
 0.49517136794879996E+00   0.11186176843355E+00  -0.36624181802566E+03
 0.49561947881095608E+00   0.11988645240026E+00  -0.33195312532978E+03
 0.49603191322849605E+00   0.12848214300340E+00  -0.30044908446944E+03
 0.49641107465526924E+00   0.13768909369134E+00  -0.27153280483839E+03
 0.49675920527568052E+00   0.14755034009334E+00  -0.24502192226261E+03
 0.49707837292594542E+00   0.15811188415740E+00  -0.22074925949536E+03
 0.49737049114892196E+00   0.16942288927237E+00  -0.19856100623803E+03
 0.49763736497801991E+00   0.18153588684917E+00  -0.17831299666742E+03
 0.49788074135492449E+00   0.19450699482699E+00  -0.15986668850544E+03
 0.49810234321972963E+00   0.20839614855590E+00  -0.14308642231882E+03
 0.49830387410179577E+00   0.22326734448556E+00  -0.12783894118298E+03
 0.49848699041980310E+00   0.23918889705942E+00  -0.11399536476226E+03
 0.49865325009023598E+00   0.25623370917446E+00  -0.10143495579715E+03
 0.49880405871667005E+00   0.27447955651526E+00  -0.90049068013272E+02
 0.49894064637320079E+00   0.29400938600797E+00  -0.79742788010644E+02
 0.49906410425163589E+00   0.31491162856155E+00  -0.70432075054932E+02
 0.49917546550121178E+00   0.33728052616913E+00  -0.62037593533300E+02
 0.49927575117580653E+00   0.36121647332923E+00  -0.54481200440857E+02
 0.49936592690316572E+00   0.38682637261280E+00  -0.47689170028716E+02
 0.49944682832743714E+00   0.41422400404472E+00  -0.41597766795479E+02
 0.49951914166595746E+00   0.44353040778554E+00  -0.36154666144829E+02
 0.49958344848652880E+00   0.47487427938818E+00  -0.31315548183830E+02
 0.49964029161550061E+00   0.50839237666158E+00  -0.27039113641348E+02
 0.49969022550604725E+00   0.54422993689737E+00  -0.23283279156908E+02
 0.49973383757136097E+00   0.58254110290335E+00  -0.20003562012066E+02
 0.49977174304261174E+00   0.62348935593563E+00  -0.17153457450134E+02
 0.49980456317279254E+00   0.66724795322943E+00  -0.14686067834785E+02
 0.49983289824405241E+00   0.71400036739287E+00  -0.12556121787296E+02
 0.49985730511370108E+00   0.76394072444865E+00  -0.10721652062891E+02
 0.49987828518239502E+00   0.81727423678444E+00  -0.91448908109023E+01
 0.49989628353038273E+00   0.87421762670440E+00  -0.77923268456702E+01
 0.49991169497000099E+00   0.93499953566278E+00  -0.66342447373933E+01
 0.49992487057060386E+00   0.99986091361083E+00  -0.56442298403943E+01
 0.49993612078671679E+00   0.10690553822024E+01  -0.47989296747058E+01
 0.49994571630634299E+00   0.11428495648913E+01  -0.40779874236490E+01
 0.49995388999322121E+00   0.12215233762238E+01  -0.34638938666840E+01
 0.49996084142934971E+00   0.13053702618907E+01  -0.29416444757009E+01
 0.49996674288236609E+00   0.13946973803820E+01  -0.24982899004819E+01
 0.49997174472557665E+00   0.14898257163832E+01  -0.21225279136227E+01
 0.49997597915658520E+00   0.15910901154124E+01  -0.18044234173516E+01
 0.49997956216117234E+00   0.16988392286241E+01  -0.15352604422335E+01
 0.49998259432293979E+00   0.18134353562483E+01  -0.13074809727812E+01
 0.49998516124119496E+00   0.19352541778144E+01  -0.11146532890197E+01
 0.49998733419748587E+00   0.20646843571704E+01  -0.95142169594613E+00
 0.49998917149289146E+00   0.22021270103889E+01  -0.81340591918502E+00
 0.49999072064021149E+00   0.23479950249930E+01  -0.69703632409252E+00
 0.49999202129609210E+00   0.25027122195788E+01  -0.59933358567164E+00
 0.49999310838915367E+00   0.26667123339008E+01  -0.51767366058440E+00
 0.49999401448943809E+00   0.28404378408543E+01  -0.44960976707870E+00
 0.49999477056582581E+00   0.30243385735729E+01  -0.39281546674727E+00
 0.49999540516761032E+00   0.32188701630746E+01  -0.34514612446291E+00
 0.49999594304847433E+00   0.34244922845610E+01  -0.30474225619560E+00
 0.49999640433355730E+00   0.36416667135785E+01  -0.27009208413443E+00
 0.49999680460445634E+00   0.38708551967931E+01  -0.24002514259189E+00
 0.49999715561744079E+00   0.41125171460457E+01  -0.21365832188636E+00
 0.49999746620949470E+00   0.43671071685993E+01  -0.19032780557882E+00
 0.49999774310024442E+00   0.46350724509653E+01  -0.16952882994434E+00
 0.49999799148775931E+00   0.49168500183013E+01  -0.15087092806100E+00
 0.49999821544992973E+00   0.52128638959647E+01  -0.13404777873223E+00
 0.49999841820448676E+00   0.55235222042457E+01  -0.11881767414501E+00
 0.49999860228230225E+00   0.58492142214126E+01  -0.10499050176075E+00
 0.49999876965514534E+00   0.61903074538070E+01  -0.92418147399613E-01
 0.49999892184327699E+00   0.65471447546554E+01  -0.80986412946686E-01
 0.49999906001517802E+00   0.69200415353393E+01  -0.70607525004629E-01
 0.49999918508263019E+00   0.73092831139412E+01  -0.61212992723506E-01
 0.49999929778905106E+00   0.77151222458371E+01  -0.52746972292725E-01
 0.49999939878669286E+00   0.81377768798438E+01  -0.45160468131121E-01
 0.49999948869822425E+00   0.85774281809213E+01  -0.38406707012614E-01
 0.49999956815963909E+00   0.90342188566791E+01  -0.32437914991965E-01
 0.49999963784371443E+00   0.95082518200100E+01  -0.27203555295335E-01
 0.49999969846580461E+00   0.99995892142010E+01  -0.22649893061494E-01
 0.49999975077599612E+00   0.10508251820010E+02  -0.18720584647284E-01
 0.49999979554301122E+00   0.11034218856679E+02  -0.15357886688051E-01
 0.49999983353536237E+00   0.11577428180921E+02  -0.12504071652774E-01
 0.49999986550409903E+00   0.12137776879844E+02  -0.10102723877458E-01
 0.49999989216949059E+00   0.12715122245837E+02  -0.80997397909917E-02
 0.49999991421195411E+00   0.13309283113941E+02  -0.64440093827320E-02
 0.49999993226619566E+00   0.13920041535339E+02  -0.50878563443497E-02
 0.49999994691721722E+00   0.14547144754655E+02  -0.39873378815569E-02
 0.49999995869731884E+00   0.15190307453807E+02  -0.31024699945563E-02
 0.49999996808391661E+00   0.15849214221413E+02  -0.23973913062250E-02
 0.49999997549847419E+00   0.16523522204246E+02  -0.18404433585131E-02
 0.49999998130691325E+00   0.17212863895965E+02  -0.14041397711737E-02
 0.49999998582165761E+00   0.17916850018301E+02  -0.10650126655585E-02
 0.49999998930516981E+00   0.18635072450965E+02  -0.80334704557705E-03
 0.49999999197461042E+00   0.19367107168599E+02  -0.60283078854351E-03
 0.49999999400715672E+00   0.20112517146046E+02  -0.45015514652524E-03
 0.49999999554553287E+00   0.20870855196793E+02  -0.33459931834390E-03
 0.49999999670339285E+00   0.21641666713578E+02  -0.24762614095586E-03
 0.49999999757030544E+00   0.22424492284561E+02  -0.18250761081484E-03
 0.49999999821619862E+00   0.23218870163075E+02  -0.13399104341705E-03
 0.49999999869520428E+00   0.24024338573573E+02  -0.98010323168918E-04
 0.49999999904890186E+00   0.24840437840854E+02  -0.71442172437042E-04
 0.49999999930900363E+00   0.25666712333901E+02  -0.51904502507139E-04
 0.49999999949953888E+00   0.26502712219579E+02  -0.37592358543392E-04
 0.49999999963860531E+00   0.27347995024993E+02  -0.27146324035776E-04
 0.49999999969932019E+00   0.28202127010389E+02  -0.22585730474312E-04
 0.50000000000000022E+00   0.29064684357170E+02   0.20802026767797E-10
 0.50000000000000022E+00   0.29935254177814E+02   0.20199841799240E-10
 0.50000000000000022E+00   0.30813435356248E+02   0.19625190361694E-10
 0.50000000000000022E+00   0.31698839228624E+02   0.19077628365949E-10
 0.50000000000000022E+00   0.32591090115412E+02   0.18554935365955E-10
 0.50000000000000022E+00   0.33489825716383E+02   0.18057555450923E-10
 0.50000000000000022E+00   0.34394697380382E+02   0.17582602040989E-10
 0.50000000000000022E+00   0.35305370261891E+02   0.17128742868522E-10
 0.50000000000000022E+00   0.36221523376224E+02   0.16695089755103E-10
 0.50000000000000022E+00   0.37142849564891E+02   0.16280976566918E-10
 0.50000000000000022E+00   0.38069055382202E+02   0.15885071036337E-10
 0.50000000000000022E+00   0.38999860913611E+02   0.15506262940335E-10
 0.50000000000000022E+00   0.39934999535663E+02   0.15143220011282E-10
 0.50000000000000022E+00   0.40874217626704E+02   0.14794832026155E-10
