 0.25102258357918246E-01   0.97578195523695E-18  -0.71053696632645E+06
 0.25794328538611036E-01   0.29483069282768E-04  -0.69046534239151E+06
 0.28080115492081347E-01   0.61082173640461E-04  -0.63120256154102E+06
 0.32281005115987964E-01   0.94949178290611E-04  -0.54417341569782E+06
 0.38578250341284225E-01   0.13124684686428E-03  -0.44921566637235E+06
 0.46770989856079248E-01   0.17014962340302E-03  -0.36394897041849E+06
 0.56260432528567647E-01   0.21184447044981E-03  -0.29622686534648E+06
 0.66421518142898373E-01   0.25653176725507E-03  -0.24516488984149E+06
 0.76914856699021927E-01   0.30442627240692E-03  -0.20659361299482E+06
 0.87631449147356183E-01   0.35575815550320E-03  -0.17673594756708E+06
 0.98537808906654312E-01   0.41077410281323E-03  -0.15301749868374E+06
 0.10961115452150792E+00   0.46973850223137E-03  -0.13376484673036E+06
 0.12082816961644005E+00   0.53293471320370E-03  -0.11786021152951E+06
 0.13216426631500394E+00   0.60066642771546E-03  -0.10452958223260E+06
 0.14359375621340811E+00   0.67325912886222E-03  -0.93219999097596E+05
 0.15509007497769228E+00   0.75106165399386E-03  -0.83525874682951E+05
 0.16662602461638681E+00   0.83444786992019E-03  -0.75142944175489E+05
 0.17817402836636298E+00   0.92381846820159E-03  -0.67838468670660E+05
 0.18970639314618087E+00   0.10196028891215E-02  -0.61431370808729E+05
 0.20119557428403914E+00   0.11222613835509E-02  -0.55778643460204E+05
 0.21261443714314360E+00   0.12322872225722E-02  -0.50765835877975E+05
 0.22393651037670559E+00   0.13502090654347E-02  -0.46300258144106E+05
 0.23513622583244390E+00   0.14765934971652E-02  -0.42306038983613E+05
 0.24618914058127103E+00   0.16120477479678E-02  -0.38720472861750E+05
 0.25707213714187194E+00   0.17572226074079E-02  -0.35491280309296E+05
 0.26776359868274491E+00   0.19128155473023E-02  -0.32574525758305E+05
 0.27824355677127838E+00   0.20795740682274E-02  -0.29933015853388E+05
 0.28849381006896424E+00   0.22582992856177E-02  -0.27535053658743E+05
 0.29849801320636088E+00   0.24498497725618E-02  -0.25353459775680E+05
 0.30824173587673426E+00   0.26551456776172E-02  -0.23364795933433E+05
 0.31771249293332904E+00   0.28751731372654E-02  -0.21548743799590E+05
 0.32689974693743212E+00   0.31109890040199E-02  -0.19887603951304E+05
 0.33579488516453321E+00   0.33637259126873E-02  -0.18365888713404E+05
 0.34439117352247794E+00   0.36345977088734E-02  -0.16969988944080E+05
 0.35268369016348655E+00   0.39249052655295E-02  -0.15687899535934E+05
 0.36066924178226001E+00   0.42360427151559E-02  -0.14508991882102E+05
 0.36834626569108980E+00   0.45695041272231E-02  -0.13423824168584E+05
 0.37571472076001955E+00   0.49268906624595E-02  -0.12423982330229E+05
 0.38277597021853388E+00   0.53099182378730E-02  -0.11501946016166E+05
 0.38953265914966978E+00   0.57204257387563E-02  -0.10650975070874E+05
 0.39598858928316710E+00   0.61603838164655E-02  -0.98650129366513E+04
 0.40214859342646869E+00   0.66319043134761E-02  -0.91386040855924E+04
 0.40801841157530350E+00   0.71372503601200E-02  -0.84668231414086E+04
 0.41360457043211840E+00   0.76788471905016E-02  -0.78452137884942E+04
 0.41891426774197121E+00   0.82592937283951E-02  -0.72697359137873E+04
 0.42395526254110427E+00   0.88813749974526E-02  -0.67367197060359E+04
 0.42873577211106256E+00   0.95480754138094E-02  -0.62428256621027E+04
 0.43326437614721169E+00   0.10262593023187E-01  -0.57850096323922E+04
 0.43754992839015056E+00   0.11028354748868E-01  -0.53604921861654E+04
 0.44160147573650210E+00   0.11849032721462E-01  -0.49667316991053E+04
 0.44542818464676903E+00   0.12728561766261E-01  -0.46014006650927E+04
 0.44903927450812037E+00   0.13671158129094E-01  -0.42623648155137E+04
 0.45244395749691441E+00   0.14681339527142E-01  -0.39476646951813E+04
 0.45565138443041853E+00   0.15763946616981E-01  -0.36554993958125E+04
 0.45867059611499189E+00   0.16924165978315E-01  -0.33842121867111E+04
 0.46151047980923604E+00   0.18167554718499E-01  -0.31322778078736E+04
 0.46417973064789853E+00   0.19500066809896E-01  -0.28982912026893E+04
 0.46668681823042657E+00   0.20928081279553E-01  -0.26809574657670E+04
 0.46903995904820983E+00   0.22458432378533E-01  -0.24790827687997E+04
 0.47124709590521768E+00   0.24098441866553E-01  -0.22915660128811E+04
 0.47331588572826316E+00   0.25855953556357E-01  -0.21173909598304E+04
 0.47525369674211576E+00   0.27739370271550E-01  -0.19556186511400E+04
 0.47706761445339618E+00   0.29757693381404E-01  -0.18053800642975E+04
 0.47876445323593564E+00   0.31920565086455E-01  -0.16658691785253E+04
 0.48035076757826672E+00   0.34238313639551E-01  -0.15363368383197E+04
 0.48183285631539852E+00   0.36722001698414E-01  -0.14160858499844E+04
 0.48321675608463632E+00   0.39383478017693E-01  -0.13044675026346E+04
 0.48450822599235077E+00   0.42235432700963E-01  -0.12008792520559E+04
 0.48571273061235248E+00   0.45291456246181E-01  -0.11047629227850E+04
 0.48683542970048688E+00   0.48566102631601E-01  -0.10156027185742E+04
 0.48788118012076442E+00   0.52074956703276E-01  -0.93292258810252E+03
 0.48885455079608264E+00   0.55834706139791E-01  -0.85628287366022E+03
 0.48975984756540880E+00   0.59863218284852E-01  -0.78527647623999E+03
 0.49060114275178374E+00   0.64179622153785E-01  -0.71952492258775E+03
 0.49138230384311016E+00   0.68804395935657E-01  -0.65867474029221E+03
 0.49210701637776194E+00   0.73759460328728E-01  -0.60239448595634E+03
 0.49277879751097703E+00   0.79068278063012E-01  -0.55037266143622E+03
 0.49340099873136978E+00   0.84755959979821E-01  -0.50231660060573E+03
 0.49397679891048263E+00   0.90849378054143E-01  -0.45795220516863E+03
 0.49450919233990837E+00   0.97377285761297E-01  -0.41702414943446E+03
 0.49500098005300597E+00   0.10437044620442E+00  -0.37929590527506E+03
 0.49545477440179042E+00   0.11186176843355E+00  -0.34454882206030E+03
 0.49587302256155841E+00   0.11988645240026E+00  -0.31257983416951E+03
 0.49625804193310941E+00   0.12848214300340E+00  -0.28319833921478E+03
 0.49661204652091517E+00   0.13768909369134E+00  -0.25622383754065E+03
 0.49693714545279011E+00   0.14755034009334E+00  -0.23148574674431E+03
 0.49723531826095996E+00   0.15811188415740E+00  -0.20882501375257E+03
 0.49750839350987708E+00   0.16942288927237E+00  -0.18809549093059E+03
 0.49775805415470287E+00   0.18153588684917E+00  -0.16916330646260E+03
 0.49798587159460644E+00   0.19450699482699E+00  -0.15190409311168E+03
 0.49819335271739956E+00   0.20839614855590E+00  -0.13619927224246E+03
 0.49838197975703680E+00   0.22326734448556E+00  -0.12193291690134E+03
 0.49855322766978305E+00   0.23918889705942E+00  -0.10899033948852E+03
 0.49870855215607929E+00   0.25623370917446E+00  -0.97258910245627E+02
 0.49884935065581149E+00   0.27447955651526E+00  -0.86630919982649E+02
 0.49897690855420351E+00   0.29400938600797E+00  -0.77007557519404E+02
 0.49909235429814852E+00   0.31491162856155E+00  -0.68302214076642E+02
 0.49919665649192191E+00   0.33728052616913E+00  -0.60440627420153E+02
 0.49929068352849715E+00   0.36121647332923E+00  -0.53356327059835E+02
 0.49937528799715819E+00   0.38682637261280E+00  -0.46984233549361E+02
 0.49945132663661057E+00   0.41422400404472E+00  -0.41259128405668E+02
 0.49951959331047380E+00   0.44353040778554E+00  -0.36120675361009E+02
 0.49958075190992207E+00   0.47487427938818E+00  -0.31518441811583E+02
 0.49963533688528505E+00   0.50839237666158E+00  -0.27411830276988E+02
 0.49968380440525761E+00   0.54422993689737E+00  -0.23766207526110E+02
 0.49972658924597313E+00   0.58254110290335E+00  -0.20548611358352E+02
 0.49976414086003629E+00   0.62348935593563E+00  -0.17725029340205E+02
 0.49979693319246132E+00   0.66724795322943E+00  -0.15259654398472E+02
 0.49982545414490398E+00   0.71400036739287E+00  -0.13115671009816E+02
 0.49985018466070563E+00   0.76394072444865E+00  -0.11256821221694E+02
 0.49987157745681920E+00   0.81727423678444E+00  -0.96489968793447E+01
 0.49989004308095919E+00   0.87421762670440E+00  -0.82612814745661E+01
 0.49990594678384237E+00   0.93499953566278E+00  -0.70661799181639E+01
 0.49991961417360675E+00   0.99986091361083E+00  -0.60391893662954E+01
 0.49993133895921399E+00   0.10690553822024E+01  -0.51582140916745E+01
 0.49994138630564738E+00   0.11428495648913E+01  -0.44033108802668E+01
 0.49994999117902350E+00   0.12215233762238E+01  -0.37568114049774E+01
 0.49995735636542793E+00   0.13053702618907E+01  -0.32034694975824E+01
 0.49996365408690890E+00   0.13946973803820E+01  -0.27303385008835E+01
 0.49996903097330841E+00   0.14898257163832E+01  -0.23263968173407E+01
 0.49997361380766459E+00   0.15910901154124E+01  -0.19821156087354E+01
 0.49997751394160878E+00   0.16988392286241E+01  -0.16891266107637E+01
 0.49998082973933777E+00   0.18134353562483E+01  -0.14400381828270E+01
 0.49998364746865981E+00   0.19352541778144E+01  -0.12283681069317E+01
 0.49998604145085068E+00   0.20646843571704E+01  -0.10485321284184E+01
 0.49998807424086061E+00   0.22021270103889E+01  -0.89583026408385E+00
 0.49998979739492888E+00   0.23479950249930E+01  -0.76638902289017E+00
 0.49999125312385417E+00   0.25027122195788E+01  -0.65703712903159E+00
 0.49999247680964781E+00   0.26667123339008E+01  -0.56511641526352E+00
 0.49999349989992692E+00   0.28404378408543E+01  -0.48826436175573E+00
 0.49999435220493271E+00   0.30243385735729E+01  -0.42424152274840E+00
 0.49999506262728011E+00   0.32188701630746E+01  -0.37087669075245E+00
 0.49999565824140080E+00   0.34244922845610E+01  -0.32613603105410E+00
 0.49999616273792047E+00   0.36416667135785E+01  -0.28823992236890E+00
 0.49999659541921537E+00   0.38708551967931E+01  -0.25573839656406E+00
 0.49999697117906894E+00   0.41125171460457E+01  -0.22751265865255E+00
 0.49999730117560293E+00   0.43671071685993E+01  -0.20272453281316E+00
 0.49999759372181612E+00   0.46350724509653E+01  -0.18074956469765E+00
 0.49999785508049199E+00   0.49168500183013E+01  -0.16111730850403E+00
 0.49999809005362683E+00   0.52128638959647E+01  -0.14346704995969E+00
 0.49999830237721682E+00   0.55235222042457E+01  -0.12751815049612E+00
 0.49999849497538273E+00   0.58492142214126E+01  -0.11305095776900E+00
 0.49999867012908455E+00   0.61903074538070E+01  -0.99894132080928E-01
 0.49999882960054148E+00   0.65471447546554E+01  -0.87915300150513E-01
 0.49999897473822025E+00   0.69200415353393E+01  -0.77013168611197E-01
 0.49999910657400881E+00   0.73092831139412E+01  -0.67110224563944E-01
 0.49999922591519225E+00   0.77151222458371E+01  -0.58145826661740E-01
 0.49999933342876002E+00   0.81377768798438E+01  -0.50069872192194E-01
 0.49999942971358891E+00   0.85774281809213E+01  -0.42837375008987E-01
 0.49999951535627873E+00   0.90342188566791E+01  -0.36404271330074E-01
 0.49999959096810370E+00   0.95082518200100E+01  -0.30724644115601E-01
 0.49999965720297102E+00   0.99995892142010E+01  -0.25749374074407E-01
 0.49999971475881566E+00   0.10508251820010E+02  -0.21426034877769E-01
 0.49999976436688987E+00   0.11034218856679E+02  -0.17699697667946E-01
 0.49999980677442130E+00   0.11577428180921E+02  -0.14514233696490E-01
 0.49999984272584436E+00   0.12137776879844E+02  -0.11813724122564E-01
 0.49999987294638243E+00   0.12715122245837E+02  -0.95436932212047E-02
 0.49999989812972856E+00   0.13309283113941E+02  -0.76520337357930E-02
 0.49999991892972567E+00   0.13920041535339E+02  -0.60896318178454E-02
 0.49999993595491155E+00   0.14547144754655E+02  -0.48107767975640E-02
 0.49999994976471340E+00   0.15190307453807E+02  -0.37734469500892E-02
 0.49999996086661908E+00   0.15849214221413E+02  -0.29395220590374E-02
 0.49999996971427157E+00   0.16523522204246E+02  -0.22749264959376E-02
 0.49999997670678509E+00   0.17212863895965E+02  -0.17496805707795E-02
 0.49999998218956931E+00   0.17916850018301E+02  -0.13378386976748E-02
 0.49999998645671340E+00   0.18635072450965E+02  -0.10173101940398E-02
 0.49999998975472632E+00   0.19367107168599E+02  -0.76957843566205E-03
 0.49999999228723974E+00   0.20112517146046E+02  -0.57934752270095E-03
 0.49999999422023078E+00   0.20870855196793E+02  -0.43415000681435E-03
 0.49999999568735409E+00   0.21641666713578E+02  -0.32394637327071E-03
 0.49999999679506524E+00   0.22424492284561E+02  -0.24074013571163E-03
 0.49999999762732616E+00   0.23218870163075E+02  -0.17822447692728E-03
 0.49999999824977193E+00   0.24024338573573E+02  -0.13146918744633E-03
 0.49999999871330036E+00   0.24840437840854E+02  -0.96651038985041E-04
 0.49999999905709380E+00   0.25666712333901E+02  -0.70826824971615E-04
 0.49999999931111533E+00   0.26502712219579E+02  -0.51745886743060E-04
 0.49999999949813673E+00   0.27347995024993E+02  -0.37697689601934E-04
 0.49999999963536745E+00   0.28202127010389E+02  -0.27389537903044E-04
 0.49999999969931991E+00   0.29064684357170E+02  -0.22585739776648E-04
 0.50000000000000022E+00   0.29935254177814E+02   0.11784795361791E-10
 0.50000000000000022E+00   0.30813435356248E+02   0.11452172543613E-10
 0.50000000000000022E+00   0.31698839228624E+02   0.11133316490941E-10
 0.50000000000000000E+00   0.32591090115412E+02   0.10829115382194E-10
 0.50000000000000000E+00   0.33489825716383E+02   0.10538458994347E-10
 0.50000000000000000E+00   0.34394697380382E+02   0.10261569372005E-10
 0.50000000000000000E+00   0.35305370261891E+02   0.99964481137249E-11
 0.50000000000000000E+00   0.36221523376224E+02   0.97437613533202E-11
 0.50000000000000000E+00   0.37142849564891E+02   0.95021768231618E-11
 0.50000000000000000E+00   0.38069055382202E+02   0.92712504340398E-11
 0.50000000000000000E+00   0.38999860913611E+02   0.90498719629295E-11
 0.50000000000000000E+00   0.39934999535663E+02   0.88382634544359E-11
 0.50000000000000000E+00   0.40874217626704E+02   0.86346485517197E-11
