 0.13500931108211850E+00   0.97578195523695E-18  -0.10153538580903E+06
 0.13785106976479108E+00   0.29483069282768E-04  -0.98668022597463E+05
 0.14698577326589099E+00   0.61082173640461E-04  -0.90202020203028E+05
 0.16283125084278832E+00   0.94949178290611E-04  -0.77769429282528E+05
 0.18453722883951884E+00   0.13124684686428E-03  -0.64204205177810E+05
 0.20962964371285142E+00   0.17014962340302E-03  -0.52023424213492E+05
 0.23500979607291880E+00   0.21184447044981E-03  -0.42349004484533E+05
 0.25861816332016635E+00   0.25653176725507E-03  -0.35054591900550E+05
 0.27985434043023932E+00   0.30442627240692E-03  -0.29544553474941E+05
 0.29885026704629314E+00   0.35575815550320E-03  -0.25279306873091E+05
 0.31588293068577655E+00   0.41077410281323E-03  -0.21891082829273E+05
 0.33120537164341451E+00   0.46973850223137E-03  -0.19140822640666E+05
 0.34503117975815156E+00   0.53293471320370E-03  -0.16868844410505E+05
 0.35754075959926568E+00   0.60066642771546E-03  -0.14964575940271E+05
 0.36888750165375428E+00   0.67325912886222E-03  -0.13349023583472E+05
 0.37920265651617113E+00   0.75106165399386E-03  -0.11964246733925E+05
 0.38859918878332245E+00   0.83444786992019E-03  -0.10766779324045E+05
 0.39717485110646805E+00   0.92381846820159E-03  -0.97233731687516E+04
 0.40501465658915070E+00   0.10196028891215E-02  -0.88081602123872E+04
 0.41219288266581056E+00   0.11222613835509E-02  -0.80007109219813E+04
 0.41877470696283081E+00   0.12322872225722E-02  -0.72846751728980E+04
 0.42481755174070396E+00   0.13502090654347E-02  -0.66468114601232E+04
 0.43037219582320541E+00   0.14765934971652E-02  -0.60762808745846E+04
 0.43548369969445705E+00   0.16120477479678E-02  -0.55641252615568E+04
 0.44019217946823674E+00   0.17572226074079E-02  -0.51028758392544E+04
 0.44453345784284165E+00   0.19128155473023E-02  -0.46862557468036E+04
 0.44853961433192302E+00   0.20795740682274E-02  -0.43089512311235E+04
 0.45223945256094811E+00   0.22582992856177E-02  -0.39664336758166E+04
 0.45565889891500305E+00   0.24498497725618E-02  -0.36548197600962E+04
 0.45882134407715969E+00   0.26551456776172E-02  -0.33707605426385E+04
 0.46174793682995491E+00   0.28751731372654E-02  -0.31113527200447E+04
 0.46445783777282601E+00   0.31109890040199E-02  -0.28740670517271E+04
 0.46696843923547726E+00   0.33637259126873E-02  -0.26566901951811E+04
 0.46929555656514438E+00   0.36345977088734E-02  -0.24572771062664E+04
 0.47145359507648255E+00   0.39249052655295E-02  -0.22741118287199E+04
 0.47345569623169037E+00   0.42360427151559E-02  -0.21056749945425E+04
 0.47531386603090325E+00   0.45695041272231E-02  -0.19506167299626E+04
 0.47703908811196982E+00   0.49268906624595E-02  -0.18077339439928E+04
 0.47864142366336931E+00   0.53099182378730E-02  -0.16759511920471E+04
 0.48013009992768818E+00   0.57204257387563E-02  -0.15543044728094E+04
 0.48151358880261486E+00   0.61603838164655E-02  -0.14419274449788E+04
 0.48279967682142411E+00   0.66319043134761E-02  -0.13380396507552E+04
 0.48399552760706588E+00   0.71372503601200E-02  -0.12419364116810E+04
 0.48510773773659033E+00   0.76788471905016E-02  -0.11529801247219E+04
 0.48614238682031330E+00   0.82592937283951E-02  -0.10705927359944E+04
 0.48710508248854462E+00   0.88813749974526E-02  -0.99424920916411E+03
 0.48800100088428150E+00   0.95480754138094E-02  -0.92347183739686E+03
 0.48883492318016547E+00   0.10262593023187E-01  -0.85782527350283E+03
 0.48961126856982556E+00   0.11028354748868E-01  -0.79691217383112E+03
 0.49033412412555932E+00   0.11849032721462E-01  -0.74036936854775E+03
 0.49100727186453325E+00   0.12728561766261E-01  -0.68786448492475E+03
 0.49163421332299362E+00   0.13671158129094E-01  -0.63909296178833E+03
 0.49221819190128036E+00   0.14681339527142E-01  -0.59377540279585E+03
 0.49276221321080638E+00   0.15763946616981E-01  -0.55165522411062E+03
 0.49326906362685946E+00   0.16924165978315E-01  -0.51249655862051E+03
 0.49374132722745168E+00   0.18167554718499E-01  -0.47608238434220E+03
 0.49418140127796301E+00   0.19500066809896E-01  -0.44221284925857E+03
 0.49459151040354288E+00   0.20928081279553E-01  -0.41070376871003E+03
 0.49497371957577257E+00   0.22458432378533E-01  -0.38138527472593E+03
 0.49532994602662617E+00   0.24098441866553E-01  -0.35410059944351E+03
 0.49566197019102809E+00   0.25855953556357E-01  -0.32870497710250E+03
 0.49597144576905322E+00   0.27739370271550E-01  -0.30506465109287E+03
 0.49625990898984040E+00   0.29757693381404E-01  -0.28305597422837E+03
 0.49652878715142701E+00   0.31920565086455E-01  -0.26256459186691E+03
 0.49677940650378127E+00   0.34238313639551E-01  -0.24348469874032E+03
 0.49701299953618372E+00   0.36722001698414E-01  -0.22571836142430E+03
 0.49723071172464151E+00   0.39383478017693E-01  -0.20917489930345E+03
 0.49743360779009155E+00   0.42235432700963E-01  -0.19377031769074E+03
 0.49762267751363776E+00   0.45291456246181E-01  -0.17942678746759E+03
 0.49779884115085682E+00   0.48566102631601E-01  -0.16607216623953E+03
 0.49796295448318606E+00   0.52074956703276E-01  -0.15363955656983E+03
 0.49811581354046319E+00   0.55834706139791E-01  -0.14206689737563E+03
 0.49825815902472909E+00   0.59863218284852E-01  -0.13129658506102E+03
 0.49839068046133045E+00   0.64179622153785E-01  -0.12127512143182E+03
 0.49851402009910040E+00   0.68804395935657E-01  -0.11195278589665E+03
 0.49862877657690768E+00   0.73759460328728E-01  -0.10328332991584E+03
 0.49873550836912078E+00   0.79068278063012E-01  -0.95223692118714E+02
 0.49883473701756564E+00   0.84755959979821E-01  -0.87733732970080E+02
 0.49892695015244426E+00   0.90849378054143E-01  -0.80775988325987E+02
 0.49901260429956074E+00   0.97377285761297E-01  -0.74315441667715E+02
 0.49909212746628434E+00   0.10437044620442E+00  -0.68319315227204E+02
 0.49916592149424804E+00   0.11186176843355E+00  -0.62756880597609E+02
 0.49923436416317823E+00   0.11988645240026E+00  -0.57599289733617E+02
 0.49929781102791637E+00   0.12848214300340E+00  -0.52819427457141E+02
 0.49935659697010881E+00   0.13768909369134E+00  -0.48391786658101E+02
 0.49941103744782156E+00   0.14755034009334E+00  -0.44292367272554E+02
 0.49946142943128929E+00   0.15811188415740E+00  -0.40498599771916E+02
 0.49950805202230086E+00   0.16942288927237E+00  -0.36989293218637E+02
 0.49955116677033246E+00   0.18153588684917E+00  -0.33744606788817E+02
 0.49959101772380166E+00   0.19450699482699E+00  -0.30746041780186E+02
 0.49962783129514932E+00   0.20839614855590E+00  -0.27976448106776E+02
 0.49966181608142363E+00   0.22326734448556E+00  -0.25420034563195E+02
 0.49969316287417098E+00   0.23918889705942E+00  -0.23062365231083E+02
 0.49972204520770902E+00   0.25623370917446E+00  -0.20890315752066E+02
 0.49974862088804917E+00   0.27447955651526E+00  -0.18891956206158E+02
 0.49977303489515468E+00   0.29400938600797E+00  -0.17056331081875E+02
 0.49979542366910445E+00   0.31491162856155E+00  -0.15373135559448E+02
 0.49981591998016683E+00   0.33728052616913E+00  -0.13832348244207E+02
 0.49983465668044480E+00   0.36121647332923E+00  -0.12423948263169E+02
 0.49985176750545723E+00   0.38682637261280E+00  -0.11137854288108E+02
 0.49986738435712652E+00   0.41422400404472E+00  -0.99641280753578E+01
 0.49988163244772732E+00   0.44353040778554E+00  -0.88933387348869E+01
 0.49989462570443743E+00   0.47487427938818E+00  -0.79169073664021E+01
 0.49990646423023416E+00   0.50839237666158E+00  -0.70272971625392E+01
 0.49991723423271439E+00   0.54422993689737E+00  -0.62180181217553E+01
 0.49992700980249039E+00   0.58254110290335E+00  -0.54834928865276E+01
 0.49993585561529241E+00   0.62348935593563E+00  -0.48188532938351E+01
 0.49994382979268653E+00   0.66724795322943E+00  -0.42197251160737E+01
 0.49995098644774549E+00   0.71400036739287E+00  -0.36820365589782E+01
 0.49995737768729825E+00   0.76394072444865E+00  -0.32018676501495E+01
 0.49996305500238475E+00   0.81727423678444E+00  -0.27753456330421E+01
 0.49996807007069771E+00   0.87421762670440E+00  -0.23985845629824E+01
 0.49997247504453801E+00   0.93499953566278E+00  -0.20676635695018E+01
 0.49997632242307993E+00   0.99986091361083E+00  -0.17786363559202E+01
 0.49997966461828719E+00   0.10690553822024E+01  -0.15275637185837E+01
 0.49998255332435393E+00   0.11428495648913E+01  -0.13105608306150E+01
 0.49998503879344958E+00   0.12215233762238E+01  -0.11238515698138E+01
 0.49998716910747149E+00   0.13053702618907E+01  -0.96382315302964E+00
 0.49998898951811760E+00   0.13946973803820E+01  -0.82707564597789E+00
 0.49999054190770365E+00   0.14898257163832E+01  -0.71046241133311E+00
 0.49999186440265353E+00   0.15910901154124E+01  -0.61111909663951E+00
 0.49999299115228762E+00   0.16988392286241E+01  -0.52648021376054E+00
 0.49999395226885923E+00   0.18134353562483E+01  -0.45428361323429E+00
 0.49999477391178893E+00   0.19352541778144E+01  -0.39256413337650E+00
 0.49999547849023285E+00   0.20646843571704E+01  -0.33963836629379E+00
 0.49999608495350645E+00   0.22021270103889E+01  -0.29408282867851E+00
 0.49999660913812960E+00   0.23479950249930E+01  -0.25470788321553E+00
 0.49999706414260880E+00   0.25027122195788E+01  -0.22052957910703E+00
 0.49999746070567624E+00   0.26667123339008E+01  -0.19074123490523E+00
 0.49999780756956769E+00   0.28404378408543E+01  -0.16468614689420E+00
 0.49999811181607934E+00   0.30243385735729E+01  -0.14183234310913E+00
 0.49999837916879608E+00   0.32188701630746E+01  -0.12174987934856E+00
 0.49999861425935432E+00   0.34244922845610E+01  -0.10409083727509E+00
 0.49999882085853820E+00   0.36416667135785E+01  -0.88571964528600E-01
 0.49999900207432113E+00   0.38708551967931E+01  -0.74959798009341E-01
 0.49999916051892890E+00   0.41125171460457E+01  -0.63058114367456E-01
 0.49999929844617008E+00   0.43671071685993E+01  -0.52697613990809E-01
 0.49999941785940522E+00   0.46350724509653E+01  -0.43727810650913E-01
 0.49999952059031494E+00   0.49168500183013E+01  -0.36011114520127E-01
 0.49999960834955315E+00   0.52128638959647E+01  -0.29419027318940E-01
 0.49999968275239864E+00   0.55235222042457E+01  -0.23830215277999E-01
 0.49999974532512825E+00   0.58492142214126E+01  -0.19130030415331E-01
 0.49999979749993939E+00   0.61903074538070E+01  -0.15210891786999E-01
 0.49999984060669089E+00   0.65471447546554E+01  -0.11972905889537E-01
 0.49999987586777578E+00   0.69200415353393E+01  -0.93242516970329E-02
 0.49999990439862929E+00   0.73092831139412E+01  -0.71811425125856E-02
 0.49999992721246350E+00   0.77151222458371E+01  -0.54674702336359E-02
 0.49999994522582131E+00   0.81377768798438E+01  -0.41143882048040E-02
 0.49999995926214835E+00   0.85774281809213E+01  -0.30600427995529E-02
 0.49999997005278196E+00   0.90342188566791E+01  -0.22494992606219E-02
 0.49999997823673942E+00   0.95082518200100E+01  -0.16347574591220E-02
 0.49999998436139342E+00   0.99995892142010E+01  -0.11747012106227E-02
 0.49999998888556102E+00   0.10508251820010E+02  -0.83486624343065E-03
 0.49999999218546221E+00   0.11034218856679E+02  -0.58699263870976E-03
 0.49999999456307820E+00   0.11577428180921E+02  -0.40839690244809E-03
 0.49999999625596847E+00   0.12137776879844E+02  -0.28123467371022E-03
 0.49999999744753326E+00   0.12715122245837E+02  -0.19172972235681E-03
 0.49999999827690822E+00   0.13309283113941E+02  -0.12943085237971E-03
 0.49999999884793778E+00   0.13920041535339E+02  -0.86537709316437E-04
 0.49999999923694888E+00   0.14547144754655E+02  -0.57316952628783E-04
 0.49999999949923601E+00   0.15190307453807E+02  -0.37615136507907E-04
 0.49999999967430736E+00   0.15849214221413E+02  -0.24464571496741E-04
 0.50000000000000000E+00   0.16523522204246E+02   0.58841820305133E-14
 0.50000000000000000E+00   0.17212863895965E+02   0.75495165674511E-14
 0.50000000000000000E+00   0.17916850018301E+02   0.75495165674511E-14
 0.50000000000000000E+00   0.18635072450965E+02   0.74384942649885E-14
 0.50000000000000000E+00   0.19367107168599E+02   0.72164496600635E-14
 0.50000000000000000E+00   0.20112517146046E+02   0.69388939039072E-14
 0.50000000000000000E+00   0.20870855196793E+02   0.65503158452884E-14
 0.50000000000000000E+00   0.21641666713578E+02   0.62172489379009E-14
 0.50000000000000000E+00   0.22424492284561E+02   0.61062266354384E-14
 0.50000000000000000E+00   0.23218870163075E+02   0.58286708792821E-14
 0.50000000000000000E+00   0.24024338573573E+02   0.56621374255883E-14
 0.50000000000000000E+00   0.24840437840854E+02   0.54956039718945E-14
 0.50000000000000000E+00   0.25666712333901E+02   0.53290705182008E-14
 0.50000000000000000E+00   0.26502712219579E+02   0.51625370645070E-14
 0.50000000000000000E+00   0.27347995024993E+02   0.49960036108132E-14
 0.50000000000000000E+00   0.28202127010389E+02   0.48294701571194E-14
 0.50000000000000000E+00   0.29064684357170E+02   0.46629367034257E-14
 0.50000000000000000E+00   0.29935254177814E+02   0.45519144009631E-14
 0.50000000000000000E+00   0.30813435356248E+02   0.43853809472694E-14
 0.50000000000000000E+00   0.31698839228624E+02   0.42743586448069E-14
 0.50000000000000000E+00   0.32591090115412E+02   0.41633363423443E-14
 0.50000000000000000E+00   0.33489825716383E+02   0.40523140398818E-14
 0.50000000000000000E+00   0.34394697380382E+02   0.39412917374193E-14
 0.50000000000000000E+00   0.35305370261891E+02   0.38302694349568E-14
 0.50000000000000000E+00   0.36221523376224E+02   0.37470027081099E-14
 0.50000000000000000E+00   0.37142849564891E+02   0.36914915568786E-14
 0.50000000000000000E+00   0.38069055382202E+02   0.36082248300318E-14
 0.50000000000000000E+00   0.38999860913611E+02   0.35249581031849E-14
 0.50000000000000000E+00   0.39934999535663E+02   0.34416913763380E-14
 0.50000000000000000E+00   0.40874217626704E+02   0.33306690738755E-14
