 0.28111330987963701E+00   0.97578195523695E-18  -0.29244034773906E+05
 0.28114907779371584E+00   0.29483069282768E-04  -0.29235536222733E+05
 0.28126676849270632E+00   0.61082173640461E-04  -0.29207587857663E+05
 0.28148381305423259E+00   0.94949178290611E-04  -0.29156106924399E+05
 0.28182034162276293E+00   0.13124684686428E-03  -0.29076442297258E+05
 0.28229945947520946E+00   0.17014962340302E-03  -0.28963350964559E+05
 0.28294750665830748E+00   0.21184447044981E-03  -0.28810994789370E+05
 0.28379427541672453E+00   0.25653176725507E-03  -0.28612967667107E+05
 0.28487314863637686E+00   0.30442627240692E-03  -0.28362365617616E+05
 0.28622111236818687E+00   0.35575815550320E-03  -0.28051913677451E+05
 0.28787857652431592E+00   0.41077410281323E-03  -0.27674165406239E+05
 0.28988891910352077E+00   0.46973850223137E-03  -0.27221790546362E+05
 0.29229764771943700E+00   0.53293471320370E-03  -0.26687963850115E+05
 0.29515105294259153E+00   0.60066642771546E-03  -0.26066861537299E+05
 0.29849421720650177E+00   0.67325912886222E-03  -0.25354259911532E+05
 0.30236825260786632E+00   0.75106165399386E-03  -0.24548212060080E+05
 0.30680668852592663E+00   0.83444786992019E-03  -0.23649753000650E+05
 0.31183103890806374E+00   0.92381846820159E-03  -0.22663552758754E+05
 0.31744577314899314E+00   0.10196028891215E-02  -0.21598405470997E+05
 0.32363320499106785E+00   0.11222613835509E-02  -0.20467419660317E+05
 0.33034917553106929E+00   0.12322872225722E-02  -0.19287773299928E+05
 0.33752074646457214E+00   0.13502090654347E-02  -0.18079931794924E+05
 0.34504725832323363E+00   0.14765934971652E-02  -0.16866308099546E+05
 0.35280580829379005E+00   0.16120477479678E-02  -0.15669469451193E+05
 0.36066128693167671E+00   0.17572226074079E-02  -0.14510140321914E+05
 0.36847966587552006E+00   0.19128155473023E-02  -0.13405367423924E+05
 0.37614174856551325E+00   0.20795740682274E-02  -0.12367238912060E+05
 0.38355389697175341E+00   0.22582992856177E-02  -0.11402442860099E+05
 0.39065298525836489E+00   0.24498497725618E-02  -0.10512720755910E+05
 0.39740490234450260E+00   0.26551456776172E-02  -0.96960028395292E+04
 0.40379830096290981E+00   0.28751731372654E-02  -0.89478274382090E+04
 0.40983664045206131E+00   0.31109890040199E-02  -0.82626365072713E+04
 0.41553126418147318E+00   0.33637259126873E-02  -0.76346939820991E+04
 0.42089681660348416E+00   0.36345977088734E-02  -0.70585852661822E+04
 0.42594886927190667E+00   0.39249052655295E-02  -0.65294044298219E+04
 0.43070294929167513E+00   0.42360427151559E-02  -0.60427725892976E+04
 0.43517421709734877E+00   0.45695041272231E-02  -0.55947921721948E+04
 0.43937736920692871E+00   0.49268906624595E-02  -0.51819884394197E+04
 0.44332660208543495E+00   0.53099182378730E-02  -0.48012553551436E+04
 0.44703559233875867E+00   0.57204257387563E-02  -0.44498089164802E+04
 0.45051748419430893E+00   0.61603838164655E-02  -0.41251473536852E+04
 0.45378488246068127E+00   0.66319043134761E-02  -0.38250171176646E+04
 0.45684985017526936E+00   0.71372503601200E-02  -0.35473836976133E+04
 0.45972391028783111E+00   0.76788471905016E-02  -0.32904064828318E+04
 0.46241805078842918E+00   0.82592937283951E-02  -0.30524170253159E+04
 0.46494273274367426E+00   0.88813749974526E-02  -0.28319001740758E+04
 0.46730790075914969E+00   0.95480754138094E-02  -0.26274776441072E+04
 0.46952299543769660E+00   0.10262593023187E-01  -0.24378936572714E+04
 0.47159696745232893E+00   0.11028354748868E-01  -0.22620023527085E+04
 0.47353829289852228E+00   0.11849032721462E-01  -0.20987567136830E+04
 0.47535498963318917E+00   0.12728561766261E-01  -0.19471987981462E+04
 0.47705463434660550E+00   0.13671158129094E-01  -0.18064510935791E+04
 0.47864438014875288E+00   0.14681339527142E-01  -0.16757088442061E+04
 0.48013097448288011E+00   0.15763946616981E-01  -0.15542332215703E+04
 0.48152077720650027E+00   0.16924165978315E-01  -0.14413452286032E+04
 0.48281977870347015E+00   0.18167554718499E-01  -0.13364202434166E+04
 0.48403361791020927E+00   0.19500066809896E-01  -0.12388831226703E+04
 0.48516760015450783E+00   0.20928081279553E-01  -0.11482037959822E+04
 0.48622671471676782E+00   0.22458432378533E-01  -0.10638932928339E+04
 0.48721565203102513E+00   0.24098441866553E-01  -0.98550015207838E+03
 0.48813882044692103E+00   0.25855953556357E-01  -0.91260717172839E+03
 0.48900036247427570E+00   0.27739370271550E-01  -0.84482846337124E+03
 0.48980417042966495E+00   0.29757693381404E-01  -0.78180678145733E+03
 0.49055390140026561E+00   0.31920565086455E-01  -0.72321110292480E+03
 0.49125299143553836E+00   0.34238313639551E-01  -0.66873443717803E+03
 0.49190466887387746E+00   0.36722001698414E-01  -0.61809185029977E+03
 0.49251196671179792E+00   0.39383478017693E-01  -0.57101869043663E+03
 0.49307773393118248E+00   0.42235432700963E-01  -0.52726900335696E+03
 0.49360464572067297E+00   0.45291456246181E-01  -0.48661412791924E+03
 0.49409521256739486E+00   0.48566102631601E-01  -0.44884146014024E+03
 0.49455178826393048E+00   0.52074956703276E-01  -0.41375337107956E+03
 0.49497657698322017E+00   0.55834706139791E-01  -0.38116625712258E+03
 0.49537163972893933E+00   0.59863218284852E-01  -0.35090969088219E+03
 0.49573890066652687E+00   0.64179622153785E-01  -0.32282562723247E+03
 0.49608015404273181E+00   0.68804395935657E-01  -0.29676760483620E+03
 0.49639707250771609E+00   0.73759460328728E-01  -0.27259987665412E+03
 0.49669121747973383E+00   0.79068278063012E-01  -0.25019641720354E+03
 0.49696405152866863E+00   0.84755959979821E-01  -0.22943980548248E+03
 0.49721695157218909E+00   0.90849378054143E-01  -0.21022007241981E+03
 0.49745122042886114E+00   0.97377285761297E-01  -0.19243369598809E+03
 0.49766809391731248E+00   0.10437044620442E+00  -0.17598295309821E+03
 0.49786874202132314E+00   0.11186176843355E+00  -0.16077573586021E+03
 0.49805426525451513E+00   0.11988645240026E+00  -0.14672574218208E+03
 0.49822568960094826E+00   0.12848214300340E+00  -0.13375278243686E+03
 0.49838396379235034E+00   0.13768909369134E+00  -0.12178291680038E+03
 0.49852996122296711E+00   0.14755034009334E+00  -0.11074824965305E+03
 0.49866448671697433E+00   0.15811188415740E+00  -0.10058636549357E+03
 0.49878828680180914E+00   0.16942288927237E+00  -0.91239508361486E+02
 0.49890206147799954E+00   0.18153588684917E+00  -0.82653656081457E+02
 0.49900647549911226E+00   0.19450699482699E+00  -0.74777638260427E+02
 0.49910216753761549E+00   0.20839614855590E+00  -0.67562419258278E+02
 0.49918975608148553E+00   0.22326734448556E+00  -0.60960631856531E+02
 0.49926984138915714E+00   0.23918889705942E+00  -0.54926411030386E+02
 0.49934300331717751E+00   0.25623370917446E+00  -0.49415540749365E+02
 0.49940979535741808E+00   0.27447955651526E+00  -0.44385887641265E+02
 0.49947073585065510E+00   0.29400938600797E+00  -0.39798048212143E+02
 0.49952629821627925E+00   0.31491162856155E+00  -0.35616070906839E+02
 0.49957690331713023E+00   0.33728052616913E+00  -0.31808018341988E+02
 0.49962291859686003E+00   0.36121647332923E+00  -0.28346021148313E+02
 0.49966466885606953E+00   0.38682637261280E+00  -0.25205457994010E+02
 0.49970245885513609E+00   0.41422400404472E+00  -0.22363248395802E+02
 0.49973659684042498E+00   0.44353040778554E+00  -0.19796078601305E+02
 0.49976740084089077E+00   0.47487427938818E+00  -0.17479924821585E+02
 0.49979518152522834E+00   0.50839237666158E+00  -0.15391339125382E+02
 0.49982021709071323E+00   0.54422993689737E+00  -0.13509333702564E+02
 0.49984273965669956E+00   0.58254110290335E+00  -0.11816399771011E+02
 0.49986293830637574E+00   0.62348935593563E+00  -0.10298275374083E+02
 0.49988097207105908E+00   0.66724795322943E+00  -0.89429667441117E+01
 0.49989698465198640E+00   0.71400036739287E+00  -0.77396400151473E+01
 0.49991111603654131E+00   0.76394072444865E+00  -0.66777470279644E+01
 0.49992350937238017E+00   0.81727423678444E+00  -0.57465079051833E+01
 0.49993431329767152E+00   0.87421762670440E+00  -0.49347352554730E+01
 0.49994368074677342E+00   0.93499953566278E+00  -0.42309232646395E+01
 0.49995176551428155E+00   0.99986091361083E+00  -0.36235052127526E+01
 0.49995871782672818E+00   0.10690553822024E+01  -0.31011855460518E+01
 0.49996467997343447E+00   0.11428495648913E+01  -0.26532675239992E+01
 0.49996978276740567E+00   0.12215233762238E+01  -0.22699185540114E+01
 0.49997414330235634E+00   0.13053702618907E+01  -0.19423382221690E+01
 0.49997786418143936E+00   0.13946973803820E+01  -0.16628158431558E+01
 0.49998103413156131E+00   0.14898257163832E+01  -0.14246840018206E+01
 0.49998372968058014E+00   0.15910901154124E+01  -0.12221923233292E+01
 0.49998601737009807E+00   0.16988392286241E+01  -0.10503410714602E+01
 0.49998795586546185E+00   0.18134353562483E+01  -0.90472251764956E+00
 0.49998959742058291E+00   0.19352541778144E+01  -0.78141081126234E+00
 0.49999098850510371E+00   0.20646843571704E+01  -0.67691479809031E+00
 0.49999216984081019E+00   0.22021270103889E+01  -0.58817523224250E+00
 0.49999317632662749E+00   0.23479950249930E+01  -0.51257036974332E+00
 0.49999403722620561E+00   0.25027122195788E+01  -0.44790184684031E+00
 0.49999477670914005E+00   0.26667123339008E+01  -0.39235400219884E+00
 0.49999541461770436E+00   0.28404378408543E+01  -0.34443626595804E+00
 0.49999596727225681E+00   0.30243385735729E+01  -0.30292264864504E+00
 0.49999644818032146E+00   0.32188701630746E+01  -0.26679846943821E+00
 0.49999686859360748E+00   0.34244922845610E+01  -0.23521850932222E+00
 0.49999723791631268E+00   0.36416667135785E+01  -0.20747633686757E+00
 0.49999756399707529E+00   0.38708551967931E+01  -0.18298237524715E+00
 0.49999785334351404E+00   0.41125171460457E+01  -0.16124778476259E+00
 0.49999811129285804E+00   0.43671071685993E+01  -0.14187164435315E+00
 0.49999834216231354E+00   0.46350724509653E+01  -0.12452965564596E+00
 0.49999854939286104E+00   0.49168500183013E+01  -0.10896334065678E+00
 0.49999873569207570E+00   0.52128638959647E+01  -0.94969313186179E-01
 0.49999890317586065E+00   0.55235222042457E+01  -0.82388631974601E-01
 0.49999905350554957E+00   0.58492142214126E+01  -0.71096501868515E-01
 0.49999918801521492E+00   0.61903074538070E+01  -0.60992710750003E-01
 0.49999930782374757E+00   0.65471447546554E+01  -0.51993210456754E-01
 0.49999941392698244E+00   0.69200415353393E+01  -0.44023196641137E-01
 0.49999950726661530E+00   0.73092831139412E+01  -0.37011931918427E-01
 0.49999958877475031E+00   0.77151222458371E+01  -0.30889399683501E-01
 0.49999965939541591E+00   0.81377768798438E+01  -0.25584687830161E-01
 0.49999972008694193E+00   0.85774281809213E+01  -0.21025810199511E-01
 0.49999977181111538E+00   0.90342188566791E+01  -0.17140521104342E-01
 0.49999981551592010E+00   0.95082518200100E+01  -0.13857611821167E-01
 0.49999985211798964E+00   0.99995892142010E+01  -0.11108228665418E-01
 0.49999988248878990E+00   0.10508251820010E+02  -0.88269107846770E-02
 0.49999990744579970E+00   0.11034218856679E+02  -0.69522526940462E-02
 0.49999992774769420E+00   0.11577428180921E+02  -0.54272660288670E-02
 0.49999994409161630E+00   0.12137776879844E+02  -0.41995844700047E-02
 0.49999995711104395E+00   0.12715122245837E+02  -0.32216239724789E-02
 0.49999996737383245E+00   0.13309283113941E+02  -0.24507297691843E-02
 0.49999997538090990E+00   0.13920041535339E+02  -0.18492743778113E-02
 0.49999998156638831E+00   0.14547144754655E+02  -0.13846492857381E-02
 0.49999998629959730E+00   0.15190307453807E+02  -0.10291120898989E-02
 0.49999998988907612E+00   0.15849214221413E+02  -0.75948672116133E-03
 0.49999999258813987E+00   0.16523522204246E+02  -0.55674529172589E-03
 0.49999999460142941E+00   0.17212863895965E+02  -0.40551611951334E-03
 0.49999999609182988E+00   0.17916850018301E+02  -0.29356399275082E-03
 0.49999999718725063E+00   0.18635072450965E+02  -0.21128097005385E-03
 0.49999999798690514E+00   0.19367107168599E+02  -0.15121454412848E-03
 0.49999999856689004E+00   0.20112517146046E+02  -0.10764871145974E-03
 0.49999999898497144E+00   0.20870855196793E+02  -0.76244331085995E-04
 0.49999999928458583E+00   0.21641666713578E+02  -0.53738659736347E-04
 0.49999999949810719E+00   0.22424492284561E+02  -0.37699901042076E-04
 0.49999999964946718E+00   0.23218870163075E+02  -0.26330441493805E-04
 0.49999999969931963E+00   0.24024338573573E+02  -0.22585751759951E-04
 0.50000000000000000E+00   0.24840437840854E+02   0.14477308241112E-12
 0.50000000000000000E+00   0.25666712333901E+02   0.14210854715202E-12
 0.50000000000000000E+00   0.26502712219579E+02   0.13811174426337E-12
 0.50000000000000000E+00   0.27347995024993E+02   0.13389289676979E-12
 0.50000000000000000E+00   0.28202127010389E+02   0.12956302697376E-12
 0.50000000000000000E+00   0.29064684357170E+02   0.12601031329496E-12
 0.50000000000000000E+00   0.29935254177814E+02   0.12234657731369E-12
 0.50000000000000000E+00   0.30813435356248E+02   0.11912693054228E-12
 0.50000000000000000E+00   0.31698839228624E+02   0.11568523916594E-12
 0.50000000000000000E+00   0.32591090115412E+02   0.11257661469699E-12
 0.50000000000000000E+00   0.33489825716383E+02   0.10957901253050E-12
 0.50000000000000000E+00   0.34394697380382E+02   0.10669243266648E-12
 0.50000000000000000E+00   0.35305370261891E+02   0.10391687510491E-12
 0.50000000000000000E+00   0.36221523376224E+02   0.10136336214828E-12
 0.50000000000000000E+00   0.37142849564891E+02   0.98809849191639E-13
 0.50000000000000000E+00   0.38069055382202E+02   0.96478380839926E-13
 0.50000000000000000E+00   0.38999860913611E+02   0.94146912488213E-13
 0.50000000000000000E+00   0.39934999535663E+02   0.91926466438963E-13
 0.50000000000000000E+00   0.40874217626704E+02   0.89706020389713E-13
