 0.25932509513174401E+00   0.97578195523695E-18  -0.34856647018525E+05
 0.25936138749756665E+00   0.29483069282768E-04  -0.34846514095010E+05
 0.25948081093087100E+00   0.61082173640461E-04  -0.34813190769407E+05
 0.25970107692913075E+00   0.94949178290611E-04  -0.34751809224345E+05
 0.26004266755641892E+00   0.13124684686428E-03  -0.34656823807225E+05
 0.26052913338418482E+00   0.17014962340302E-03  -0.34521983174299E+05
 0.26118738305212708E+00   0.21184447044981E-03  -0.34340326436344E+05
 0.26204794022583966E+00   0.25653176725507E-03  -0.34104215482176E+05
 0.26314513271435619E+00   0.30442627240692E-03  -0.33805418583648E+05
 0.26451716936350789E+00   0.35575815550320E-03  -0.33435261678472E+05
 0.26620604004231369E+00   0.41077410281323E-03  -0.32984866248335E+05
 0.26825715421148066E+00   0.46973850223137E-03  -0.32445492298111E+05
 0.27071860913711149E+00   0.53293471320370E-03  -0.31809001960182E+05
 0.27363995493950799E+00   0.60066642771546E-03  -0.31068451427524E+05
 0.27707030574957225E+00   0.67325912886222E-03  -0.30218804692287E+05
 0.28105564590899479E+00   0.75106165399386E-03  -0.29257740384527E+05
 0.28563521566684480E+00   0.83444786992019E-03  -0.28186492528831E+05
 0.29083695796090436E+00   0.92381846820159E-03  -0.27010629218164E+05
 0.29667219585131510E+00   0.10196028891215E-02  -0.25740635779649E+05
 0.30313000922859307E+00   0.11222613835509E-02  -0.24392141644276E+05
 0.31017217545927867E+00   0.12322872225722E-02  -0.22985628309194E+05
 0.31772994681298433E+00   0.13502090654347E-02  -0.21545496930607E+05
 0.32570417216675507E+00   0.14765934971652E-02  -0.20098470768676E+05
 0.33397006281628816E+00   0.16120477479678E-02  -0.18671457058427E+05
 0.34238701781322578E+00   0.17572226074079E-02  -0.17289165908366E+05
 0.35081238660721198E+00   0.19128155473023E-02  -0.15971922417573E+05
 0.35911634575210377E+00   0.20795740682274E-02  -0.14734139567351E+05
 0.36719410076607706E+00   0.22582992856177E-02  -0.13583791787538E+05
 0.37497220434195261E+00   0.24498497725618E-02  -0.12522955662819E+05
 0.38240792101034016E+00   0.26551456776172E-02  -0.11549163607378E+05
 0.38948320639804490E+00   0.28751731372654E-02  -0.10657096152430E+05
 0.39619650368355613E+00   0.31109890040199E-02  -0.98401266333569E+04
 0.40255538684533904E+00   0.33637259126873E-02  -0.90914161515174E+04
 0.40857158896717383E+00   0.36345977088734E-02  -0.84045091209815E+04
 0.41425837490972206E+00   0.39249052655295E-02  -0.77735564698586E+04
 0.41962943202669589E+00   0.42360427151559E-02  -0.71933375563918E+04
 0.42469847321892684E+00   0.45695041272231E-02  -0.66592056412314E+04
 0.42947909002191303E+00   0.49268906624595E-02  -0.61670181653115E+04
 0.43398467535345620E+00   0.53099182378730E-02  -0.57130722112577E+04
 0.43822836640364776E+00   0.57204257387563E-02  -0.52940488584283E+04
 0.44222299774361790E+00   0.61603838164655E-02  -0.49069657289148E+04
 0.44598106274586968E+00   0.66319043134761E-02  -0.45491364328022E+04
 0.44951468248926085E+00   0.71372503601200E-02  -0.42181357712383E+04
 0.45283558142728164E+00   0.76788471905016E-02  -0.39117697600000E+04
 0.45595506912556250E+00   0.82592937283951E-02  -0.36280497061919E+04
 0.45888402740550521E+00   0.88813749974526E-02  -0.33651697070630E+04
 0.46163290226801529E+00   0.95480754138094E-02  -0.31214870495927E+04
 0.46421170001254863E+00   0.10262593023187E-01  -0.28955050781477E+04
 0.46662998701026631E+00   0.11028354748868E-01  -0.26858581695443E+04
 0.46889689263443257E+00   0.11849032721462E-01  -0.24912985136675E+04
 0.47102111489499365E+00   0.12728561766261E-01  -0.23106844460697E+04
 0.47301092836641506E+00   0.13671158129094E-01  -0.21429701187888E+04
 0.47487419403741693E+00   0.14681339527142E-01  -0.19871963286453E+04
 0.47661837074746927E+00   0.15763946616981E-01  -0.18424823498209E+04
 0.47825052790720413E+00   0.16924165978315E-01  -0.17080186406316E+04
 0.47977735922781062E+00   0.18167554718499E-01  -0.15830603139411E+04
 0.48120519720774851E+00   0.19500066809896E-01  -0.14669212772784E+04
 0.48254002814365504E+00   0.20928081279553E-01  -0.13589689629738E+04
 0.48378750744631110E+00   0.22458432378533E-01  -0.12586195809308E+04
 0.48495297505243190E+00   0.24098441866553E-01  -0.11653338373272E+04
 0.48604147072973897E+00   0.25855953556357E-01  -0.10786130718264E+04
 0.48705774907762378E+00   0.27739370271550E-01  -0.99799577391265E+03
 0.48800629403080242E+00   0.29757693381404E-01  -0.92305444580171E+03
 0.48889133268164903E+00   0.31920565086455E-01  -0.85339278496385E+03
 0.48971684825261430E+00   0.34238313639551E-01  -0.78864316346294E+03
 0.49048659207916834E+00   0.36722001698414E-01  -0.72846438374109E+03
 0.49120409451413050E+00   0.39383478017693E-01  -0.67253969066252E+03
 0.49187267474658342E+00   0.42235432700963E-01  -0.62057501687362E+03
 0.49249544965497943E+00   0.45291456246181E-01  -0.57229743200564E+03
 0.49307534199443404E+00   0.48566102631601E-01  -0.52745375528096E+03
 0.49361508844938662E+00   0.52074956703276E-01  -0.48580927601848E+03
 0.49411724832605908E+00   0.55834706139791E-01  -0.44714651040107E+03
 0.49458421380639273E+00   0.59863218284852E-01  -0.41126391394590E+03
 0.49501822253573474E+00   0.64179622153785E-01  -0.37797448262651E+03
 0.49542137262871788E+00   0.68804395935657E-01  -0.34710422968704E+03
 0.49579563888112227E+00   0.73759460328728E-01  -0.31849062477327E+03
 0.49614288750747654E+00   0.79068278063012E-01  -0.29198119338074E+03
 0.49646488612481859E+00   0.84755959979821E-01  -0.26743251884822E+03
 0.49676330695861332E+00   0.90849378054143E-01  -0.24470979235636E+03
 0.49703972412535652E+00   0.97377285761297E-01  -0.22368683785600E+03
 0.49729560861033428E+00   0.10437044620442E+00  -0.20424633122652E+03
 0.49753232537370545E+00   0.11186176843355E+00  -0.18627987451126E+03
 0.49775113560322304E+00   0.11988645240026E+00  -0.16968769614678E+03
 0.49795320473075771E+00   0.12848214300340E+00  -0.15437793118742E+03
 0.49813961484512537E+00   0.13768909369134E+00  -0.14026558541394E+03
 0.49831137915873258E+00   0.14755034009334E+00  -0.12727135985175E+03
 0.49846945607392817E+00   0.15811188415740E+00  -0.11532051952169E+03
 0.49861476076415673E+00   0.16942288927237E+00  -0.10434196158088E+03
 0.49874817274928290E+00   0.18153588684917E+00  -0.94267595085535E+02
 0.49887053858245894E+00   0.19450699482699E+00  -0.85032096516490E+02
 0.49898266947077852E+00   0.20839614855590E+00  -0.76573052360749E+02
 0.49908533448187720E+00   0.22326734448556E+00  -0.68831437955196E+02
 0.49917925104474564E+00   0.23918889705942E+00  -0.61752302787717E+02
 0.49926507582404500E+00   0.25623370917446E+00  -0.55285429808597E+02
 0.49934340054411097E+00   0.27447955651526E+00  -0.49385624267955E+02
 0.49941475781433986E+00   0.29400938600797E+00  -0.44012252492460E+02
 0.49947963882567142E+00   0.31491162856155E+00  -0.39127891003828E+02
 0.49953851615502665E+00   0.33728052616913E+00  -0.34696595806540E+02
 0.49959185649598714E+00   0.36121647332923E+00  -0.30682933724544E+02
 0.49964011261151942E+00   0.38682637261280E+00  -0.27052579022231E+02
 0.49968370158737480E+00   0.41422400404472E+00  -0.23773940541754E+02
 0.49972298758170292E+00   0.44353040778554E+00  -0.20819450122141E+02
 0.49975828021644952E+00   0.47487427938818E+00  -0.18165675090744E+02
 0.49978984666518883E+00   0.50839237666158E+00  -0.15792402373080E+02
 0.49981792939568159E+00   0.54422993689737E+00  -0.13681299385996E+02
 0.49984276257344973E+00   0.58254110290335E+00  -0.11814677272532E+02
 0.49986458342004170E+00   0.62348935593563E+00  -0.10174634520947E+02
 0.49988363753092802E+00   0.66724795322943E+00  -0.87426551945718E+01
 0.49990017878107396E+00   0.71400036739287E+00  -0.74996141641622E+01
 0.49991446524299349E+00   0.76394072444865E+00  -0.64260820499544E+01
 0.49992675280318699E+00   0.81727423678444E+00  -0.55028031188793E+01
 0.49993728808076843E+00   0.87421762670440E+00  -0.47112256519073E+01
 0.49994630195945949E+00   0.93499953566278E+00  -0.40339863287620E+01
 0.49995400464658452E+00   0.99986091361083E+00  -0.34552800501680E+01
 0.49996058275498712E+00   0.10690553822024E+01  -0.29610779833463E+01
 0.49996619852311103E+00   0.11428495648913E+01  -0.25391851905831E+01
 0.49997099096845221E+00   0.12215233762238E+01  -0.21791532210667E+01
 0.49997507850574163E+00   0.13053702618907E+01  -0.18720828512892E+01
 0.49997856234984273E+00   0.13946973803820E+01  -0.16103680287978E+01
 0.49998152990931832E+00   0.14898257163832E+01  -0.13874406366855E+01
 0.49998405746707958E+00   0.15910901154124E+01  -0.11975689013492E+01
 0.49998621180930464E+00   0.16988392286241E+01  -0.10357348682413E+01
 0.49998805097285259E+00   0.18134353562483E+01  -0.89757813818745E+00
 0.49998962462423258E+00   0.19352541778144E+01  -0.77936731069222E+00
 0.49999097455619468E+00   0.20646843571704E+01  -0.67796261380394E+00
 0.49999213550118921E+00   0.22021270103889E+01  -0.59075474896623E+00
 0.49999313618329511E+00   0.23479950249930E+01  -0.51558583661119E+00
 0.49999400041756936E+00   0.25027122195788E+01  -0.45066681016542E+00
 0.49999474809661115E+00   0.26667123339008E+01  -0.39450329009300E+00
 0.49999539598780468E+00   0.28404378408543E+01  -0.34583568481760E+00
 0.49999595833621568E+00   0.30243385735729E+01  -0.30359389403389E+00
 0.49999644730696524E+00   0.32188701630746E+01  -0.26686407268969E+00
 0.49999687331209558E+00   0.34244922845610E+01  -0.23486407327911E+00
 0.49999724526218337E+00   0.36416667135785E+01  -0.20692454217933E+00
 0.49999757077188073E+00   0.38708551967931E+01  -0.18247347756501E+00
 0.49999785633702631E+00   0.41125171460457E+01  -0.16102292372371E+00
 0.49999810749175150E+00   0.43671071685993E+01  -0.14215716838224E+00
 0.49999832894807661E+00   0.46350724509653E+01  -0.12552225578772E+00
 0.49999852471770950E+00   0.49168500183013E+01  -0.11081683696160E+00
 0.49999869821547233E+00   0.52128638959647E+01  -0.97784400095134E-01
 0.49999885234503094E+00   0.55235222042457E+01  -0.86206830477711E-01
 0.49999898956933803E+00   0.58492142214126E+01  -0.75899118864570E-01
 0.49999911196951835E+00   0.61903074538070E+01  -0.66704937950983E-01
 0.49999922129627672E+00   0.65471447546554E+01  -0.58492780690174E-01
 0.49999931901718375E+00   0.69200415353393E+01  -0.51152408252713E-01
 0.49999940636175039E+00   0.73092831139412E+01  -0.44591464118868E-01
 0.49999948436458830E+00   0.77151222458371E+01  -0.38732231958611E-01
 0.49999955390570400E+00   0.81377768798438E+01  -0.33508608926206E-01
 0.49999961574638824E+00   0.85774281809213E+01  -0.28863409683801E-01
 0.49999967055928873E+00   0.90342188566791E+01  -0.24746107495914E-01
 0.49999971895188128E+00   0.95082518200100E+01  -0.21111071143801E-01
 0.49999976148340930E+00   0.99995892142010E+01  -0.17916292471106E-01
 0.49999979867613192E+00   0.10508251820010E+02  -0.15122541497496E-01
 0.49999983102219042E+00   0.11034218856679E+02  -0.12692850581213E-01
 0.49999985898749366E+00   0.11577428180921E+02  -0.10592222619279E-01
 0.49999988301377313E+00   0.12137776879844E+02  -0.87874766154790E-02
 0.49999990351955154E+00   0.12715122245837E+02  -0.72471749466230E-02
 0.49999992090037598E+00   0.13309283113941E+02  -0.59416058328750E-02
 0.49999993552844202E+00   0.13920041535339E+02  -0.48428115838930E-02
 0.49999994775169682E+00   0.14547144754655E+02  -0.39246559376380E-02
 0.49999995789259821E+00   0.15190307453807E+02  -0.31629173022014E-02
 0.49999996624680754E+00   0.15849214221413E+02  -0.25353869051432E-02
 0.49999997308213817E+00   0.16523522204246E+02  -0.20219478212282E-02
 0.49999997863802970E+00   0.17212863895965E+02  -0.16046144232644E-02
 0.49999998312571076E+00   0.17916850018301E+02  -0.12675201541177E-02
 0.49999998672908130E+00   0.18635072450965E+02  -0.99685128710303E-03
 0.49999998960623415E+00   0.19367107168599E+02  -0.78073260771827E-03
 0.49999999189146810E+00   0.20112517146046E+02  -0.60907618684247E-03
 0.49999999369761711E+00   0.20870855196793E+02  -0.47340646414873E-03
 0.49999999511852367E+00   0.21641666713578E+02  -0.36667440504035E-03
 0.49999999623151548E+00   0.22424492284561E+02  -0.28307150514317E-03
 0.49999999709977516E+00   0.23218870163075E+02  -0.21785177385336E-03
 0.49999999777453114E+00   0.24024338573573E+02  -0.16716716111165E-03
 0.49999999829702801E+00   0.24840437840854E+02  -0.12791956132441E-03
 0.49999999870025880E+00   0.25666712333901E+02  -0.97630687252215E-04
 0.49999999901046011E+00   0.26502712219579E+02  -0.74329769756964E-04
 0.49999999924838207E+00   0.27347995024993E+02  -0.56458150422989E-04
 0.49999999943035323E+00   0.28202127010389E+02  -0.42789300873203E-04
 0.49999999956916280E+00   0.29064684357170E+02  -0.32362550188791E-04
 0.49999999967478481E+00   0.29935254177814E+02  -0.24428704131552E-04
 0.49999999969931963E+00   0.30813435356248E+02  -0.22585751709103E-04
 0.50000000000000000E+00   0.31698839228624E+02   0.19872992140790E-12
 0.50000000000000000E+00   0.32591090115412E+02   0.19706458687097E-12
 0.50000000000000000E+00   0.33489825716383E+02   0.19306778398231E-12
 0.50000000000000000E+00   0.34394697380382E+02   0.18884893648874E-12
 0.50000000000000000E+00   0.35305370261891E+02   0.18440804439024E-12
 0.50000000000000000E+00   0.36221523376224E+02   0.17974510768681E-12
 0.50000000000000000E+00   0.37142849564891E+02   0.17552626019324E-12
 0.50000000000000000E+00   0.38069055382202E+02   0.17141843500212E-12
 0.50000000000000000E+00   0.38999860913611E+02   0.16719958750855E-12
 0.50000000000000000E+00   0.39934999535663E+02   0.16331380692236E-12
 0.50000000000000000E+00   0.40874217626704E+02   0.15942802633617E-12
