 0.24729517467866363E-01   0.97578195523695E-18  -0.72181278278382E+06
 0.25411863663330939E-01   0.29483069282768E-04  -0.70142255804086E+06
 0.27665745857407588E-01   0.61082173640461E-04  -0.64121906260890E+06
 0.31808844366669232E-01   0.94949178290611E-04  -0.55280845517569E+06
 0.38021509461531142E-01   0.13124684686428E-03  -0.45634338601744E+06
 0.46107894267242523E-01   0.17014962340302E-03  -0.36972319488028E+06
 0.55479361051888137E-01   0.21184447044981E-03  -0.30092608374629E+06
 0.65520329255267018E-01   0.25653176725507E-03  -0.24905355298653E+06
 0.75896369047703069E-01   0.30442627240692E-03  -0.20986999019849E+06
 0.86500249941389051E-01   0.35575815550320E-03  -0.17953835383672E+06
 0.97299258908474323E-01   0.41077410281323E-03  -0.15544338513077E+06
 0.10827121095815363E+00   0.46973850223137E-03  -0.13588510183669E+06
 0.11939333392270179E+00   0.53293471320370E-03  -0.11972798091211E+06
 0.13064153306075882E+00   0.60066642771546E-03  -0.10618572537209E+06
 0.14199055423233253E+00   0.67325912886222E-03  -0.94696598147786E+05
 0.15341420134717465E+00   0.75106165399386E-03  -0.84848573763946E+05
 0.16488557268261184E+00   0.83444786992019E-03  -0.76332557711170E+05
 0.17637731119696587E+00   0.92381846820159E-03  -0.68912116755607E+05
 0.18786186393089874E+00   0.10196028891215E-02  -0.62403299262671E+05
 0.19931174529074427E+00   0.11222613835509E-02  -0.56660828143366E+05
 0.21069979886784274E+00   0.12322872225722E-02  -0.51568435989907E+05
 0.22199945250064779E+00   0.13502090654347E-02  -0.47031961654162E+05
 0.23318496151913193E+00   0.14765934971652E-02  -0.42974329612055E+05
 0.24423163551563346E+00   0.16120477479678E-02  -0.39331839076590E+05
 0.25511604454026537E+00   0.17572226074079E-02  -0.36051380834722E+05
 0.26581620129491057E+00   0.19128155473023E-02  -0.33088322031431E+05
 0.27631171666425974E+00   0.20795740682274E-02  -0.30404879055891E+05
 0.28658392673928501E+00   0.22582992856177E-02  -0.27968851972409E+05
 0.29661599032131652E+00   0.24498497725618E-02  -0.25752630098348E+05
 0.30639295670859107E+00   0.26551456776172E-02  -0.23732403268929E+05
 0.31590180433037113E+00   0.28751731372654E-02  -0.21887530785136E+05
 0.32513145148031686E+00   0.31109890040199E-02  -0.20200032429319E+05
 0.33407274099054685E+00   0.33637259126873E-02  -0.18654174837224E+05
 0.34271840116728836E+00   0.36345977088734E-02  -0.17236132990872E+05
 0.35106298567118066E+00   0.39249052655295E-02  -0.15933711358316E+05
 0.35910279526939104E+00   0.42360427151559E-02  -0.14736112743419E+05
 0.36683578451719678E+00   0.45695041272231E-02  -0.13633745561787E+05
 0.37426145645248404E+00   0.49268906624595E-02  -0.12618062266660E+05
 0.38138074831971663E+00   0.53099182378730E-02  -0.11681423180889E+05
 0.38819591119452151E+00   0.57204257387563E-02  -0.10816981170044E+05
 0.39471038617119758E+00   0.61603838164655E-02  -0.10018583505550E+05
 0.40092867951842681E+00   0.66319043134761E-02  -0.92806879803589E+04
 0.40685623891776607E+00   0.71372503601200E-02  -0.85982909007168E+04
 0.41249933258845356E+00   0.76788471905016E-02  -0.79668650216763E+04
 0.41786493278245745E+00   0.82592937283951E-02  -0.73823058477566E+04
 0.42296060481562442E+00   0.88813749974526E-02  -0.68408850037307E+04
 0.42779440249275047E+00   0.95480754138094E-02  -0.63392096091599E+04
 0.43237477049347717E+00   0.10262593023187E-01  -0.58741867756764E+04
 0.43671045401820718E+00   0.11028354748868E-01  -0.54429924970238E+04
 0.44081041575432112E+00   0.11849032721462E-01  -0.50430443252862E+04
 0.44468376001868493E+00   0.12728561766261E-01  -0.46719773276843E+04
 0.44833966376968526E+00   0.13671158129094E-01  -0.43276229005580E+04
 0.45178731406997558E+00   0.14681339527142E-01  -0.40079900833014E+04
 0.45503585153245907E+00   0.15763946616981E-01  -0.37112490666758E+04
 0.45809431931417566E+00   0.16924165978315E-01  -0.34357166277592E+04
 0.46097161735770043E+00   0.18167554718499E-01  -0.31798432477154E+04
 0.46367646183984568E+00   0.19500066809896E-01  -0.29422016781890E+04
 0.46621735018185950E+00   0.20928081279553E-01  -0.27214767179956E+04
 0.46860253246692435E+00   0.22458432378533E-01  -0.25164559480352E+04
 0.47083999055963088E+00   0.24098441866553E-01  -0.23260211611895E+04
 0.47293742632108349E+00   0.25855953556357E-01  -0.21491402403523E+04
 0.47490225959571603E+00   0.27739370271550E-01  -0.19848593179392E+04
 0.47674163472054315E+00   0.29757693381404E-01  -0.18322952220917E+04
 0.47846243141526651E+00   0.31920565086455E-01  -0.16906284537892E+04
 0.48007127347077194E+00   0.34238313639551E-01  -0.15590971285372E+04
 0.48157452887260965E+00   0.36722001698414E-01  -0.14369922845147E+04
 0.48297829902305178E+00   0.39383478017693E-01  -0.13236546288535E+04
 0.48428840081799318E+00   0.42235432700963E-01  -0.12184723188533E+04
 0.48551034966846024E+00   0.45291456246181E-01  -0.11208790610964E+04
 0.48664935150535799E+00   0.48566102631601E-01  -0.10303518520824E+04
 0.48771030804083204E+00   0.52074956703276E-01  -0.94640800735949E+03
 0.48869783480265283E+00   0.55834706139791E-01  -0.86860150874502E+03
 0.48961628795677242E+00   0.59863218284852E-01  -0.79651896803346E+03
 0.49046979435872207E+00   0.64179622153785E-01  -0.72977561706498E+03
 0.49126227923843835E+00   0.68804395935657E-01  -0.66801172614384E+03
 0.49199748685053285E+00   0.73759460328728E-01  -0.61088977420133E+03
 0.49267899100353890E+00   0.79068278063012E-01  -0.55809256986999E+03
 0.49331019460954201E+00   0.84755959979821E-01  -0.50932235318491E+03
 0.49389432039845171E+00   0.90849378054143E-01  -0.46430068261994E+03
 0.49443439864723027E+00   0.97377285761297E-01  -0.42276863676821E+03
 0.49493326122500747E+00   0.10437044620442E+00  -0.38448660708790E+03
 0.49539355164942545E+00   0.11186176843355E+00  -0.34923294009634E+03
 0.49581775395327576E+00   0.11988645240026E+00  -0.31680122265121E+03
 0.49620822849759788E+00   0.12848214300340E+00  -0.28699712078941E+03
 0.49656723165713229E+00   0.13768909369134E+00  -0.25963652188814E+03
 0.49689690555560778E+00   0.14755034009334E+00  -0.23454600766509E+03
 0.49719925077654165E+00   0.15811188415740E+00  -0.21156464913012E+03
 0.49747611111704859E+00   0.16942288927237E+00  -0.19054490620699E+03
 0.49772918863151638E+00   0.18153588684917E+00  -0.17135125636828E+03
 0.49796008443264300E+00   0.19450699482699E+00  -0.15385690918703E+03
 0.49817034646280844E+00   0.20839614855590E+00  -0.13794003452094E+03
 0.49836150436636989E+00   0.22326734448556E+00  -0.12348100162296E+03
 0.49853507817217313E+00   0.23918889705942E+00  -0.11036162125276E+03
 0.49869255658175360E+00   0.25623370917446E+00  -0.98466694831908E+02
 0.49883535041660187E+00   0.27447955651526E+00  -0.87687441067701E+02
 0.49896473766338323E+00   0.29400938600797E+00  -0.77925554832571E+02
 0.49908182869732698E+00   0.31491162856155E+00  -0.69095744472645E+02
 0.49918758524360413E+00   0.33728052616913E+00  -0.61124225694099E+02
 0.49928289797960879E+00   0.36121647332923E+00  -0.53942814112095E+02
 0.49936865820271004E+00   0.38682637261280E+00  -0.47483487005616E+02
 0.49944574163820654E+00   0.41422400404472E+00  -0.41679575070679E+02
 0.49951492826940619E+00   0.44353040778554E+00  -0.36471769690482E+02
 0.49957685655371048E+00   0.47487427938818E+00  -0.31811536880930E+02
 0.49963204840535019E+00   0.50839237666158E+00  -0.27659208294049E+02
 0.49968096890789454E+00   0.54422993689737E+00  -0.23979468067139E+02
 0.49972407895862891E+00   0.58254110290335E+00  -0.20737380083693E+02
 0.49976186222250873E+00   0.62348935593563E+00  -0.17896352621337E+02
 0.49979482607005266E+00   0.66724795322943E+00  -0.15418061177307E+02
 0.49982348483208394E+00   0.71400036739287E+00  -0.13263700764868E+02
 0.49984833624962932E+00   0.76394072444865E+00  -0.11395749225120E+02
 0.49986984109204252E+00   0.81727423678444E+00  -0.97794921969794E+01
 0.49988841270459233E+00   0.87421762670440E+00  -0.83838022270716E+01
 0.49990441808122255E+00   0.93499953566278E+00  -0.71810526827022E+01
 0.49991818594029452E+00   0.99986091361083E+00  -0.61465065798644E+01
 0.49993001373363000E+00   0.10690553822024E+01  -0.52577866306202E+01
 0.49994016858668466E+00   0.11428495648913E+01  -0.44948020730710E+01
 0.49994888448496194E+00   0.12215233762238E+01  -0.38399580547297E+01
 0.49995636136744609E+00   0.13053702618907E+01  -0.32782221286577E+01
 0.49996276857353944E+00   0.13946973803820E+01  -0.27968640351046E+01
 0.49996825084208785E+00   0.14898257163832E+01  -0.23850040851016E+01
 0.49997293398685871E+00   0.15910901154124E+01  -0.20331861218556E+01
 0.49997692866594290E+00   0.16988392286241E+01  -0.17330938686746E+01
 0.49998033219153126E+00   0.18134353562483E+01  -0.14774146194353E+01
 0.49998322914922216E+00   0.19352541778144E+01  -0.12597924466837E+01
 0.49998569175891960E+00   0.20646843571704E+01  -0.10748008847432E+01
 0.49998778071359945E+00   0.22021270103889E+01  -0.91787976507607E+00
 0.49998954688229502E+00   0.23479950249930E+01  -0.78520717296079E+00
 0.49999103381366566E+00   0.25027122195788E+01  -0.67351129921409E+00
 0.49999228045054539E+00   0.26667123339008E+01  -0.57986647002628E+00
 0.49999332309150502E+00   0.28404378408543E+01  -0.50154575841920E+00
 0.49999419585933047E+00   0.30243385735729E+01  -0.43598576417682E+00
 0.49999492983791238E+00   0.32188701630746E+01  -0.38085142536008E+00
 0.49999555185859246E+00   0.34244922845610E+01  -0.33412716558013E+00
 0.49999608387172095E+00   0.36416667135785E+01  -0.29416408549807E+00
 0.49999654315847786E+00   0.38708551967931E+01  -0.25966404013736E+00
 0.49999694308626480E+00   0.41125171460457E+01  -0.22962288857332E+00
 0.49999729400168064E+00   0.43671071685993E+01  -0.20326341142719E+00
 0.49999760400491339E+00   0.46350724509653E+01  -0.17997713798403E+00
 0.49999787952190033E+00   0.49168500183013E+01  -0.15928136547145E+00
 0.49999812569250462E+00   0.52128638959647E+01  -0.14078999924898E+00
 0.49999834662884141E+00   0.55235222042457E+01  -0.12419414731422E+00
 0.49999854559712270E+00   0.58492142214126E+01  -0.10924846020623E+00
 0.49999872516178706E+00   0.61903074538070E+01  -0.95760303992982E-01
 0.49999888731436959E+00   0.65471447546554E+01  -0.83580079821555E-01
 0.49999903359643882E+00   0.69200415353393E+01  -0.72591989043955E-01
 0.49999916521723031E+00   0.73092831139412E+01  -0.62705196988965E-01
 0.49999928316191949E+00   0.77151222458371E+01  -0.53845699796405E-01
 0.49999938828493456E+00   0.81377768798438E+01  -0.45949315088636E-01
 0.49999948138335604E+00   0.85774281809213E+01  -0.38956168446779E-01
 0.49999956324750477E+00   0.90342188566791E+01  -0.32806893444794E-01
 0.49999963468859843E+00   0.95082518200100E+01  -0.27440554177906E-01
 0.49999969654623311E+00   0.99995892142010E+01  -0.22794083246235E-01
 0.49999974968079147E+00   0.10508251820010E+02  -0.18802852005102E-01
 0.49999979495713043E+00   0.11034218856679E+02  -0.15401895865228E-01
 0.49999983322571812E+00   0.11577428180921E+02  -0.12527331147575E-01
 0.49999986530585222E+00   0.12137776879844E+02  -0.10117615661065E-01
 0.49999989197327022E+00   0.12715122245837E+02  -0.81144793177081E-02
 0.49999991395226040E+00   0.13309283113941E+02  -0.64635167144251E-02
 0.49999993191105718E+00   0.13920041535339E+02  -0.51145330161164E-02
 0.49999994645909834E+00   0.14547144754655E+02  -0.40217499513036E-02
 0.49999995814528375E+00   0.15190307453807E+02  -0.31439365860644E-02
 0.49999996745709607E+00   0.15849214221413E+02  -0.24444754130553E-02
 0.49999997482086855E+00   0.16523522204246E+02  -0.18913421910143E-02
 0.49999998060351170E+00   0.17212863895965E+02  -0.14569762516503E-02
 0.49999998511577154E+00   0.17916850018301E+02  -0.11180357549940E-02
 0.49999998861680695E+00   0.18635072450965E+02  -0.85505385298212E-03
 0.49999999131967920E+00   0.19367107168599E+02  -0.65202635203088E-03
 0.49999999339728285E+00   0.20112517146046E+02  -0.49596618424452E-03
 0.49999999498829245E+00   0.20870855196793E+02  -0.37645675964271E-03
 0.49999999620279639E+00   0.21641666713578E+02  -0.28522873275971E-03
 0.49999999712740828E+00   0.22424492284561E+02  -0.21577608339696E-03
 0.49999999782974569E+00   0.23218870163075E+02  -0.16301968104404E-03
 0.49999999836224768E+00   0.24024338573573E+02  -0.12302054534130E-03
 0.49999999876535495E+00   0.24840437840854E+02  -0.92740951435744E-04
 0.49999999907011045E+00   0.25666712333901E+02  -0.69849099900043E-04
 0.49999999930025235E+00   0.26502712219579E+02  -0.52561883496782E-04
 0.49999999947387730E+00   0.27347995024993E+02  -0.39519965401968E-04
 0.49999999960474750E+00   0.28202127010389E+02  -0.29689589492232E-04
 0.49999999969931991E+00   0.29064684357170E+02  -0.22585738408409E-04
 0.50000000000000022E+00   0.29935254177814E+02   0.13117507080551E-10
 0.50000000000000022E+00   0.30813435356248E+02   0.12750245304005E-10
 0.50000000000000022E+00   0.31698839228624E+02   0.12396750292964E-10
 0.50000000000000022E+00   0.32591090115412E+02   0.12058354315059E-10
 0.50000000000000022E+00   0.33489825716383E+02   0.11735279414893E-10
 0.50000000000000022E+00   0.34394697380382E+02   0.11426859458652E-10
 0.50000000000000022E+00   0.35305370261891E+02   0.11131984223312E-10
 0.50000000000000000E+00   0.36221523376224E+02   0.10849987575057E-10
 0.50000000000000000E+00   0.37142849564891E+02   0.10581313603097E-10
 0.50000000000000000E+00   0.38069055382202E+02   0.10324407995199E-10
 0.50000000000000000E+00   0.38999860913611E+02   0.10077716439127E-10
 0.50000000000000000E+00   0.39934999535663E+02   0.98416830240922E-11
 0.50000000000000000E+00   0.40874217626704E+02   0.96154195716736E-11
