 0.47122488366336944E-01   0.97578195523695E-18  -0.36095403393153E+06
 0.48359667710656903E-01   0.29483069282768E-04  -0.35075895678505E+06
 0.52423409174524441E-01   0.61082173640461E-04  -0.32065754395945E+06
 0.59803322115194048E-01   0.94949178290611E-04  -0.27645268156375E+06
 0.70656104091608732E-01   0.13124684686428E-03  -0.22822066144778E+06
 0.84411221378133131E-01   0.17014962340302E-03  -0.18491109930634E+06
 0.99849991429465976E-01   0.21184447044981E-03  -0.15051304753764E+06
 0.11582241905288816E+00   0.25653176725507E-03  -0.12457724887264E+06
 0.13174117831250223E+00   0.30442627240692E-03  -0.10498589728266E+06
 0.14742604595509354E+00   0.35575815550320E-03  -0.89820476877585E+05
 0.16282569518838211E+00   0.41077410281323E-03  -0.77773362717798E+05
 0.17791053121977835E+00   0.46973850223137E-03  -0.67994567507022E+05
 0.19265499734104616E+00   0.53293471320370E-03  -0.59916332733445E+05
 0.20703631763896890E+00   0.60066642771546E-03  -0.53145512259117E+05
 0.22103452291694789E+00   0.67325912886222E-03  -0.47401239341647E+05
 0.23463248165008163E+00   0.75106165399386E-03  -0.42477502574768E+05
 0.24781589230643719E+00   0.83444786992019E-03  -0.38219755647579E+05
 0.26057323947253630E+00   0.92381846820159E-03  -0.34509782557474E+05
 0.27289571746836488E+00   0.10196028891215E-02  -0.31255607814551E+05
 0.28477712556496904E+00   0.11222613835509E-02  -0.28384592946413E+05
 0.29621373916948879E+00   0.12322872225722E-02  -0.25838604088875E+05
 0.30720416143912177E+00   0.13502090654347E-02  -0.23570560291632E+05
 0.31774915974108336E+00   0.14765934971652E-02  -0.21541923212038E+05
 0.32785149121134666E+00   0.16120477479678E-02  -0.19720841679686E+05
 0.33751572140286701E+00   0.17572226074079E-02  -0.18080760120460E+05
 0.34674803967726087E+00   0.19128155473023E-02  -0.16599360952683E+05
 0.35555607460495997E+00   0.20795740682274E-02  -0.15257751033593E+05
 0.36394871221855363E+00   0.22582992856177E-02  -0.14039828878281E+05
 0.37193591953092542E+00   0.24498497725618E-02  -0.12931787452899E+05
 0.37952857529977585E+00   0.26551456776172E-02  -0.11921719812837E+05
 0.38673830960604955E+00   0.28751731372654E-02  -0.10999303584733E+05
 0.39357735342569017E+00   0.31109890040199E-02  -0.10155546485358E+05
 0.40005839901913393E+00   0.33637259126873E-02  -0.93825795225511E+04
 0.40619447164572670E+00   0.36345977088734E-02  -0.86734877612271E+04
 0.41199881283317319E+00   0.39249052655295E-02  -0.80221709182513E+04
 0.41748477519583471E+00   0.42360427151559E-02  -0.74232278185608E+04
 0.42266572859922352E+00   0.45695041272231E-02  -0.68718600712957E+04
 0.42755497730942271E+00   0.49268906624595E-02  -0.63637913284452E+04
 0.43216568764250335E+00   0.53099182378730E-02  -0.58951992544933E+04
 0.43651082553699638E+00   0.57204257387563E-02  -0.54626579247307E+04
 0.44060310340843512E+00   0.61603838164655E-02  -0.50630888264806E+04
 0.44445493560519067E+00   0.66319043134761E-02  -0.46937189938023E+04
 0.44807840176559266E+00   0.71372503601200E-02  -0.43520450861672E+04
 0.45148521737414010E+00   0.76788471905016E-02  -0.40358024429006E+04
 0.45468671082619405E+00   0.82592937283951E-02  -0.37429383211868E+04
 0.45769380633290219E+00   0.88813749974526E-02  -0.34715886662101E+04
 0.46051701202854939E+00   0.95480754138094E-02  -0.32200578752185E+04
 0.46316641267869024E+00   0.10262593023187E-01  -0.29868011088253E+04
 0.46565166642719774E+00   0.11028354748868E-01  -0.27704087772387E+04
 0.46798200506198079E+00   0.11849032721462E-01  -0.25695928898567E+04
 0.47016623732101526E+00   0.12728561766261E-01  -0.23831750065276E+04
 0.47221275480121117E+00   0.13671158129094E-01  -0.22100755699246E+04
 0.47412954007137403E+00   0.14681339527142E-01  -0.20493044326251E+04
 0.47592417662624487E+00   0.15763946616981E-01  -0.18999524209798E+04
 0.47760386035056490E+00   0.16924165978315E-01  -0.17611838017907E+04
 0.47917541218983339E+00   0.18167554718499E-01  -0.16322295380564E+04
 0.48064529174756299E+00   0.19500066809896E-01  -0.15123812372831E+04
 0.48201961154736539E+00   0.20928081279553E-01  -0.14009857106449E+04
 0.48330415171233737E+00   0.22458432378533E-01  -0.12974400740417E+04
 0.48450437482460468E+00   0.24098441866553E-01  -0.12011873331604E+04
 0.48562544073562197E+00   0.25855953556357E-01  -0.11117124042188E+04
 0.48667222110465497E+00   0.27739370271550E-01  -0.10285385302836E+04
 0.48764931345136359E+00   0.29757693381404E-01  -0.95122405992101E+03
 0.48856105452227305E+00   0.31920565086455E-01  -0.87935956036010E+03
 0.48941153279537492E+00   0.34238313639551E-01  -0.81256524108112E+03
 0.49020459998942167E+00   0.36722001698414E-01  -0.75048866536719E+03
 0.49094388151441770E+00   0.39383478017693E-01  -0.69280272624886E+03
 0.49163278590944898E+00   0.42235432700963E-01  -0.63920385861886E+03
 0.49227451347555085E+00   0.45291456246181E-01  -0.58941045026922E+03
 0.49287206452980015E+00   0.48566102631601E-01  -0.54316140092722E+03
 0.49342824796277784E+00   0.52074956703276E-01  -0.50021476162418E+03
 0.49394569100056662E+00   0.55834706139791E-01  -0.46034637267420E+03
 0.49442685109079398E+00   0.59863218284852E-01  -0.42334841965043E+03
 0.49487403040358580E+00   0.64179622153785E-01  -0.38902786162814E+03
 0.49528939236902858E+00   0.68804395935657E-01  -0.35720476895894E+03
 0.49567497813434763E+00   0.73759460328728E-01  -0.32771072534837E+03
 0.49603271963577783E+00   0.79068278063012E-01  -0.30038753844507E+03
 0.49636444632798649E+00   0.84755959979821E-01  -0.27508647500392E+03
 0.49667188496698500E+00   0.90849378054143E-01  -0.25166805696380E+03
 0.49695665503609843E+00   0.97377285761297E-01  -0.23000221348136E+03
 0.49722026433177041E+00   0.10437044620442E+00  -0.20996844096516E+03
 0.49746410873263275E+00   0.11186176843355E+00  -0.19145566423547E+03
 0.49768947795390112E+00   0.11988645240026E+00  -0.17436166261868E+03
 0.49789756669911422E+00   0.12848214300340E+00  -0.15859210621810E+03
 0.49808948911109530E+00   0.13768909369134E+00  -0.14405936098363E+03
 0.49826629393822469E+00   0.14755034009334E+00  -0.13068125662465E+03
 0.49842897802850566E+00   0.15811188415740E+00  -0.11837999548662E+03
 0.49857849628065976E+00   0.16942288927237E+00  -0.10708134088167E+03
 0.49871576682046581E+00   0.18153588684917E+00  -0.96714174996925E+02
 0.49884167088179365E+00   0.19450699482699E+00  -0.87210463064550E+02
 0.49895704769349092E+00   0.20839614855590E+00  -0.78505598966812E+02
 0.49906268569576151E+00   0.22326734448556E+00  -0.70539030974069E+02
 0.49915931273640662E+00   0.23918889705942E+00  -0.63254967032261E+02
 0.49924758946777092E+00   0.25623370917446E+00  -0.56602841478395E+02
 0.49932811121470100E+00   0.27447955651526E+00  -0.50537146837216E+02
 0.49940142191279363E+00   0.29400938600797E+00  -0.45016360850704E+02
 0.49946803671325513E+00   0.31491162856155E+00  -0.40001226127743E+02
 0.49952846004922946E+00   0.33728052616913E+00  -0.35453376362866E+02
 0.49958318493627596E+00   0.36121647332923E+00  -0.31335377967877E+02
 0.49963267405631995E+00   0.38682637261280E+00  -0.27612143076712E+02
 0.49967733907960893E+00   0.41422400404472E+00  -0.24252474579951E+02
 0.49971753355111265E+00   0.44353040778554E+00  -0.21229590947751E+02
 0.49975356164031848E+00   0.47487427938818E+00  -0.18520459410610E+02
 0.49978569572624421E+00   0.50839237666158E+00  -0.16104466926752E+02
 0.49981419473155064E+00   0.54422993689737E+00  -0.13962036920016E+02
 0.49983931809357796E+00   0.58254110290335E+00  -0.12073575558309E+02
 0.49986133340193628E+00   0.62348935593563E+00  -0.10418895007104E+02
 0.49988051783465315E+00   0.66724795322943E+00  -0.89771031928494E+01
 0.49989715466997314E+00   0.71400036739287E+00  -0.77268637668942E+01
 0.49991152663908850E+00   0.76394072444865E+00  -0.66468934770520E+01
 0.49992390794030417E+00   0.81727423678444E+00  -0.57165601464439E+01
 0.49993455651100149E+00   0.87421762670440E+00  -0.49164613757229E+01
 0.49994370777221003E+00   0.93499953566278E+00  -0.42288927739141E+01
 0.49995157062324264E+00   0.99986091361083E+00  -0.36381473690374E+01
 0.49995832604139623E+00   0.10690553822024E+01  -0.31306195612761E+01
 0.49996412825454056E+00   0.11428495648913E+01  -0.26947160411878E+01
 0.49996910806472500E+00   0.12215233762238E+01  -0.23206053488819E+01
 0.49997337746080206E+00   0.13053702618907E+01  -0.19998707997279E+01
 0.49997703425148610E+00   0.13946973803820E+01  -0.17251620360726E+01
 0.49998016540928131E+00   0.14898257163832E+01  -0.14899435389716E+01
 0.49998284847519819E+00   0.15910901154124E+01  -0.12883888953447E+01
 0.49998515148582501E+00   0.16988392286241E+01  -0.11153861173727E+01
 0.49998713258843269E+00   0.18134353562483E+01  -0.96656643157802E+00
 0.49998884028425045E+00   0.19352541778144E+01  -0.83828590786191E+00
 0.49999031449866016E+00   0.20646843571704E+01  -0.72754499543399E+00
 0.49999158813091271E+00   0.22021270103889E+01  -0.63187205825747E+00
 0.49999268863347884E+00   0.23479950249930E+01  -0.54920470063144E+00
 0.49999363933232904E+00   0.25027122195788E+01  -0.47779056509023E+00
 0.49999446039445022E+00   0.26667123339008E+01  -0.41611463710103E+00
 0.49999516947413619E+00   0.28404378408543E+01  -0.36285068461769E+00
 0.49999578212007173E+00   0.30243385735729E+01  -0.31683066968930E+00
 0.49999631202883427E+00   0.32188701630746E+01  -0.27702569910915E+00
 0.49999677121322111E+00   0.34244922845610E+01  -0.24253337488390E+00
 0.49999717013168504E+00   0.36416667135785E+01  -0.21256806731207E+00
 0.49999751780573959E+00   0.38708551967931E+01  -0.18645209283862E+00
 0.49999782193806741E+00   0.41125171460457E+01  -0.16360683978752E+00
 0.49999808903528825E+00   0.43671071685993E+01  -0.14354354473849E+00
 0.49999832453479953E+00   0.46350724509653E+01  -0.12585376341134E+00
 0.49999853293336760E+00   0.49168500183013E+01  -0.11019971043392E+00
 0.49999871791488842E+00   0.52128638959647E+01  -0.96304661752638E-01
 0.49999888247498253E+00   0.55235222042457E+01  -0.83943595038001E-01
 0.49999902904028476E+00   0.58492142214126E+01  -0.72934228750155E-01
 0.49999915958026386E+00   0.61903074538070E+01  -0.63128622465795E-01
 0.49999927570925085E+00   0.65471447546554E+01  -0.54405512724713E-01
 0.49999937877628753E+00   0.69200415353393E+01  -0.46663563875306E-01
 0.49999946994063560E+00   0.73092831139412E+01  -0.39815696039143E-01
 0.49999955023144965E+00   0.77151222458371E+01  -0.33784602673506E-01
 0.49999962059120440E+00   0.81377768798438E+01  -0.28499488467440E-01
 0.49999968190383604E+00   0.85774281809213E+01  -0.23893955412269E-01
 0.49999973500994133E+00   0.90342188566791E+01  -0.19904861158619E-01
 0.49999978071242301E+00   0.95082518200100E+01  -0.16471894828802E-01
 0.49999981977638591E+00   0.99995892142010E+01  -0.13537584880610E-01
 0.49999985292668836E+00   0.10508251820010E+02  -0.11047482984880E-01
 0.49999988084549107E+00   0.11034218856679E+02  -0.89503481056785E-02
 0.49999990417080004E+00   0.11577428180921E+02  -0.71982560055983E-02
 0.49999992349588751E+00   0.12137776879844E+02  -0.57466426379817E-02
 0.49999993936897202E+00   0.12715122245837E+02  -0.45543282406992E-02
 0.49999995229263949E+00   0.13309283113941E+02  -0.35835607781616E-02
 0.49999996272294145E+00   0.13920041535339E+02  -0.28000836953113E-02
 0.49999997106852856E+00   0.14547144754655E+02  -0.21732009864528E-02
 0.49999997769035365E+00   0.15190307453807E+02  -0.16757994830234E-02
 0.49999998290238129E+00   0.15849214221413E+02  -0.12842955869083E-02
 0.49999998697348691E+00   0.16523522204246E+02  -0.97849258545124E-03
 0.49999999013046759E+00   0.17212863895965E+02  -0.74135451052215E-03
 0.49999999256189970E+00   0.17916850018301E+02  -0.55871636229377E-03
 0.49999999442250070E+00   0.18635072450965E+02  -0.41895645349821E-03
 0.49999999583766097E+00   0.19367107168599E+02  -0.31265603070740E-03
 0.49999999690786961E+00   0.20112517146046E+02  -0.23226682206068E-03
 0.49999999771283898E+00   0.20870855196793E+02  -0.17180117360871E-03
 0.49999999831521241E+00   0.21641666713578E+02  -0.12655361454605E-03
 0.49999999876379830E+00   0.22424492284561E+02  -0.92857879184560E-04
 0.49999999909632642E+00   0.23218870163075E+02  -0.67879874898757E-04
 0.49999999934175032E+00   0.24024338573573E+02  -0.49444743677629E-04
 0.49999999952213842E+00   0.24840437840854E+02  -0.35894812119519E-04
 0.49999999965420494E+00   0.25666712333901E+02  -0.25974569481280E-04
 0.49999999969931963E+00   0.26502712219579E+02  -0.22585751517479E-04
 0.50000000000000000E+00   0.27347995024993E+02   0.38191672047105E-12
 0.50000000000000000E+00   0.28202127010389E+02   0.37303493627405E-12
 0.50000000000000000E+00   0.29064684357170E+02   0.36304292905243E-12
 0.50000000000000000E+00   0.29935254177814E+02   0.35260683262095E-12
 0.50000000000000000E+00   0.30813435356248E+02   0.34305891460917E-12
 0.50000000000000000E+00   0.31698839228624E+02   0.33328895199247E-12
 0.50000000000000000E+00   0.32591090115412E+02   0.32429614549301E-12
 0.50000000000000000E+00   0.33489825716383E+02   0.31574742820339E-12
 0.50000000000000000E+00   0.34394697380382E+02   0.30753177782117E-12
 0.50000000000000000E+00   0.35305370261891E+02   0.29953817204387E-12
 0.50000000000000000E+00   0.36221523376224E+02   0.29187763317395E-12
 0.50000000000000000E+00   0.37142849564891E+02   0.28466118351389E-12
 0.50000000000000000E+00   0.38069055382202E+02   0.27777780076121E-12
 0.50000000000000000E+00   0.38999860913611E+02   0.27133850721839E-12
 0.50000000000000000E+00   0.39934999535663E+02   0.26489921367556E-12
 0.50000000000000000E+00   0.40874217626704E+02   0.25879298704012E-12
