 0.48541891077255095E+00   0.97578195523695E-18  -0.11281650440838E+04
 0.48542301218782136E+00   0.29483069282768E-04  -0.11278381808601E+04
 0.48543650040523489E+00   0.61082173640461E-04  -0.11267632732530E+04
 0.48546134777902783E+00   0.94949178290611E-04  -0.11247832842611E+04
 0.48549980308107860E+00   0.13124684686428E-03  -0.11217193328112E+04
 0.48555440439339342E+00   0.17014962340302E-03  -0.11173697711423E+04
 0.48562798247886257E+00   0.21184447044981E-03  -0.11115100594342E+04
 0.48572364997265227E+00   0.25653176725507E-03  -0.11038938160927E+04
 0.48584477060202308E+00   0.30442627240692E-03  -0.10942555102270E+04
 0.48599490156631348E+00   0.35575815550320E-03  -0.10823153433631E+04
 0.48617770140138356E+00   0.41077410281323E-03  -0.10677869222989E+04
 0.48639679549008447E+00   0.46973850223137E-03  -0.10503883229686E+04
 0.48665559236974343E+00   0.53293471320370E-03  -0.10298570451343E+04
 0.48695704680402585E+00   0.60066642771546E-03  -0.10059691067077E+04
 0.48730337099574311E+00   0.67325912886222E-03  -0.97856206716600E+03
 0.48769570401800599E+00   0.75106165399386E-03  -0.94756105412917E+03
 0.48813376184513113E+00   0.83444786992019E-03  -0.91300588400175E+03
 0.48861550569416556E+00   0.92381846820159E-03  -0.87507617992790E+03
 0.48913688263065080E+00   0.10196028891215E-02  -0.83411018307028E+03
 0.48969170530803485E+00   0.11222613835509E-02  -0.79061207056941E+03
 0.49027174081238417E+00   0.12322872225722E-02  -0.74524253472158E+03
 0.49086706414994741E+00   0.13502090654347E-02  -0.69878870529727E+03
 0.49146669377588603E+00   0.14765934971652E-02  -0.65211261570826E+03
 0.49205946472834500E+00   0.16120477479678E-02  -0.60608223151078E+03
 0.49263502062308223E+00   0.17572226074079E-02  -0.56149464122298E+03
 0.49318474336696322E+00   0.19128155473023E-02  -0.51900548001477E+03
 0.49370242084836674E+00   0.20795740682274E-02  -0.47907966860481E+03
 0.49418450207443776E+00   0.22582992856177E-02  -0.44197443179128E+03
 0.49462990270210899E+00   0.24498497725618E-02  -0.40775674061880E+03
 0.49503946074465871E+00   0.26551456776172E-02  -0.37634697911233E+03
 0.49541523902937001E+00   0.28751731372654E-02  -0.34757353384851E+03
 0.49575988009020960E+00   0.31109890040199E-02  -0.32122262213573E+03
 0.49607614402610256E+00   0.33637259126873E-02  -0.29707361289535E+03
 0.49636665376005995E+00   0.36345977088734E-02  -0.27491823737917E+03
 0.49663379656945023E+00   0.39249052655295E-02  -0.25456778875388E+03
 0.49687971091661454E+00   0.42360427151559E-02  -0.23585382862049E+03
 0.49710630623480834E+00   0.45695041272231E-02  -0.21862642760787E+03
 0.49731528978123429E+00   0.49268906624595E-02  -0.20275191582817E+03
 0.49750819183036682E+00   0.53099182378730E-02  -0.18811080054987E+03
 0.49768638752688954E+00   0.57204257387563E-02  -0.17459597077562E+03
 0.49785111560574258E+00   0.61603838164655E-02  -0.16211116606705E+03
 0.49800349445610442E+00   0.66319043134761E-02  -0.15056966796078E+03
 0.49814453595808139E+00   0.71372503601200E-02  -0.13989317716918E+03
 0.49827515744629497E+00   0.76788471905016E-02  -0.13001084634779E+03
 0.49839619209166364E+00   0.82592937283951E-02  -0.12085844369611E+03
 0.49850839794193091E+00   0.88813749974526E-02  -0.11237762705995E+03
 0.49861246582046076E+00   0.95480754138094E-02  -0.10451531174339E+03
 0.49870902624950897E+00   0.10262593023187E-01  -0.97223118100276E+02
 0.49879865553698094E+00   0.11028354748868E-01  -0.90456887299795E+02
 0.49888188114340432E+00   0.11849032721462E-01  -0.84176255558125E+02
 0.49895918642749720E+00   0.12728561766261E-01  -0.78344278683386E+02
 0.49903101485354739E+00   0.13671158129094E-01  -0.72927100061810E+02
 0.49909777373123704E+00   0.14681339527142E-01  -0.67893656271524E+02
 0.49915983754806731E+00   0.15763946616981E-01  -0.63215415388886E+02
 0.49921755094577347E+00   0.16924165978315E-01  -0.58866143784043E+02
 0.49927123138477925E+00   0.18167554718499E-01  -0.54821697814207E+02
 0.49932117153454758E+00   0.19500066809896E-01  -0.51059837336293E+02
 0.49936764142247103E+00   0.20928081279553E-01  -0.47560058392576E+02
 0.49941089036951647E+00   0.22458432378533E-01  -0.44303442787721E+02
 0.49945114873708674E+00   0.24098441866553E-01  -0.41272522584515E+02
 0.49948862950636130E+00   0.25855953556357E-01  -0.38451157808047E+02
 0.49952352970864222E+00   0.27739370271550E-01  -0.35824425871726E+02
 0.49955603172289226E+00   0.29757693381404E-01  -0.33378521429533E+02
 0.49958630445463947E+00   0.31920565086455E-01  -0.31100665522602E+02
 0.49961450440869098E+00   0.34238313639551E-01  -0.28979023028795E+02
 0.49964077666660378E+00   0.36722001698414E-01  -0.27002627545006E+02
 0.49966525577856558E+00   0.39383478017693E-01  -0.25161312936443E+02
 0.49968806657821929E+00   0.42235432700963E-01  -0.23445650877608E+02
 0.49970932492798470E+00   0.45291456246181E-01  -0.21846893788124E+02
 0.49972913840158517E+00   0.48566102631601E-01  -0.20356922634834E+02
 0.49974760690974196E+00   0.52074956703276E-01  -0.18968199131003E+02
 0.49976482327434923E+00   0.55834706139791E-01  -0.17673721915426E+02
 0.49978087375587377E+00   0.59863218284852E-01  -0.16466986339651E+02
 0.49979583853822229E+00   0.64179622153785E-01  -0.15341947531442E+02
 0.49980979217487664E+00   0.68804395935657E-01  -0.14292986437596E+02
 0.49982280399971069E+00   0.73759460328728E-01  -0.13314878580112E+02
 0.49983493850555516E+00   0.79068278063012E-01  -0.12402765286923E+02
 0.49984625569327668E+00   0.84755959979821E-01  -0.11552127182444E+02
 0.49985681139386118E+00   0.90849378054143E-01  -0.10758759744500E+02
 0.49986665756575926E+00   0.97377285761297E-01  -0.10018750753065E+02
 0.49987584256953027E+00   0.10437044620442E+00  -0.93284594729893E+01
 0.49988441142163831E+00   0.11186176843355E+00  -0.86844974277854E+01
 0.49989240602908086E+00   0.11988645240026E+00  -0.80837106347602E+01
 0.49989986540638270E+00   0.12848214300340E+00  -0.75231631835437E+01
 0.49990682587635049E+00   0.13768909369134E+00  -0.70001220505160E+01
 0.49991332125586924E+00   0.14755034009334E+00  -0.65120430509138E+01
 0.49991938302791261E+00   0.15811188415740E+00  -0.60565578386236E+01
 0.49992504050084624E+00   0.16942288927237E+00  -0.56314618709497E+01
 0.49993032095602186E+00   0.18153588684917E+00  -0.52347032620572E+01
 0.49993524978458592E+00   0.19450699482699E+00  -0.48643724544341E+01
 0.49993985061436574E+00   0.20839614855590E+00  -0.45186926426404E+01
 0.49994414542763638E+00   0.22326734448556E+00  -0.41960108879095E+01
 0.49994815467052683E+00   0.23918889705942E+00  -0.38947898658854E+01
 0.49995189735478451E+00   0.25623370917446E+00  -0.36136001930020E+01
 0.49995539115257459E+00   0.27447955651526E+00  -0.33511132798069E+01
 0.49995865248496452E+00   0.29400938600797E+00  -0.31060946619807E+01
 0.49996169660471662E+00   0.31491162856155E+00  -0.28773977620094E+01
 0.49996453767397719E+00   0.33728052616913E+00  -0.26639580365239E+01
 0.49996718883743480E+00   0.36121647332923E+00  -0.24647874663575E+01
 0.49996966229148404E+00   0.38682637261280E+00  -0.22789693485272E+01
 0.49997196934990218E+00   0.41422400404472E+00  -0.21056533517525E+01
 0.49997412050651163E+00   0.44353040778554E+00  -0.19440507999656E+01
 0.49997612549525033E+00   0.47487427938818E+00  -0.17934301516772E+01
 0.49997799334802318E+00   0.50839237666158E+00  -0.16531126472074E+01
 0.49997973245063654E+00   0.54422993689737E+00  -0.15224681008012E+01
 0.49998135059704213E+00   0.58254110290335E+00  -0.14009108205952E+01
 0.49998285504202344E+00   0.62348935593563E+00  -0.12878956463408E+01
 0.49998425255235152E+00   0.66724795322943E+00  -0.11829141026381E+01
 0.49998554945632678E+00   0.71400036739287E+00  -0.10854906740543E+01
 0.49998675169149787E+00   0.76394072444865E+00  -0.99517921759854E+00
 0.49998786485022961E+00   0.81727423678444E+00  -0.91155953719277E+00
 0.49998889422267545E+00   0.87421762670440E+00  -0.83423415345735E+00
 0.49998984483661024E+00   0.93499953566278E+00  -0.76282530965655E+00
 0.49999072149350371E+00   0.99986091361083E+00  -0.69697226025791E+00
 0.49999152880017911E+00   0.10690553822024E+01  -0.63632889145575E+00
 0.49999227119540302E+00   0.11428495648913E+01  -0.58056172242936E+00
 0.49999295297082491E+00   0.12215233762238E+01  -0.52934833141155E+00
 0.49999357828579738E+00   0.13053702618907E+01  -0.48237624140978E+00
 0.49999415117580059E+00   0.13946973803820E+01  -0.43934228654588E+00
 0.49999467555443239E+00   0.14898257163832E+01  -0.39995246175486E+00
 0.49999515520921939E+00   0.15910901154124E+01  -0.36392223676624E+00
 0.49999559379182379E+00   0.16988392286241E+01  -0.33097729111526E+00
 0.49999599480355206E+00   0.18134353562483E+01  -0.30085460208083E+00
 0.49999636157738597E+00   0.19352541778144E+01  -0.27330379395643E+00
 0.49999669725801948E+00   0.20646843571704E+01  -0.24808863715882E+00
 0.49999700478157322E+00   0.22021270103889E+01  -0.22498857157076E+00
 0.49999728685674460E+00   0.23479950249930E+01  -0.20380012210641E+00
 0.49999754594911605E+00   0.25027122195788E+01  -0.18433807712019E+00
 0.49999778427018016E+00   0.26667123339008E+01  -0.16643631245994E+00
 0.49999800377236148E+00   0.28404378408543E+01  -0.14994816522353E+00
 0.49999820615092516E+00   0.30243385735729E+01  -0.13474629015106E+00
 0.49999839285321085E+00   0.32188701630746E+01  -0.12072196581991E+00
 0.49999856509513763E+00   0.34244922845610E+01  -0.10778385474813E+00
 0.49999872388443006E+00   0.36416667135785E+01  -0.95856258590109E-01
 0.49999887004955096E+00   0.38708551967931E+01  -0.84876944787276E-01
 0.49999900427289667E+00   0.41125171460457E+01  -0.74794652941990E-01
 0.49999912712644901E+00   0.43671071685993E+01  -0.65566416784721E-01
 0.49999923910778166E+00   0.46350724509653E+01  -0.57154859468698E-01
 0.49999934067414326E+00   0.49168500183013E+01  -0.49525633348408E-01
 0.49999943227233151E+00   0.52128638959647E+01  -0.42645175999277E-01
 0.49999951436230389E+00   0.55235222042457E+01  -0.36478936582744E-01
 0.49999958743301665E+00   0.58492142214126E+01  -0.30990186181214E-01
 0.49999965200982782E+00   0.61903074538070E+01  -0.26139461621138E-01
 0.49999970865389720E+00   0.65471447546554E+01  -0.21884610591782E-01
 0.49999975795513590E+00   0.69200415353393E+01  -0.18181321192641E-01
 0.49999980052113818E+00   0.73092831139412E+01  -0.14983953327545E-01
 0.49999983696484313E+00   0.77151222458371E+01  -0.12246465509410E-01
 0.49999986789326406E+00   0.81377768798438E+01  -0.99232614268726E-02
 0.49999989389859811E+00   0.85774281809213E+01  -0.79698577437757E-02
 0.49999991555179735E+00   0.90342188566791E+01  -0.63433670037298E-02
 0.49999993339778182E+00   0.95082518200100E+01  -0.50028571861451E-02
 0.49999994795124880E+00   0.99995892142010E+01  -0.39096664871870E-02
 0.49999995969243494E+00   0.10508251820010E+02  -0.30277216750446E-02
 0.49999996906285110E+00   0.11034218856679E+02  -0.23238584138909E-02
 0.49999997646152639E+00   0.11577428180921E+02  -0.17681034163538E-02
 0.49999998224243780E+00   0.12137776879844E+02  -0.13338675356414E-02
 0.49999998671360957E+00   0.12715122245837E+02  -0.99801337120917E-03
 0.49999999013801860E+00   0.13309283113941E+02  -0.74078728662939E-03
 0.49999999273610918E+00   0.13920041535339E+02  -0.54563049862254E-03
 0.49999999468951406E+00   0.14547144754655E+02  -0.39889957844040E-03
 0.49999999614550594E+00   0.15190307453807E+02  -0.28953207015639E-03
 0.49999999722173710E+00   0.15849214221413E+02  -0.20869047101107E-03
 0.49999999801091405E+00   0.16523522204246E+02  -0.14941107925632E-03
 0.49999999858516214E+00   0.17212863895965E+02  -0.10627617145424E-03
 0.49999999899993253E+00   0.17916850018301E+02  -0.75120500204778E-04
 0.49999999929738664E+00   0.18635072450965E+02  -0.52777095070011E-04
 0.49999999950924845E+00   0.19367107168599E+02  -0.36862993804086E-04
 0.49999999965915454E+00   0.20112517146046E+02  -0.25602734986543E-04
 0.49999999999999978E+00   0.20870855196793E+02  -0.60992877415345E-14
 0.50000000000000000E+00   0.21641666713578E+02  -0.19914625504214E-14
 0.50000000000000000E+00   0.22424492284561E+02  -0.63837823915947E-15
 0.50000000000000000E+00   0.23218870163075E+02  -0.19428902930940E-15
 0.50000000000000000E+00   0.24024338573573E+02  -0.62450045135165E-16
 0.50000000000000000E+00   0.24840437840854E+02  -0.20816681711722E-16
 0.50000000000000000E+00   0.25666712333901E+02  -0.69388939039072E-17
 0.50000000000000000E+00   0.26502712219579E+02  -0.69388939039072E-17
 0.50000000000000000E+00   0.27347995024993E+02  -0.69388939039072E-17
 0.50000000000000000E+00   0.28202127010389E+02   0.00000000000000E+00
 0.50000000000000000E+00   0.29064684357170E+02   0.00000000000000E+00
 0.50000000000000000E+00   0.29935254177814E+02   0.00000000000000E+00
 0.50000000000000000E+00   0.30813435356248E+02   0.00000000000000E+00
 0.50000000000000000E+00   0.31698839228624E+02   0.00000000000000E+00
 0.50000000000000000E+00   0.32591090115412E+02   0.00000000000000E+00
 0.50000000000000000E+00   0.33489825716383E+02   0.00000000000000E+00
 0.50000000000000000E+00   0.34394697380382E+02   0.34694469519536E-17
 0.50000000000000000E+00   0.35305370261891E+02   0.00000000000000E+00
 0.50000000000000000E+00   0.36221523376224E+02  -0.34694469519536E-17
 0.50000000000000000E+00   0.37142849564891E+02   0.34694469519536E-17
 0.50000000000000000E+00   0.38069055382202E+02  -0.34694469519536E-17
 0.50000000000000000E+00   0.38999860913611E+02   0.00000000000000E+00
 0.50000000000000000E+00   0.39934999535663E+02   0.34694469519536E-17
 0.50000000000000000E+00   0.40874217626704E+02   0.00000000000000E+00
