 0.47167950373421075E+00   0.97578195523695E-18  -0.22550346177579E+04
 0.47168724885124746E+00   0.29483069282768E-04  -0.22543808910808E+04
 0.47171272089515059E+00   0.61082173640461E-04  -0.22522310743699E+04
 0.47175964781513285E+00   0.94949178290611E-04  -0.22482710939747E+04
 0.47183228369796898E+00   0.13124684686428E-03  -0.22421431873341E+04
 0.47193543545613259E+00   0.17014962340302E-03  -0.22334440585921E+04
 0.47207447241358091E+00   0.21184447044981E-03  -0.22217246278876E+04
 0.47225531015807914E+00   0.25653176725507E-03  -0.22064921316559E+04
 0.47248435783723453E+00   0.30442627240692E-03  -0.21872155077364E+04
 0.47276841594896751E+00   0.35575815550320E-03  -0.21633351587384E+04
 0.47311450993607518E+00   0.41077410281323E-03  -0.21342782977671E+04
 0.47352964426191624E+00   0.46973850223137E-03  -0.20994810761460E+04
 0.47402046303649431E+00   0.53293471320370E-03  -0.20584184928019E+04
 0.47459280797401915E+00   0.60066642771546E-03  -0.20106425829094E+04
 0.47525117401096117E+00   0.67325912886222E-03  -0.19558284647281E+04
 0.47599807878819356E+00   0.75106165399386E-03  -0.18938263927627E+04
 0.47683338528224650E+00   0.83444786992019E-03  -0.18247159990572E+04
 0.47775364646865326E+00   0.92381846820159E-03  -0.17488565291164E+04
 0.47875157343878977E+00   0.10196028891215E-02  -0.16669244644776E+04
 0.47981575607187460E+00   0.11222613835509E-02  -0.15799281586432E+04
 0.48093077561825781E+00   0.12322872225722E-02  -0.14891889954503E+04
 0.48207782564343576E+00   0.13502090654347E-02  -0.13962812337178E+04
 0.48323588806035944E+00   0.14765934971652E-02  -0.13029289395859E+04
 0.48438339219463789E+00   0.16120477479678E-02  -0.12108680435226E+04
 0.48550013695099403E+00   0.17572226074079E-02  -0.11216927219501E+04
 0.48656912656950779E+00   0.19128155473023E-02  -0.10367142446110E+04
 0.48757792381533316E+00   0.20795740682274E-02  -0.95686245234336E+03
 0.48851921198897408E+00   0.22582992856177E-02  -0.88265179412179E+03
 0.48939047598559809E+00   0.24498497725618E-02  -0.81421621137192E+03
 0.49019298399519318E+00   0.26551456776172E-02  -0.75139647142250E+03
 0.49093044884847670E+00   0.28751731372654E-02  -0.69384934663703E+03
 0.49160777379267973E+00   0.31109890040199E-02  -0.64114727076767E+03
 0.49223014478287208E+00   0.33637259126873E-02  -0.59284898071475E+03
 0.49280252384377909E+00   0.36345977088734E-02  -0.54853793796091E+03
 0.49332944777537890E+00   0.39249052655295E-02  -0.50783672774006E+03
 0.49381499506959642E+00   0.42360427151559E-02  -0.47040847207659E+03
 0.49426281883515427E+00   0.45695041272231E-02  -0.43595331097296E+03
 0.49467619479615038E+00   0.49268906624595E-02  -0.40420390332094E+03
 0.49505806698874166E+00   0.53099182378730E-02  -0.37492126224843E+03
 0.49541108764763353E+00   0.57204257387563E-02  -0.34789116427617E+03
 0.49573765153081745E+00   0.61603838164655E-02  -0.32292108696887E+03
 0.49603992549701653E+00   0.66319043134761E-02  -0.29983759176928E+03
 0.49631987408301748E+00   0.71372503601200E-02  -0.27848407840280E+03
 0.49657928170207788E+00   0.76788471905016E-02  -0.25871885041626E+03
 0.49681977197681426E+00   0.82592937283951E-02  -0.24041344238483E+03
 0.49704282463250316E+00   0.88813749974526E-02  -0.22345116812345E+03
 0.49724979030564709E+00   0.95480754138094E-02  -0.20772585631940E+03
 0.49744190356464635E+00   0.10262593023187E-01  -0.19314074572587E+03
 0.49762029439186395E+00   0.11028354748868E-01  -0.17960751670642E+03
 0.49778599833721210E+00   0.11849032721462E-01  -0.16704543971422E+03
 0.49793996552102504E+00   0.12728561766261E-01  -0.15538062440137E+03
 0.49808306863711893E+00   0.13671158129094E-01  -0.14454535561443E+03
 0.49821611008456562E+00   0.14681339527142E-01  -0.13447750464964E+03
 0.49833982833799778E+00   0.15763946616981E-01  -0.12512000589819E+03
 0.49845490365057099E+00   0.16924165978315E-01  -0.11642039047581E+03
 0.49856196317049917E+00   0.18167554718499E-01  -0.10833036965419E+03
 0.49866158554092499E+00   0.19500066809896E-01  -0.10080546193860E+03
 0.49875430504344054E+00   0.20928081279553E-01  -0.93804658499760E+02
 0.49884061533754331E+00   0.22458432378533E-01  -0.87290122397912E+02
 0.49892097284148290E+00   0.24098441866553E-01  -0.81226917654615E+02
 0.49899579979409803E+00   0.25855953556357E-01  -0.75582764753132E+02
 0.49906548703224901E+00   0.27739370271550E-01  -0.70327819595324E+02
 0.49913039651414765E+00   0.29757693381404E-01  -0.65434473325223E+02
 0.49919086361518017E+00   0.31920565086455E-01  -0.60877170756827E+02
 0.49924719921962785E+00   0.34238313639551E-01  -0.56632245424836E+02
 0.49929969162892041E+00   0.36722001698414E-01  -0.52677769519203E+02
 0.49934860830466266E+00   0.39383478017693E-01  -0.48993417173362E+02
 0.49939419746258285E+00   0.42235432700963E-01  -0.45560339756808E+02
 0.49943668953174530E+00   0.45291456246181E-01  -0.42361051979493E+02
 0.49947629849177294E+00   0.48566102631601E-01  -0.39379327751711E+02
 0.49951322309945195E+00   0.52074956703276E-01  -0.36600104861744E+02
 0.49954764801486901E+00   0.55834706139791E-01  -0.34009397636935E+02
 0.49957974483617079E+00   0.59863218284852E-01  -0.31594216844199E+02
 0.49960967305110171E+00   0.64179622153785E-01  -0.29342496164963E+02
 0.49963758091265570E+00   0.68804395935657E-01  -0.27243024648659E+02
 0.49966360624545436E+00   0.73759460328728E-01  -0.25285384609491E+02
 0.49968787718883362E+00   0.79068278063012E-01  -0.23459894484237E+02
 0.49971051288205987E+00   0.84755959979821E-01  -0.21757556215341E+02
 0.49973162409661248E+00   0.90849378054143E-01  -0.20170006764230E+02
 0.49975131382003796E+00   0.97377285761297E-01  -0.18689473395366E+02
 0.49976967779550791E+00   0.10437044620442E+00  -0.17308732402577E+02
 0.49978680502088652E+00   0.11186176843355E+00  -0.16021070976268E+02
 0.49980277821082730E+00   0.11988645240026E+00  -0.14820251933650E+02
 0.49981767422517281E+00   0.12848214300340E+00  -0.13700481054571E+02
 0.49983156446671351E+00   0.13768909369134E+00  -0.12656376783349E+02
 0.49984451525117235E+00   0.14755034009334E+00  -0.11682942072600E+02
 0.49985658815211698E+00   0.15811188415740E+00  -0.10775538158833E+02
 0.49986784032334292E+00   0.16942288927237E+00  -0.99298600720688E+01
 0.49987832480113537E+00   0.18153588684917E+00  -0.91419136933101E+01
 0.49988809078867091E+00   0.19450699482699E+00  -0.84079941850041E+01
 0.49989718392468152E+00   0.20839614855590E+00  -0.77246656310733E+01
 0.49990564653834219E+00   0.22326734448556E+00  -0.70887417353764E+01
 0.49991351789217425E+00   0.23918889705942E+00  -0.64972674410494E+01
 0.49992083441455293E+00   0.25623370917446E+00  -0.59475013486845E+01
 0.49992762992317236E+00   0.27447955651526E+00  -0.54368988291783E+01
 0.49993393584055545E+00   0.29400938600797E+00  -0.49630957477011E+01
 0.49993978140238382E+00   0.31491162856155E+00  -0.45238927387964E+01
 0.49994519385907232E+00   0.33728052616913E+00  -0.41172399990446E+01
 0.49995019867063317E+00   0.36121647332923E+00  -0.37412225926845E+01
 0.49995481969446537E+00   0.38682637261280E+00  -0.33940462963199E+01
 0.49995907936529072E+00   0.41422400404472E+00  -0.30740240402463E+01
 0.49996299886605061E+00   0.44353040778554E+00  -0.27795630344377E+01
 0.49996659828821455E+00   0.47487427938818E+00  -0.25091526949358E+01
 0.49996989677964582E+00   0.50839237666158E+00  -0.22613535090465E+01
 0.49997291267797317E+00   0.54422993689737E+00  -0.20347869930001E+01
 0.49997566362734081E+00   0.58254110290335E+00  -0.18281269012495E+01
 0.49997816667649464E+00   0.62348935593563E+00  -0.16400918403126E+01
 0.49998043835642547E+00   0.66724795322943E+00  -0.14694394205235E+01
 0.49998249473623346E+00   0.71400036739287E+00  -0.13149620455659E+01
 0.49998435145650777E+00   0.76394072444865E+00  -0.11754843925970E+01
 0.49998602374030254E+00   0.81727423678444E+00  -0.10498625766930E+01
 0.49998752638269667E+00   0.87421762670440E+00  -0.93698492510129E+00
 0.49998887372090706E+00   0.93499953566278E+00  -0.83577421336476E+00
 0.49999007958790126E+00   0.99986091361083E+00  -0.74519114181989E+00
 0.49999115725336329E+00   0.10690553822024E+01  -0.66423876291381E+00
 0.49999211935662125E+00   0.11428495648913E+01  -0.59196751318649E+00
 0.49999297783666652E+00   0.12215233762238E+01  -0.52748046429994E+00
 0.49999374386463358E+00   0.13053702618907E+01  -0.46993839009894E+00
 0.49999442778399106E+00   0.13946973803820E+01  -0.41856425497018E+00
 0.49999503906322440E+00   0.14898257163832E+01  -0.37264676450877E+00
 0.49999558626495294E+00   0.15910901154124E+01  -0.33154268215676E+00
 0.49999607703428084E+00   0.16988392286241E+01  -0.29467770177513E+00
 0.49999651810779061E+00   0.18134353562483E+01  -0.26154576981742E+00
 0.49999691534310864E+00   0.19352541778144E+01  -0.23170686276609E+00
 0.49999727376751518E+00   0.20646843571704E+01  -0.20478333430289E+00
 0.49999759764283674E+00   0.22021270103889E+01  -0.18045503974493E+00
 0.49999789054298110E+00   0.23479950249930E+01  -0.15845351100147E+00
 0.49999815544007015E+00   0.25027122195788E+01  -0.13855548592760E+00
 0.49999839479519553E+00   0.26667123339008E+01  -0.12057609059840E+00
 0.49999861065026402E+00   0.28404378408543E+01  -0.10436193988970E+00
 0.49999880471798464E+00   0.30243385735729E+01  -0.89784377676792E-01
 0.49999897846750480E+00   0.32188701630746E+01  -0.76733044010824E-01
 0.49999913320329425E+00   0.34244922845610E+01  -0.65109949514365E-01
 0.49999927013458451E+00   0.36416667135785E+01  -0.54824259282020E-01
 0.49999939043223263E+00   0.38708551967931E+01  -0.45788021429304E-01
 0.49999949526977938E+00   0.41125171460457E+01  -0.37913082921088E-01
 0.49999958584624499E+00   0.43671071685993E+01  -0.31109377192322E-01
 0.49999966339016472E+00   0.46350724509653E+01  -0.25284620950882E-01
 0.49999972914732671E+00   0.49168500183013E+01  -0.20345235224459E-01
 0.49999978435781056E+00   0.52128638959647E+01  -0.16198070078392E-01
 0.49999983022990707E+00   0.55235222042457E+01  -0.12752363614732E-01
 0.49999986791805734E+00   0.58492142214126E+01  -0.99213990157030E-02
 0.49999989850883186E+00   0.61903074538070E+01  -0.76235577305288E-02
 0.49999992301456503E+00   0.65471447546554E+01  -0.57827975477396E-02
 0.49999994237102774E+00   0.69200415353393E+01  -0.43288274920493E-02
 0.49999995743515363E+00   0.73092831139412E+01  -0.31972784541717E-02
 0.49999996898098598E+00   0.77151222458371E+01  -0.23300077789919E-02
 0.49999997769466609E+00   0.81377768798438E+01  -0.16754755841287E-02
 0.49999998417071340E+00   0.85774281809213E+01  -0.11890242533588E-02
 0.49999998891158526E+00   0.90342188566791E+01  -0.83291144204256E-03
 0.49999999233131032E+00   0.95082518200100E+01  -0.57603720023217E-03
 0.49999999476275925E+00   0.99995892142010E+01  -0.39339777858663E-03
 0.49999999646739507E+00   0.10508251820010E+02  -0.26535326648744E-03
 0.49999999764616654E+00   0.11034218856679E+02  -0.17680929830372E-03
 0.49999999845040405E+00   0.11577428180921E+02  -0.11639863403412E-03
 0.49999999899191633E+00   0.12137776879844E+02  -0.75722680121154E-04
 0.49999999935183648E+00   0.12715122245837E+02  -0.48687107690737E-04
 0.49999999958803520E+00   0.13309283113941E+02  -0.30944948548689E-04
 0.49999999969931963E+00   0.13920041535339E+02  -0.22585751908027E-04
 0.50000000000000000E+00   0.14547144754655E+02  -0.74940054162198E-15
 0.50000000000000000E+00   0.15190307453807E+02  -0.83266726846887E-16
 0.50000000000000000E+00   0.15849214221413E+02   0.83266726846887E-16
 0.50000000000000000E+00   0.16523522204246E+02   0.97144514654701E-16
 0.50000000000000000E+00   0.17212863895965E+02   0.97144514654701E-16
 0.50000000000000000E+00   0.17916850018301E+02   0.83266726846887E-16
 0.50000000000000000E+00   0.18635072450965E+02   0.97144514654701E-16
 0.50000000000000000E+00   0.19367107168599E+02   0.97144514654701E-16
 0.50000000000000000E+00   0.20112517146046E+02   0.83266726846887E-16
 0.50000000000000000E+00   0.20870855196793E+02   0.97144514654701E-16
 0.50000000000000000E+00   0.21641666713578E+02   0.83266726846887E-16
 0.50000000000000000E+00   0.22424492284561E+02   0.83266726846887E-16
 0.50000000000000000E+00   0.23218870163075E+02   0.69388939039072E-16
 0.50000000000000000E+00   0.24024338573573E+02   0.69388939039072E-16
 0.50000000000000000E+00   0.24840437840854E+02   0.69388939039072E-16
 0.50000000000000000E+00   0.25666712333901E+02   0.69388939039072E-16
 0.50000000000000000E+00   0.26502712219579E+02   0.69388939039072E-16
 0.50000000000000000E+00   0.27347995024993E+02   0.69388939039072E-16
 0.50000000000000000E+00   0.28202127010389E+02   0.55511151231258E-16
 0.50000000000000000E+00   0.29064684357170E+02   0.69388939039072E-16
 0.50000000000000000E+00   0.29935254177814E+02   0.55511151231258E-16
 0.50000000000000000E+00   0.30813435356248E+02   0.55511151231258E-16
 0.50000000000000000E+00   0.31698839228624E+02   0.55511151231258E-16
 0.50000000000000000E+00   0.32591090115412E+02   0.55511151231258E-16
 0.50000000000000000E+00   0.33489825716383E+02   0.48572257327351E-16
 0.50000000000000000E+00   0.34394697380382E+02   0.55511151231258E-16
 0.50000000000000000E+00   0.35305370261891E+02   0.55511151231258E-16
 0.50000000000000000E+00   0.36221523376224E+02   0.55511151231258E-16
 0.50000000000000000E+00   0.37142849564891E+02   0.41633363423443E-16
 0.50000000000000000E+00   0.38069055382202E+02   0.48572257327351E-16
 0.50000000000000000E+00   0.38999860913611E+02   0.55511151231258E-16
 0.50000000000000000E+00   0.39934999535663E+02   0.48572257327351E-16
 0.50000000000000000E+00   0.40874217626704E+02   0.41633363423443E-16
