 0.22103906835696407E-01   0.97578195523695E-18  -0.81201454862182E+06
 0.22717289361746173E-01   0.29483069282768E-04  -0.78907550793459E+06
 0.24744721605805726E-01   0.61082173640461E-04  -0.72134619540646E+06
 0.28476925340570922E-01   0.94949178290611E-04  -0.62188376462273E+06
 0.34086516857906250E-01   0.13124684686428E-03  -0.51335998686698E+06
 0.41411538270798645E-01   0.17014962340302E-03  -0.41591168160457E+06
 0.49934215322943884E-01   0.21184447044981E-03  -0.33851438109852E+06
 0.59106007019274903E-01   0.25653176725507E-03  -0.28015728116186E+06
 0.68627915392356797E-01   0.30442627240692E-03  -0.23607531714905E+06
 0.78405500839499917E-01   0.35575815550320E-03  -0.20195181142748E+06
 0.88411770991809108E-01   0.41077410281323E-03  -0.17484459261279E+06
 0.98629061691640457E-01   0.46973850223137E-03  -0.15284117620365E+06
 0.10903882478825704E+00   0.53293471320370E-03  -0.13466409529075E+06
 0.11962089882187354E+00   0.60066642771546E-03  -0.11942876306639E+06
 0.13035361038555771E+00   0.67325912886222E-03  -0.10650322329631E+06
 0.14121393220244174E+00   0.75106165399386E-03  -0.95423945829158E+05
 0.15217766667544164E+00   0.83444786992019E-03  -0.85843198297056E+05
 0.16321965168724986E+00   0.92381846820159E-03  -0.77494992638637E+05
 0.17431398511183743E+00   0.10196028891215E-02  -0.70172382905856E+05
 0.18543426389912146E+00   0.11222613835509E-02  -0.63711932283541E+05
 0.19655383309566565E+00   0.12322872225722E-02  -0.57982840081418E+05
 0.20764603982705157E+00   0.13502090654347E-02  -0.52879175355996E+05
 0.21868448709600952E+00   0.14765934971652E-02  -0.48314228671300E+05
 0.22964328225905706E+00   0.16120477479678E-02  -0.44216337329791E+05
 0.24049727523069100E+00   0.17572226074079E-02  -0.40525754294236E+05
 0.25122228181924500E+00   0.19128155473023E-02  -0.37192268550694E+05
 0.26179528810366948E+00   0.20795740682274E-02  -0.34173374585907E+05
 0.27219463239014619E+00   0.22582992856177E-02  -0.31432848601266E+05
 0.28240016201037826E+00   0.24498497725618E-02  -0.28939629765134E+05
 0.29239336300515145E+00   0.26551456776172E-02  -0.26666932860236E+05
 0.30215746154167211E+00   0.28751731372654E-02  -0.24591538321350E+05
 0.31167749670684286E+00   0.31109890040199E-02  -0.22693219595513E+05
 0.32094036506952461E+00   0.33637259126873E-02  -0.20954277774265E+05
 0.32993483808619251E+00   0.36345977088734E-02  -0.19359160732769E+05
 0.33865155401500885E+00   0.39249052655295E-02  -0.17894149367664E+05
 0.34708298648841596E+00   0.42360427151559E-02  -0.16547097505038E+05
 0.35522339226534477E+00   0.45695041272231E-02  -0.15307215034861E+05
 0.36306874093866975E+00   0.49268906624595E-02  -0.14164886087231E+05
 0.37061662951450625E+00   0.53099182378730E-02  -0.13111515790185E+05
 0.37786618481484952E+00   0.57204257387563E-02  -0.12139400475596E+05
 0.38481795659473522E+00   0.61603838164655E-02  -0.11241617228454E+05
 0.39147380412294047E+00   0.66319043134761E-02  -0.10411929478279E+05
 0.39783677876598722E+00   0.71372503601200E-02  -0.96447059633047E+04
 0.40391100485428078E+00   0.76788471905016E-02  -0.89348508983340E+04
 0.40970156081198966E+00   0.82592937283951E-02  -0.82777435757266E+04
 0.41521436221373287E+00   0.88813749974526E-02  -0.76691859483527E+04
 0.42045604810566706E+00   0.95480754138094E-02  -0.71053570006130E+04
 0.42543387161014606E+00   0.10262593023187E-01  -0.65827729216717E+04
 0.43015559553569627E+00   0.11028354748868E-01  -0.60982522636234E+04
 0.43462939345242035E+00   0.11849032721462E-01  -0.56488854036596E+04
 0.43886375648386966E+00   0.12728561766261E-01  -0.52320077386323E+04
 0.44286740593018104E+00   0.13671158129094E-01  -0.48451761262403E+04
 0.44664921179888917E+00   0.14681339527142E-01  -0.44861481514091E+04
 0.45021811740862089E+00   0.15763946616981E-01  -0.41528638401906E+04
 0.45358307047438273E+00   0.16924165978315E-01  -0.38434294671581E+04
 0.45675296148801448E+00   0.18167554718499E-01  -0.35561031076610E+04
 0.45973657071640250E+00   0.19500066809896E-01  -0.32892815802638E+04
 0.46254252556080167E+00   0.20928081279553E-01  -0.30414884246503E+04
 0.46517926995522224E+00   0.22458432378533E-01  -0.28113625992357E+04
 0.46765504636921629E+00   0.24098441866553E-01  -0.25976477043933E+04
 0.46997788844119592E+00   0.25855953556357E-01  -0.23991817665796E+04
 0.47215561880723428E+00   0.27739370271550E-01  -0.22148879063600E+04
 0.47419584422022532E+00   0.29757693381404E-01  -0.20437663998975E+04
 0.47610594111055848E+00   0.31920565086455E-01  -0.18848885327500E+04
 0.47789303010614370E+00   0.34238313639551E-01  -0.17373921970798E+04
 0.47956394501409166E+00   0.36722001698414E-01  -0.16004786377210E+04
 0.48112520589827290E+00   0.39383478017693E-01  -0.14734094678325E+04
 0.48258300482794825E+00   0.42235432700963E-01  -0.13555032138151E+04
 0.48394320808492086E+00   0.45291456246181E-01  -0.12461310672195E+04
 0.48521137331931113E+00   0.48566102631601E-01  -0.11447119514535E+04
 0.48639277656500490E+00   0.52074956703276E-01  -0.10507072837143E+04
 0.48749244260089375E+00   0.55834706139791E-01  -0.96361590705852E+03
 0.48851517231854519E+00   0.59863218284852E-01  -0.88296963820824E+03
 0.48946556192196033E+00   0.64179622153785E-01  -0.80832977633346E+03
 0.49034801067654582E+00   0.68804395935657E-01  -0.73928476843409E+03
 0.49116671659973610E+00   0.73759460328728E-01  -0.67544902319711E+03
 0.49192566310215535E+00   0.79068278063012E-01  -0.61646259457688E+03
 0.49262860395851521E+00   0.84755959979821E-01  -0.56199113291987E+03
 0.49327905769615460E+00   0.90849378054143E-01  -0.51172523343751E+03
 0.49388032186025965E+00   0.97377285761297E-01  -0.46537837859421E+03
 0.49443550789831509E+00   0.10437044620442E+00  -0.42268342862649E+03
 0.49494757992568700E+00   0.11186176843355E+00  -0.38338894888570E+03
 0.49541937078457476E+00   0.11988645240026E+00  -0.34725739151898E+03
 0.49585356431864175E+00   0.12848214300340E+00  -0.31406593760348E+03
 0.49625266389494183E+00   0.13768909369134E+00  -0.28360843262082E+03
 0.49661898042481895E+00   0.14755034009334E+00  -0.25569587072663E+03
 0.49695465623196500E+00   0.15811188415740E+00  -0.23015419943288E+03
 0.49726171524789009E+00   0.16942288927237E+00  -0.20682018760805E+03
 0.49754211630925038E+00   0.18153588684917E+00  -0.18553712473484E+03
 0.49779778727347590E+00   0.19450699482699E+00  -0.16615202918461E+03
 0.49803062658416447E+00   0.20839614855590E+00  -0.14851535710846E+03
 0.49824247070870364E+00   0.22326734448556E+00  -0.13248331016414E+03
 0.49843503903613057E+00   0.23918889705942E+00  -0.11792185099908E+03
 0.49860988206834378E+00   0.25623370917446E+00  -0.10471046958623E+03
 0.49876836891970627E+00   0.27447955651526E+00  -0.92742987116293E+02
 0.49891173679552503E+00   0.29400938600797E+00  -0.81923701790977E+02
 0.49904116882114441E+00   0.31491162856155E+00  -0.72161427625663E+02
 0.49915781687387428E+00   0.33728052616913E+00  -0.63367708504597E+02
 0.49926274246490560E+00   0.36121647332923E+00  -0.55461218298028E+02
 0.49935685294914478E+00   0.38682637261280E+00  -0.48372508725524E+02
 0.49944090430107102E+00   0.41422400404472E+00  -0.42043744327700E+02
 0.49951556100097244E+00   0.44353040778554E+00  -0.36424149474293E+02
 0.49958146642021728E+00   0.47487427938818E+00  -0.31464680995224E+02
 0.49963929052264811E+00   0.50839237666158E+00  -0.27114419667929E+02
 0.49968974487844708E+00   0.54422993689737E+00  -0.23319426540368E+02
 0.49973357003290364E+00   0.58254110290335E+00  -0.20023679716758E+02
 0.49977150690364253E+00   0.62348935593563E+00  -0.17171211357304E+02
 0.49980426496384645E+00   0.66724795322943E+00  -0.14708485475972E+02
 0.49983249754437514E+00   0.71400036739287E+00  -0.12586240683625E+02
 0.49985678988645815E+00   0.76394072444865E+00  -0.10760375736423E+02
 0.49987765965434683E+00   0.81727423678444E+00  -0.91919005835554E+01
 0.49989556437664012E+00   0.87421762670440E+00  -0.78463689076612E+01
 0.49991090876264094E+00   0.93499953566278E+00  -0.66933220253308E+01
 0.49992404844466248E+00   0.99986091361083E+00  -0.57060028747991E+01
 0.49993529190066582E+00   0.10690553822024E+01  -0.48612078491714E+01
 0.49994490387809581E+00   0.11428495648913E+01  -0.41390266995982E+01
 0.49995311125822972E+00   0.12215233762238E+01  -0.35223997876007E+01
 0.49996010979742256E+00   0.13053702618907E+01  -0.29966100365140E+01
 0.49996606981735858E+00   0.13946973803820E+01  -0.25488542850223E+01
 0.49997113998497683E+00   0.14898257163832E+01  -0.21679584739614E+01
 0.49997544944653627E+00   0.15910901154124E+01  -0.18442166994833E+01
 0.49997910914331700E+00   0.16988392286241E+01  -0.15692919023024E+01
 0.49998221317108055E+00   0.18134353562483E+01  -0.13361133878357E+01
 0.49998484076511601E+00   0.19352541778144E+01  -0.11387274439785E+01
 0.49998705904931356E+00   0.20646843571704E+01  -0.97209063846488E+00
 0.49998892617032009E+00   0.22021270103889E+01  -0.83183424659977E+00
 0.49999049401701545E+00   0.23479950249930E+01  -0.71405987151239E+00
 0.49999180972754020E+00   0.25027122195788E+01  -0.61522617070405E+00
 0.49999291579387439E+00   0.26667123339008E+01  -0.53214094972567E+00
 0.49999384938397762E+00   0.28404378408543E+01  -0.46201204223533E+00
 0.49999464179383718E+00   0.30243385735729E+01  -0.40248844003161E+00
 0.49999531854737389E+00   0.32188701630746E+01  -0.35165276521823E+00
 0.49999590009183703E+00   0.34244922845610E+01  -0.30796901740704E+00
 0.49999640275574270E+00   0.36416667135785E+01  -0.27021060500127E+00
 0.49999683966935293E+00   0.38708551967931E+01  -0.23739119407964E+00
 0.49999722149917658E+00   0.41125171460457E+01  -0.20870953008814E+00
 0.49999755697475934E+00   0.43671071685993E+01  -0.18350986379141E+00
 0.49999785324991697E+00   0.46350724509653E+01  -0.16125481438336E+00
 0.49999811615634859E+00   0.49168500183013E+01  -0.14150631733551E+00
 0.49999835039888113E+00   0.52128638959647E+01  -0.12391095712974E+00
 0.49999855972506069E+00   0.55235222042457E+01  -0.10818722746223E+00
 0.49999874708597358E+00   0.58492142214126E+01  -0.94113450294685E-01
 0.49999891479336062E+00   0.61903074538070E+01  -0.81515973694005E-01
 0.49999906467074950E+00   0.65471447546554E+01  -0.70257819046796E-01
 0.49999919819280403E+00   0.69200415353393E+01  -0.60228213540634E-01
 0.49999931660632879E+00   0.73092831139412E+01  -0.51333500650548E-01
 0.49999942102746908E+00   0.77151222458371E+01  -0.43489838786989E-01
 0.49999951251191282E+00   0.81377768798438E+01  -0.36617927998281E-01
 0.49999959209780731E+00   0.85774281809213E+01  -0.30639786182540E-01
 0.49999966082415437E+00   0.90342188566791E+01  -0.25477367266009E-01
 0.49999971973007251E+00   0.95082518200100E+01  -0.21052616616958E-01
 0.49999976984192473E+00   0.99995892142010E+01  -0.17288437915539E-01
 0.49999981215546579E+00   0.10508251820010E+02  -0.14110034150163E-01
 0.49999984761879784E+00   0.11034218856679E+02  -0.11446187827516E-01
 0.49999987711952393E+00   0.11577428180921E+02  -0.92302259854709E-02
 0.49999990147694068E+00   0.12137776879844E+02  -0.74006066048176E-02
 0.49999992143833422E+00   0.12715122245837E+02  -0.59011967940021E-02
 0.49999993767784801E+00   0.13309283113941E+02  -0.46813578949765E-02
 0.49999995079674886E+00   0.13920041535339E+02  -0.36959253876221E-02
 0.49999996132464147E+00   0.14547144754655E+02  -0.29051177384165E-02
 0.49999996972170008E+00   0.15190307453807E+02  -0.22743687147901E-02
 0.49999997638212690E+00   0.15849214221413E+02  -0.17740676204694E-02
 0.49999998163887949E+00   0.16523522204246E+02  -0.13792041835439E-02
 0.49999998576945759E+00   0.17212863895965E+02  -0.10689338697816E-02
 0.49999998900235515E+00   0.17916850018301E+02  -0.82609325627381E-03
 0.49999999152372404E+00   0.18635072450965E+02  -0.63669945447442E-03
 0.49999999348384794E+00   0.19367107168599E+02  -0.48946383447168E-03
 0.49999999500313108E+00   0.20112517146046E+02  -0.37534216512425E-03
 0.49999999617742935E+00   0.20870855196793E+02  -0.28713419796889E-03
 0.49999999708265341E+00   0.21641666713578E+02  -0.21913786933947E-03
 0.49999999777865245E+00   0.22424492284561E+02  -0.16685757934631E-03
 0.49999999831243225E+00   0.23218870163075E+02  -0.12676245943233E-03
 0.49999999872078627E+00   0.24024338573573E+02  -0.96088756372570E-04
 0.49999999903242431E+00   0.24840437840854E+02  -0.72679913249996E-04
 0.49999999926968275E+00   0.25666712333901E+02  -0.54858135689173E-04
 0.49999999944988915E+00   0.26502712219579E+02  -0.41321842573883E-04
 0.49999999958644831E+00   0.27347995024993E+02  -0.31064143860782E-04
 0.49999999968970044E+00   0.28202127010389E+02  -0.23308309774261E-04
 0.50000000000000022E+00   0.29064684357170E+02   0.32023272922288E-10
 0.50000000000000022E+00   0.29935254177814E+02   0.31098679187380E-10
 0.50000000000000022E+00   0.30813435356248E+02   0.30215385748988E-10
 0.50000000000000022E+00   0.31698839228624E+02   0.29372504428693E-10
 0.50000000000000022E+00   0.32591090115412E+02   0.28568702958864E-10
 0.50000000000000022E+00   0.33489825716383E+02   0.27802204982663E-10
 0.50000000000000022E+00   0.34394697380382E+02   0.27071234143250E-10
 0.50000000000000022E+00   0.35305370261891E+02   0.26372681816156E-10
 0.50000000000000022E+00   0.36221523376224E+02   0.25705881867566E-10
 0.50000000000000022E+00   0.37142849564891E+02   0.25068391806826E-10
 0.50000000000000022E+00   0.38069055382202E+02   0.24458213232492E-10
 0.50000000000000022E+00   0.38999860913611E+02   0.23874235921539E-10
 0.50000000000000022E+00   0.39934999535663E+02   0.23315571695548E-10
 0.50000000000000022E+00   0.40874217626704E+02   0.22779556019259E-10
