 0.19982387790908468E-01   0.97578195523695E-18  -0.90221315889058E+06
 0.20539445758110272E-01   0.29483069282768E-04  -0.87672528072624E+06
 0.22381701382985942E-01   0.61082173640461E-04  -0.80146991567193E+06
 0.25776978389015888E-01   0.94949178290611E-04  -0.69095535649152E+06
 0.30889836289753968E-01   0.13124684686428E-03  -0.57037252145279E+06
 0.37583778780309711E-01   0.17014962340302E-03  -0.46209574876540E+06
 0.45397337203638879E-01   0.21184447044981E-03  -0.37609793494718E+06
 0.53836375473564957E-01   0.25653176725507E-03  -0.31125597563999E+06
 0.62631065825495755E-01   0.30442627240692E-03  -0.26227535310788E+06
 0.71697641332480549E-01   0.35575815550320E-03  -0.22435974965701E+06
 0.81013990825629129E-01   0.41077410281323E-03  -0.19424007779932E+06
 0.90566428538627050E-01   0.46973850223137E-03  -0.16979134783421E+06
 0.10034024633924743E+00   0.53293471320370E-03  -0.14959414669882E+06
 0.11031898992688398E+00   0.60066642771546E-03  -0.13266559598888E+06
 0.12048450456870997E+00   0.67325912886222E-03  -0.11830351895865E+06
 0.13081703638438563E+00   0.75106165399386E-03  -0.10599287977311E+06
 0.14129536156323516E+00   0.83444786992019E-03  -0.95347307470637E+05
 0.15189694190371664E+00   0.92381846820159E-03  -0.86071258644914E+05
 0.16259810464083715E+00   0.10196028891215E-02  -0.77934792691974E+05
 0.17337424379925973E+00   0.11222613835509E-02  -0.70756312867935E+05
 0.18420003961037767E+00   0.12322872225722E-02  -0.64390485108282E+05
 0.19504969194027483E+00   0.13502090654347E-02  -0.58719608668058E+05
 0.20589716320366330E+00   0.14765934971652E-02  -0.53647340256561E+05
 0.21671642591813428E+00   0.16120477479678E-02  -0.49094055365441E+05
 0.22748170989713351E+00   0.17572226074079E-02  -0.44993369255782E+05
 0.23816774409842428E+00   0.19128155473023E-02  -0.41289492880508E+05
 0.24874998833604486E+00   0.20795740682274E-02  -0.37935198933381E+05
 0.25920485041802521E+00   0.22582992856177E-02  -0.34890239825966E+05
 0.26950988477090271E+00   0.24498497725618E-02  -0.32120104593723E+05
 0.27964396922992590E+00   0.26551456776172E-02  -0.29595032904763E+05
 0.28958745737994790E+00   0.28751731372654E-02  -0.27289226165591E+05
 0.29932230459250975E+00   0.31109890040199E-02  -0.25180211203964E+05
 0.30883216668454938E+00   0.33637259126873E-02  -0.23248323139617E+05
 0.31810247088986676E+00   0.36345977088734E-02  -0.21476282148760E+05
 0.32712045955517088E+00   0.39249052655295E-02  -0.19848844780872E+05
 0.33587520762217604E+00   0.42360427151559E-02  -0.18352514908553E+05
 0.34435761551520228E+00   0.45695041272231E-02  -0.16975302708275E+05
 0.35256037950583474E+00   0.49268906624595E-02  -0.15706522580571E+05
 0.36047794196435551E+00   0.53099182378730E-02  -0.14536622834812E+05
 0.36810642413001227E+00   0.57204257387563E-02  -0.13457041438669E+05
 0.37544354414223857E+00   0.61603838164655E-02  -0.12460083276073E+05
 0.38248852308098213E+00   0.66319043134761E-02  -0.11538815250902E+05
 0.38924198167840379E+00   0.71372503601200E-02  -0.10686976276192E+05
 0.39570583020148270E+00   0.76788471905016E-02  -0.98988997447969E+04
 0.40188315378286910E+00   0.82592937283951E-02  -0.91694465200911E+04
 0.40777809521486236E+00   0.88813749974526E-02  -0.84939468394229E+04
 0.41339573693953396E+00   0.95480754138094E-02  -0.78681498071955E+04
 0.41874198368968046E+00   0.10262593023187E-01  -0.72881793825827E+04
 0.42382344698628494E+00   0.11028354748868E-01  -0.67504959492205E+04
 0.42864733250853748E+00   0.11849032721462E-01  -0.62518626979457E+04
 0.43322133125772233E+00   0.12728561766261E-01  -0.57893161635529E+04
 0.43755351547650889E+00   0.13671158129094E-01  -0.53601403354717E+04
 0.44165224049758495E+00   0.14681339527142E-01  -0.49618438123135E+04
 0.44552605409087187E+00   0.15763946616981E-01  -0.45921394949645E+04
 0.44918361538877555E+00   0.16924165978315E-01  -0.42489263219758E+04
 0.45263362586132727E+00   0.18167554718499E-01  -0.39302725670247E+04
 0.45588477460958315E+00   0.19500066809896E-01  -0.36344002823013E+04
 0.45894569878693525E+00   0.20928081279553E-01  -0.33596706358196E+04
 0.46182495683941716E+00   0.22458432378533E-01  -0.31045701795160E+04
 0.46453100817072107E+00   0.24098441866553E-01  -0.28676984283699E+04
 0.46707219012685458E+00   0.25855953556357E-01  -0.26477573289434E+04
 0.46945668476371810E+00   0.27739370271550E-01  -0.24435430241355E+04
 0.47169247432683176E+00   0.29757693381404E-01  -0.22539397654196E+04
 0.47378729230547978E+00   0.31920565086455E-01  -0.20779151983879E+04
 0.47574858119771796E+00   0.34238313639551E-01  -0.19145159680939E+04
 0.47758346643206284E+00   0.36722001698414E-01  -0.17628628066807E+04
 0.47929875024559043E+00   0.39383478017693E-01  -0.16221447733198E+04
 0.48090092340321045E+00   0.42235432700963E-01  -0.14916128036458E+04
 0.48239618879649865E+00   0.45291456246181E-01  -0.13705730166901E+04
 0.48379048950528269E+00   0.48566102631601E-01  -0.12583803163560E+04
 0.48508953415958572E+00   0.52074956703276E-01  -0.11544327810728E+04
 0.48629881374192263E+00   0.55834706139791E-01  -0.10581672185927E+04
 0.48742360607003488E+00   0.59863218284852E-01  -0.96905609402751E+03
 0.48846896720247907E+00   0.64179622153785E-01  -0.88660580929423E+03
 0.48943971311397488E+00   0.68804395935657E-01  -0.81035600478147E+03
 0.49034039997605267E+00   0.73759460328728E-01  -0.73987918585882E+03
 0.49117531559652577E+00   0.79068278063012E-01  -0.67477967521786E+03
 0.49194849376803929E+00   0.84755959979821E-01  -0.61469098137149E+03
 0.49266375207075469E+00   0.90849378054143E-01  -0.55927155707720E+03
 0.49332473382820829E+00   0.97377285761297E-01  -0.50820044431226E+03
 0.49393492418136054E+00   0.10437044620442E+00  -0.46117509177378E+03
 0.49449762839547179E+00   0.11186176843355E+00  -0.41791219777511E+03
 0.49501593571015040E+00   0.11988645240026E+00  -0.37814973347741E+03
 0.49549270633677650E+00   0.12848214300340E+00  -0.34164725173926E+03
 0.49593059948702201E+00   0.13768909369134E+00  -0.30818313800909E+03
 0.49633213085149702E+00   0.14755034009334E+00  -0.27754971517301E+03
 0.49669973247141957E+00   0.15811188415740E+00  -0.24954826994605E+03
 0.49703578925003677E+00   0.16942288927237E+00  -0.22398594096052E+03
 0.49734263712924959E+00   0.18153588684917E+00  -0.20067557353239E+03
 0.49762252273468999E+00   0.19450699482699E+00  -0.17943852355213E+03
 0.49787754133787943E+00   0.20839614855590E+00  -0.16010911145318E+03
 0.49810958734703670E+00   0.22326734448556E+00  -0.14253813026069E+03
 0.49832035806840519E+00   0.23918889705942E+00  -0.12659233812451E+03
 0.49851142097179724E+00   0.25623370917446E+00  -0.11214918625269E+03
 0.49868428420718941E+00   0.27447955651526E+00  -0.99091350840163E+02
 0.49884038756171883E+00   0.29400938600797E+00  -0.87307308523745E+02
 0.49898102750844642E+00   0.31491162856155E+00  -0.76696892812112E+02
 0.49910731390667290E+00   0.33728052616913E+00  -0.67174459114451E+02
 0.49922020735818179E+00   0.36121647332923E+00  -0.58665978610837E+02
 0.49932060374429388E+00   0.38682637261280E+00  -0.51102600988411E+02
 0.49940941238228659E+00   0.41422400404472E+00  -0.44414722916174E+02
 0.49948759664502318E+00   0.44353040778554E+00  -0.38528899056568E+02
 0.49955617147458953E+00   0.47487427938818E+00  -0.33368003768378E+02
 0.49961616830471467E+00   0.50839237666158E+00  -0.28853844892293E+02
 0.49966858527039737E+00   0.54422993689737E+00  -0.24910881959940E+02
 0.49971434173964158E+00   0.58254110290335E+00  -0.21469617945280E+02
 0.49975425246759853E+00   0.62348935593563E+00  -0.18468516440580E+02
 0.49978902775788792E+00   0.66724795322943E+00  -0.15853966777383E+02
 0.49981929224157073E+00   0.71400036739287E+00  -0.13578854239061E+02
 0.49984560365185510E+00   0.76394072444865E+00  -0.11601135255133E+02
 0.49986845761870435E+00   0.81727423678444E+00  -0.98834668363484E+01
 0.49988828306250549E+00   0.87421762670440E+00  -0.83935446925218E+01
 0.49990544230477507E+00   0.93499953566278E+00  -0.71040883843560E+01
 0.49992024148473135E+00   0.99986091361083E+00  -0.59920534975247E+01
 0.49993294606495775E+00   0.10690553822024E+01  -0.50374628223635E+01
 0.49994379438119513E+00   0.11428495648913E+01  -0.42223856243266E+01
 0.49995300596141690E+00   0.12215233762238E+01  -0.35303106903914E+01
 0.49996078492983953E+00   0.13053702618907E+01  -0.29458891283792E+01
 0.49996732035005986E+00   0.13946973803820E+01  -0.24549074283332E+01
 0.49997278536847145E+00   0.14898257163832E+01  -0.20443508708374E+01
 0.49997733638457942E+00   0.15910901154124E+01  -0.17024650920445E+01
 0.49998111278678026E+00   0.16988392286241E+01  -0.14187753241071E+01
 0.49998423731507768E+00   0.18134353562483E+01  -0.11840586742345E+01
 0.49998681689391622E+00   0.19352541778144E+01  -0.99028120199064E+00
 0.49998894374911862E+00   0.20646843571704E+01  -0.83051374724362E+00
 0.49999069667679197E+00   0.22021270103889E+01  -0.69883641483874E+00
 0.49999214238736422E+00   0.23479950249930E+01  -0.59023747115843E+00
 0.49999333687343051E+00   0.25027122195788E+01  -0.50051049363705E+00
 0.49999432675409106E+00   0.26667123339008E+01  -0.42615331673593E+00
 0.49999515055028398E+00   0.28404378408543E+01  -0.36427218350184E+00
 0.49999583985555984E+00   0.30243385735729E+01  -0.31249376683422E+00
 0.49999642038324854E+00   0.32188701630746E+01  -0.26888648676006E+00
 0.49999691288749915E+00   0.34244922845610E+01  -0.23189130956765E+00
 0.49999733396722307E+00   0.36416667135785E+01  -0.20026134795737E+00
 0.49999769676717931E+00   0.38708551967931E+01  -0.17300919107255E+00
 0.49999801159062218E+00   0.41125171460457E+01  -0.14936087997207E+00
 0.49999828643538224E+00   0.43671071685993E+01  -0.12871563619911E+00
 0.49999852746196549E+00   0.46350724509653E+01  -0.11061069787801E+00
 0.49999873939945694E+00   0.49168500183013E+01  -0.94690828451597E-01
 0.49999892589310480E+00   0.52128638959647E+01  -0.80682206704646E-01
 0.49999908979634194E+00   0.55235222042457E+01  -0.68370490647958E-01
 0.49999923340943314E+00   0.58492142214126E+01  -0.57582890951762E-01
 0.49999935866678885E+00   0.61903074538070E+01  -0.48174100496761E-01
 0.49999946727538214E+00   0.65471447546554E+01  -0.40015896857270E-01
 0.49999956080785463E+00   0.69200415353393E+01  -0.32990148489787E-01
 0.49999964075583708E+00   0.73092831139412E+01  -0.26984809424109E-01
 0.49999970855141801E+00   0.77151222458371E+01  -0.21892306577939E-01
 0.49999976556678327E+00   0.81377768798438E+01  -0.17609566709542E-01
 0.49999981310281189E+00   0.85774281809213E+01  -0.14038873088369E-01
 0.49999985237603689E+00   0.90342188566791E+01  -0.11088844797166E-01
 0.49999988450993560E+00   0.95082518200100E+01  -0.86750909936697E-02
 0.49999991053215642E+00   0.99995892142010E+01  -0.67204191429244E-02
 0.49999993137589194E+00   0.10508251820010E+02  -0.51547319123344E-02
 0.49999994788245072E+00   0.11034218856679E+02  -0.39148338995529E-02
 0.49999996080306158E+00   0.11577428180921E+02  -0.29442961259889E-02
 0.49999997079974079E+00   0.12137776879844E+02  -0.21933909000760E-02
 0.49999997844632738E+00   0.12715122245837E+02  -0.16190139999335E-02
 0.49999998423100034E+00   0.13309283113941E+02  -0.11844956243374E-02
 0.49999998856101235E+00   0.13920041535339E+02  -0.85924477554400E-03
 0.49999999176960230E+00   0.14547144754655E+02  -0.61823007455963E-03
 0.49999999412448315E+00   0.15190307453807E+02  -0.44134212315416E-03
 0.49999999583708843E+00   0.15849214221413E+02  -0.31269899225350E-03
 0.49999999707180709E+00   0.16523522204246E+02  -0.21995254339036E-03
 0.49999999795463007E+00   0.17212863895965E+02  -0.15363889546993E-03
 0.49999999858085731E+00   0.17916850018301E+02  -0.10659954894976E-03
 0.49999999902170467E+00   0.18635072450965E+02  -0.73485092938697E-04
 0.49999999932979489E+00   0.19367107168599E+02  -0.50342758715516E-04
 0.49999999954360486E+00   0.20112517146046E+02  -0.34282315215517E-04
 0.49999999969099279E+00   0.20870855196793E+02  -0.23211218576069E-04
 0.50000000000000122E+00   0.21641666713578E+02   0.10273293327145E-09
 0.50000000000000122E+00   0.22424492284561E+02   0.99148689258755E-10
 0.50000000000000089E+00   0.23218870163075E+02   0.95757624052339E-10
 0.50000000000000089E+00   0.24024338573573E+02   0.92547747243543E-10
 0.50000000000000089E+00   0.24840437840854E+02   0.89506624334490E-10
 0.50000000000000089E+00   0.25666712333901E+02   0.86625373540983E-10
 0.50000000000000089E+00   0.26502712219579E+02   0.83892892632775E-10
 0.50000000000000089E+00   0.27347995024993E+02   0.81299855736461E-10
 0.50000000000000089E+00   0.28202127010389E+02   0.78837381067842E-10
 0.50000000000000089E+00   0.29064684357170E+02   0.76497919110352E-10
 0.50000000000000089E+00   0.29935254177814E+02   0.74273032169003E-10
 0.50000000000000089E+00   0.30813435356248E+02   0.72156947084068E-10
 0.50000000000000089E+00   0.31698839228624E+02   0.70140782071348E-10
 0.50000000000000067E+00   0.32591090115412E+02   0.68220540327957E-10
 0.50000000000000067E+00   0.33489825716383E+02   0.66389560515745E-10
 0.50000000000000067E+00   0.34394697380382E+02   0.64643401742615E-10
 0.50000000000000067E+00   0.35305370261891E+02   0.62975846759628E-10
 0.50000000000000067E+00   0.36221523376224E+02   0.61382898763895E-10
 0.50000000000000067E+00   0.37142849564891E+02   0.59860560952529E-10
 0.50000000000000067E+00   0.38069055382202E+02   0.58404392433431E-10
 0.50000000000000067E+00   0.38999860913611E+02   0.57009952314502E-10
 0.50000000000000067E+00   0.39934999535663E+02   0.55675464238902E-10
 0.50000000000000044E+00   0.40874217626704E+02   0.54396043225324E-10
