 0.16652805543139404E+00   0.97578195523695E-18  -0.75209246212984E+05
 0.16656040371161215E+00   0.29483069282768E-04  -0.75187345342764E+05
 0.16666687987975790E+00   0.61082173640461E-04  -0.75115317452535E+05
 0.16686336268056506E+00   0.94949178290611E-04  -0.74982644133354E+05
 0.16716832651331570E+00   0.13124684686428E-03  -0.74777337632303E+05
 0.16760317108299236E+00   0.17014962340302E-03  -0.74485885541317E+05
 0.16819258097450526E+00   0.21184447044981E-03  -0.74093242681530E+05
 0.16896489930680220E+00   0.25653176725507E-03  -0.73582899442797E+05
 0.16995248992891646E+00   0.30442627240692E-03  -0.72937063394178E+05
 0.17119206790114971E+00   0.35575815550320E-03  -0.72136985942679E+05
 0.17272495260353463E+00   0.41077410281323E-03  -0.71163476607381E+05
 0.17459718191394058E+00   0.46973850223137E-03  -0.69997644320652E+05
 0.17685939705990930E+00   0.53293471320370E-03  -0.68621899500414E+05
 0.17956637382039822E+00   0.60066642771546E-03  -0.67021233482351E+05
 0.18277603571210402E+00   0.67325912886222E-03  -0.65184761233486E+05
 0.18654774560159290E+00   0.75106165399386E-03  -0.63107465294374E+05
 0.19093964720869533E+00   0.83444786992019E-03  -0.60792013034072E+05
 0.19600484267434201E+00   0.92381846820159E-03  -0.58250439718890E+05
 0.20178628645958793E+00   0.10196028891215E-02  -0.55505409008180E+05
 0.20831049994343015E+00   0.11222613835509E-02  -0.52590703349747E+05
 0.21558060823094588E+00   0.12322872225722E-02  -0.49550592808876E+05
 0.22356976350066105E+00   0.13502090654347E-02  -0.46437819807336E+05
 0.23221662389519820E+00   0.14765934971652E-02  -0.43310146220714E+05
 0.24142490813127937E+00   0.16120477479678E-02  -0.40225732090243E+05
 0.25106871605173781E+00   0.17572226074079E-02  -0.37237989180521E+05
 0.26100396436899359E+00   0.19128155473023E-02  -0.34390852151711E+05
 0.27108409922034565E+00   0.20795740682274E-02  -0.31715477900830E+05
 0.28117613887536186E+00   0.22582992856177E-02  -0.29229107712304E+05
 0.29117243597730252E+00   0.24498497725618E-02  -0.26936235867974E+05
 0.30099513163374142E+00   0.26551456776172E-02  -0.24831535360992E+05
 0.31059342206429219E+00   0.28751731372654E-02  -0.22903515468749E+05
 0.31993655783968400E+00   0.31109890040199E-02  -0.21137860313446E+05
 0.32900629418757299E+00   0.33637259126873E-02  -0.19519795415632E+05
 0.33779126324237191E+00   0.36345977088734E-02  -0.18035374841062E+05
 0.34628381367015215E+00   0.39249052655295E-02  -0.16671963575671E+05
 0.35447862878506969E+00   0.42360427151559E-02  -0.15418284841589E+05
 0.36237222482149378E+00   0.45695041272231E-02  -0.14264302174411E+05
 0.36996275702778070E+00   0.49268906624595E-02  -0.13201068640196E+05
 0.37724989766979244E+00   0.53099182378730E-02  -0.12220587235149E+05
 0.38423472085634502E+00   0.57204257387563E-02  -0.11315690487148E+05
 0.39091958365721230E+00   0.61603838164655E-02  -0.10479937741719E+05
 0.39730800432688318E+00   0.66319043134761E-02  -0.97075273430765E+04
 0.40340453979348440E+00   0.71372503601200E-02  -0.89932212469380E+04
 0.40921466441983112E+00   0.76788471905016E-02  -0.83322800447520E+04
 0.41474465173506175E+00   0.82592937283951E-02  -0.77204067482471E+04
 0.42000146051179710E+00   0.88813749974526E-02  -0.71536979801889E+04
 0.42499262624341361E+00   0.95480754138094E-02  -0.66286014566586E+04
 0.42972615876846554E+00   0.10262593023187E-01  -0.61418788402293E+04
 0.43421044650305990E+00   0.11028354748868E-01  -0.56905732013231E+04
 0.43845416748535193E+00   0.11849032721462E-01  -0.52719804538228E+04
 0.44246620721811836E+00   0.12728561766261E-01  -0.48836242358980E+04
 0.44625558312598307E+00   0.13671158129094E-01  -0.45232337917824E+04
 0.44983137533658774E+00   0.14681339527142E-01  -0.41887244774166E+04
 0.45320266346716076E+00   0.15763946616981E-01  -0.38781805638922E+04
 0.45637846917130231E+00   0.16924165978315E-01  -0.35898400479878E+04
 0.45936770439876118E+00   0.18167554718499E-01  -0.33220811987518E+04
 0.46217912565788277E+00   0.19500066809896E-01  -0.30734105735239E+04
 0.46482129502519182E+00   0.20928081279553E-01  -0.28424522291311E+04
 0.46730254911326841E+00   0.22458432378533E-01  -0.26279378440706E+04
 0.46963097743136167E+00   0.24098441866553E-01  -0.24286974765755E+04
 0.47181441112613853E+00   0.25855953556357E-01  -0.22436507453407E+04
 0.47386042152702534E+00   0.27739370271550E-01  -0.20717983672474E+04
 0.47577632523804242E+00   0.29757693381404E-01  -0.19122142145725E+04
 0.47756918975413098E+00   0.31920565086455E-01  -0.17640382745601E+04
 0.47924583279842581E+00   0.34238313639551E-01  -0.16264709430245E+04
 0.48081281144821847E+00   0.36722001698414E-01  -0.14987688397267E+04
 0.48227640286837969E+00   0.39383478017693E-01  -0.13802418763045E+04
 0.48364258370983065E+00   0.42235432700963E-01  -0.12702509163101E+04
 0.48491701665791148E+00   0.45291456246181E-01  -0.11682052934088E+04
 0.48610504982274966E+00   0.48566102631601E-01  -0.10735597095779E+04
 0.48721172993032680E+00   0.52074956703276E-01  -0.98581042534117E+03
 0.48824182617868017E+00   0.55834706139791E-01  -0.90449097474904E+03
 0.48919985936983290E+00   0.59863218284852E-01  -0.82916780321464E+03
 0.49009013041389332E+00   0.64179622153785E-01  -0.75943625376597E+03
 0.49091674297535015E+00   0.68804395935657E-01  -0.69491726570183E+03
 0.49168361649771519E+00   0.73759460328728E-01  -0.63525503197955E+03
 0.49239448801576197E+00   0.79068278063012E-01  -0.58011569478337E+03
 0.49305290414880837E+00   0.84755959979821E-01  -0.52918693419926E+03
 0.49366220845219771E+00   0.90849378054143E-01  -0.48217802327359E+03
 0.49422553312853695E+00   0.97377285761297E-01  -0.43881964171995E+03
 0.49474580547818081E+00   0.10437044620442E+00  -0.39886264910410E+03
 0.49522577411526758E+00   0.11186176843355E+00  -0.36207543950386E+03
 0.49566804600866121E+00   0.11988645240026E+00  -0.32824056842622E+03
 0.49607511174840790E+00   0.12848214300340E+00  -0.29715237123053E+03
 0.49644934102953686E+00   0.13768909369134E+00  -0.26861692060639E+03
 0.49679295603178092E+00   0.14755034009334E+00  -0.24245370644279E+03
 0.49710801143686412E+00   0.15811188415740E+00  -0.21849683566421E+03
 0.49739640386258399E+00   0.16942288927237E+00  -0.19659402777721E+03
 0.49765991043941027E+00   0.18153588684917E+00  -0.17660344254858E+03
 0.49790023868742772E+00   0.19450699482699E+00  -0.15838970072609E+03
 0.49811906621521129E+00   0.20839614855590E+00  -0.14182071966918E+03
 0.49831805462534995E+00   0.22326734448556E+00  -0.12676653144793E+03
 0.49849883157337516E+00   0.23918889705942E+00  -0.11310052471849E+03
 0.49866294565654362E+00   0.25623370917446E+00  -0.10070274386659E+03
 0.49881181072142122E+00   0.27447955651526E+00  -0.89463986064880E+02
 0.49894666887452133E+00   0.29400938600797E+00  -0.79288487451868E+02
 0.49906860607168929E+00   0.31491162856155E+00  -0.70092652316742E+02
 0.49917862542331720E+00   0.33728052616913E+00  -0.61799451223275E+02
 0.49927771634188761E+00   0.36121647332923E+00  -0.54333158073373E+02
 0.49936684054700908E+00   0.38682637261280E+00  -0.47620366959904E+02
 0.49944685556287233E+00   0.41422400404472E+00  -0.41595716439992E+02
 0.49951847023474300E+00   0.44353040778554E+00  -0.36205198209560E+02
 0.49958227074322203E+00   0.47487427938818E+00  -0.31404162697915E+02
 0.49963878346141799E+00   0.50839237666158E+00  -0.27152562835725E+02
 0.49968853194751217E+00   0.54422993689737E+00  -0.23410649783121E+02
 0.49973206747759708E+00   0.58254110290335E+00  -0.20136665553772E+02
 0.49976997163247633E+00   0.62348935593563E+00  -0.17286639774245E+02
 0.49980283908526663E+00   0.66724795322943E+00  -0.14815675204643E+02
 0.49983125180863253E+00   0.71400036739287E+00  -0.12679877650213E+02
 0.49985575513750841E+00   0.76394072444865E+00  -0.10838146078549E+02
 0.49987684293324214E+00   0.81727423678444E+00  -0.92532790931893E+01
 0.49989495427556407E+00   0.87421762670440E+00  -0.78922161330193E+01
 0.49991047869753313E+00   0.93499953566278E+00  -0.67256381035193E+01
 0.49992376341833727E+00   0.99986091361083E+00  -0.57274192735832E+01
 0.49993511724488193E+00   0.10690553822024E+01  -0.48743305970311E+01
 0.49994481102875993E+00   0.11428495648913E+01  -0.41460026562329E+01
 0.49995307833605662E+00   0.12215233762238E+01  -0.35248732133075E+01
 0.49996011893067199E+00   0.13053702618907E+01  -0.29959238762768E+01
 0.49996610448061840E+00   0.13946973803820E+01  -0.25462501825063E+01
 0.49997118433627141E+00   0.14898257163832E+01  -0.21646266191490E+01
 0.49997548978204981E+00   0.15910901154124E+01  -0.18411865789017E+01
 0.49997913638976921E+00   0.16988392286241E+01  -0.15672450989699E+01
 0.49998222496090505E+00   0.18134353562483E+01  -0.13352277241250E+01
 0.49998484184251835E+00   0.19352541778144E+01  -0.11386465068455E+01
 0.49998705933436016E+00   0.20646843571704E+01  -0.97206922330990E+00
 0.49998893669605354E+00   0.22021270103889E+01  -0.83104356367505E+00
 0.49999052202981559E+00   0.23479950249930E+01  -0.71195559475272E+00
 0.49999185503772603E+00   0.25027122195788E+01  -0.61182256174965E+00
 0.49999297023454592E+00   0.26667123339008E+01  -0.52805149613854E+00
 0.49999389968899977E+00   0.28404378408543E+01  -0.45823326295968E+00
 0.49999467423805161E+00   0.30243385735729E+01  -0.40005132430868E+00
 0.49999532288073262E+00   0.32188701630746E+01  -0.35132725553882E+00
 0.49999587124767736E+00   0.34244922845610E+01  -0.31013569420965E+00
 0.49999634044096752E+00   0.36416667135785E+01  -0.27489147490687E+00
 0.49999674686814227E+00   0.38708551967931E+01  -0.24436208820418E+00
 0.49999710287145754E+00   0.41125171460457E+01  -0.21762040609749E+00
 0.49999741765891886E+00   0.43671071685993E+01  -0.19397474166398E+00
 0.49999769817243017E+00   0.46350724509653E+01  -0.17290363408761E+00
 0.49999794974641582E+00   0.49168500183013E+01  -0.15400637367432E+00
 0.49999817655284906E+00   0.52128638959647E+01  -0.13696957185501E+00
 0.49999838188549034E+00   0.55235222042457E+01  -0.12154580964376E+00
 0.49999856834314604E+00   0.58492142214126E+01  -0.10753987141038E+00
 0.49999873795887079E+00   0.61903074538070E+01  -0.94799039373791E-01
 0.49999889230508693E+00   0.65471447546554E+01  -0.83205197201842E-01
 0.49999903259002970E+00   0.69200415353393E+01  -0.72667585279596E-01
 0.49999915975054104E+00   0.73092831139412E+01  -0.63115830285204E-01
 0.49999927453992182E+00   0.77151222458371E+01  -0.54493346005717E-01
 0.49999937760655699E+00   0.81377768798438E+01  -0.46751427309959E-01
 0.49999946955849411E+00   0.85774281809213E+01  -0.39844399250073E-01
 0.49999955101031113E+00   0.90342188566791E+01  -0.33726096492728E-01
 0.49999962261078584E+00   0.95082518200100E+01  -0.28347784970179E-01
 0.49999968505245329E+00   0.99995892142010E+01  -0.23657443884213E-01
 0.49999973906652906E+00   0.10508251820010E+02  -0.19600147065797E-01
 0.49999978540829443E+00   0.11034218856679E+02  -0.16119160756450E-01
 0.49999982483847843E+00   0.11577428180921E+02  -0.13157342064301E-01
 0.49999985810531128E+00   0.12137776879844E+02  -0.10658487068337E-01
 0.49999988593009270E+00   0.12715122245837E+02  -0.85684147905969E-02
 0.49999990899704894E+00   0.13309283113941E+02  -0.68357291107217E-02
 0.49999992794671072E+00   0.13920041535339E+02  -0.54123161470976E-02
 0.49999994337148790E+00   0.14547144754655E+02  -0.42536766762424E-02
 0.49999995581242040E+00   0.15190307453807E+02  -0.33191701830146E-02
 0.49999996575676103E+00   0.15849214221413E+02  -0.25721963977547E-02
 0.49999997363658749E+00   0.16523522204246E+02  -0.19802996008647E-02
 0.49999997982880462E+00   0.17212863895965E+02  -0.15151683666876E-02
 0.49999998465675222E+00   0.17916850018301E+02  -0.11525148852463E-02
 0.49999998839334109E+00   0.18635072450965E+02  -0.87183932313373E-03
 0.49999999126540295E+00   0.19367107168599E+02  -0.65610310553676E-03
 0.49999999345880825E+00   0.20112517146046E+02  -0.49134448254096E-03
 0.49999999512390125E+00   0.20870855196793E+02  -0.36627027794101E-03
 0.49999999638087278E+00   0.21641666713578E+02  -0.27185230848215E-03
 0.49999999732479716E+00   0.22424492284561E+02  -0.20094900913525E-03
 0.49999999803016754E+00   0.23218870163075E+02  -0.14796481043389E-03
 0.49999999855484889E+00   0.24024338573573E+02  -0.10855313955904E-03
 0.49999999894343916E+00   0.24840437840854E+02  -0.79364013216399E-04
 0.49999999923006522E+00   0.25666712333901E+02  -0.57833975803945E-04
 0.49999999944067008E+00   0.26502712219579E+02  -0.42014304268534E-04
 0.49999999959485614E+00   0.27347995024993E+02  -0.30432554869897E-04
 0.49999999969931946E+00   0.28202127010389E+02  -0.22585747877724E-04
 0.50000000000000000E+00   0.29064684357170E+02   0.39186431877170E-11
 0.50000000000000000E+00   0.29935254177814E+02   0.38089531528840E-11
 0.50000000000000000E+00   0.30813435356248E+02   0.37019276533101E-11
 0.50000000000000000E+00   0.31698839228624E+02   0.35988989566249E-11
 0.50000000000000000E+00   0.32591090115412E+02   0.35007552412480E-11
 0.50000000000000000E+00   0.33489825716383E+02   0.34070524179697E-11
 0.50000000000000000E+00   0.34394697380382E+02   0.33177904867898E-11
 0.50000000000000000E+00   0.35305370261891E+02   0.32320812692888E-11
 0.50000000000000000E+00   0.36221523376224E+02   0.31505908992813E-11
 0.50000000000000000E+00   0.37142849564891E+02   0.30726532429526E-11
 0.50000000000000000E+00   0.38069055382202E+02   0.29982683003027E-11
 0.50000000000000000E+00   0.38999860913611E+02   0.29261038037021E-11
 0.50000000000000000E+00   0.39934999535663E+02   0.28579361099901E-11
 0.50000000000000000E+00   0.40874217626704E+02   0.27919888623273E-11
