 0.29557510159976343E-01   0.97578195523695E-18  -0.59777542460085E+06
 0.30364526189849996E-01   0.29483069282768E-04  -0.58088979751755E+06
 0.33026974366648226E-01   0.61082173640461E-04  -0.53103404779240E+06
 0.37908223912426348E-01   0.94949178290611E-04  -0.45781936815375E+06
 0.45196655775448444E-01   0.13124684686428E-03  -0.37793464464555E+06
 0.54627766224214593E-01   0.17014962340302E-03  -0.30620272405736E+06
 0.65479899914684489E-01   0.21184447044981E-03  -0.24923051577098E+06
 0.77015693882671127E-01   0.25653176725507E-03  -0.20627394393593E+06
 0.88838055266478366E-01   0.30442627240692E-03  -0.17382539232196E+06
 0.10081797937424500E+00   0.35575815550320E-03  -0.14870731493690E+06
 0.11291368676667565E+00   0.41077410281323E-03  -0.12875395425486E+06
 0.12509632393321884E+00   0.46973850223137E-03  -0.11255751559410E+06
 0.13733728506478757E+00   0.53293471320370E-03  -0.99177646369450E+05
 0.14960744710255930E+00   0.60066642771546E-03  -0.87963196280993E+05
 0.16187740865578096E+00   0.67325912886222E-03  -0.78448978244731E+05
 0.17411777060506806E+00   0.75106165399386E-03  -0.70293784711171E+05
 0.18629941714067508E+00   0.83444786992019E-03  -0.63241647519987E+05
 0.19839379102603638E+00   0.92381846820159E-03  -0.57096770862313E+05
 0.21037315758248704E+00   0.10196028891215E-02  -0.51706820023306E+05
 0.22221085228817267E+00   0.11222613835509E-02  -0.46951487444039E+05
 0.23388150743338965E+00   0.12322872225722E-02  -0.42734489027029E+05
 0.24536125396699177E+00   0.13502090654347E-02  -0.38977847256660E+05
 0.25662789546313214E+00   0.14765934971652E-02  -0.35617733498147E+05
 0.26766105199906171E+00   0.16120477479678E-02  -0.32601394929667E+05
 0.27844227262272170E+00   0.17572226074079E-02  -0.29884849744312E+05
 0.28895511596578494E+00   0.19128155473023E-02  -0.27431135495146E+05
 0.29918519938888288E+00   0.20795740682274E-02  -0.25208961649840E+05
 0.30912021780151777E+00   0.22582992856177E-02  -0.23191661550249E+05
 0.31874993395644069E+00   0.24498497725618E-02  -0.21356368916887E+05
 0.32806614256095651E+00   0.26551456776172E-02  -0.19683364689737E+05
 0.33706261096664597E+00   0.28751731372654E-02  -0.18155554452843E+05
 0.34573499949215897E+00   0.31109890040199E-02  -0.16758046949249E+05
 0.35408076460474669E+00   0.33637259126873E-02  -0.15477811566510E+05
 0.36209904824382627E+00   0.36345977088734E-02  -0.14303398035710E+05
 0.36979055652659398E+00   0.39249052655295E-02  -0.13224705529972E+05
 0.37715743094662529E+00   0.42360427151559E-02  -0.12232791277593E+05
 0.38420311497792348E+00   0.45695041272231E-02  -0.11319711001707E+05
 0.39093221874578649E+00   0.49268906624595E-02  -0.10478385160843E+05
 0.39735038413825907E+00   0.53099182378730E-02  -0.97024862333813E+04
 0.40346415242272127E+00   0.57204257387563E-02  -0.89863432648329E+04
 0.40928083611439348E+00   0.61603838164655E-02  -0.83248606532620E+04
 0.41480839652820917E+00   0.66319043134761E-02  -0.77134487385353E+04
 0.42005532814141483E+00   0.71372503601200E-02  -0.71479642251197E+04
 0.42503055060800343E+00   0.76788471905016E-02  -0.66246588351871E+04
 0.42974330900221247E+00   0.82592937283951E-02  -0.61401348809835E+04
 0.43420308262956664E+00   0.88813749974526E-02  -0.56913066794560E+04
 0.43841950253149414E+00   0.95480754138094E-02  -0.52753669207243E+04
 0.44240227762337525E+00   0.10262593023187E-01  -0.48897572548628E+04
 0.44616112924511170E+00   0.11028354748868E-01  -0.45321424861187E+04
 0.44970573376654510E+00   0.11849032721462E-01  -0.42003878659238E+04
 0.45304567277580365E+00   0.12728561766261E-01  -0.38925390603377E+04
 0.45619039028566605E+00   0.13671158129094E-01  -0.36068044373490E+04
 0.45914915632074815E+00   0.14681339527142E-01  -0.33415393773965E+04
 0.46193103619732961E+00   0.15763946616981E-01  -0.30952323585260E+04
 0.46454486478026086E+00   0.16924165978315E-01  -0.28664926071584E+04
 0.46699922500237256E+00   0.18167554718499E-01  -0.26540391373852E+04
 0.46930242996917676E+00   0.19500066809896E-01  -0.24566910263785E+04
 0.47146250805756568E+00   0.20928081279553E-01  -0.22733587907505E+04
 0.47348719056825395E+00   0.22458432378533E-01  -0.21030367379020E+04
 0.47538390172684580E+00   0.24098441866553E-01  -0.19447961666462E+04
 0.47715975116114601E+00   0.25855953556357E-01  -0.17977792821906E+04
 0.47882152940060102E+00   0.27739370271550E-01  -0.16611936733865E+04
 0.48037570737082957E+00   0.29757693381404E-01  -0.15343071815223E+04
 0.48182844109700074E+00   0.31920565086455E-01  -0.14164429854373E+04
 0.48318558254447275E+00   0.34238313639551E-01  -0.13069747636944E+04
 0.48445269633717075E+00   0.36722001698414E-01  -0.12053218990985E+04
 0.48563507995376404E+00   0.39383478017693E-01  -0.11109448653657E+04
 0.48673778269880552E+00   0.42235432700963E-01  -0.10233411160619E+04
 0.48776561796733431E+00   0.45291456246181E-01  -0.94204185090693E+03
 0.48872316553589912E+00   0.48566102631601E-01  -0.86660985546667E+03
 0.48961476531148962E+00   0.52074956703276E-01  -0.79663824545588E+03
 0.49044450837465636E+00   0.55834706139791E-01  -0.73174961681737E+03
 0.49121623243701468E+00   0.59863218284852E-01  -0.67159502227996E+03
 0.49193352657287887E+00   0.64179622153785E-01  -0.61585238699735E+03
 0.49259974618098035E+00   0.68804395935657E-01  -0.56422428577063E+03
 0.49321803577556583E+00   0.73759460328728E-01  -0.51643526270384E+03
 0.49379135540427821E+00   0.79068278063012E-01  -0.47222900747126E+03
 0.49432250612373235E+00   0.84755959979821E-01  -0.43136572448424E+03
 0.49481415052361288E+00   0.90849378054143E-01  -0.39361998400993E+03
 0.49526882540177175E+00   0.97377285761297E-01  -0.35877925740190E+03
 0.49568894524708840E+00   0.10437044620442E+00  -0.32664322038468E+03
 0.49607679725925524E+00   0.11186176843355E+00  -0.29702375273100E+03
 0.49643453130536941E+00   0.11988645240026E+00  -0.26974536330241E+03
 0.49676415119750633E+00   0.12848214300340E+00  -0.24464554773456E+03
 0.49706751560261614E+00   0.13768909369134E+00  -0.22157444568430E+03
 0.49734635470582295E+00   0.14755034009334E+00  -0.20039333625553E+03
 0.49760229949420237E+00   0.15811188415740E+00  -0.18097221406104E+03
 0.49783690777490197E+00   0.16942288927237E+00  -0.16318765035112E+03
 0.49805166847549553E+00   0.18153588684917E+00  -0.14692232817271E+03
 0.49824798261401881E+00   0.19450699482699E+00  -0.13206635939124E+03
 0.49842714078386768E+00   0.20839614855590E+00  -0.11851887269066E+03
 0.49859031960143901E+00   0.22326734448556E+00  -0.10618817630110E+03
 0.49873860341085380E+00   0.23918889705942E+00  -0.94990026953256E+02
 0.49887302117796911E+00   0.25623370917446E+00  -0.84844770687250E+02
 0.49899458279115139E+00   0.27447955651526E+00  -0.75674546491380E+02
 0.49910430181331644E+00   0.29400938600797E+00  -0.67401525386070E+02
 0.49920319771364124E+00   0.31491162856155E+00  -0.59947704293352E+02
 0.49929227671430848E+00   0.33728052616913E+00  -0.53236314282893E+02
 0.49937249589908195E+00   0.36121647332923E+00  -0.47194489520972E+02
 0.49944472071920121E+00   0.38682637261280E+00  -0.41756432327498E+02
 0.49950969264925499E+00   0.41422400404472E+00  -0.36865814021411E+02
 0.49956802995633731E+00   0.44353040778554E+00  -0.32475686173063E+02
 0.49962027694124878E+00   0.47487427938818E+00  -0.28544750949688E+02
 0.49966697489573569E+00   0.50839237666158E+00  -0.25032006926714E+02
 0.49970868441645455E+00   0.54422993689737E+00  -0.21895061206053E+02
 0.49974593466602274E+00   0.58254110290335E+00  -0.19093936993397E+02
 0.49977916532728373E+00   0.62348935593563E+00  -0.16595428017919E+02
 0.49980871860064885E+00   0.66724795322943E+00  -0.14373689401048E+02
 0.49983487166381813E+00   0.71400036739287E+00  -0.12407788911065E+02
 0.49985787631010770E+00   0.76394072444865E+00  -0.10678721935037E+02
 0.49987798607657663E+00   0.81727423678444E+00  -0.91673692433388E+01
 0.49989546666394702E+00   0.87421762670440E+00  -0.78537117139692E+01
 0.49991059305405194E+00   0.93499953566278E+00  -0.67170450939318E+01
 0.49992363902995351E+00   0.99986091361083E+00  -0.57367656240077E+01
 0.49993486466189324E+00   0.10690553822024E+01  -0.48933084262720E+01
 0.49994450615716435E+00   0.11428495648913E+01  -0.41689083035696E+01
 0.49995277087496015E+00   0.12215233762238E+01  -0.35479726510794E+01
 0.49995983838095515E+00   0.13053702618907E+01  -0.30170008775919E+01
 0.49996586606338150E+00   0.13946973803820E+01  -0.25641614457868E+01
 0.49997099559025021E+00   0.14898257163832E+01  -0.21788060086143E+01
 0.49997535620284006E+00   0.15910901154124E+01  -0.18512214344116E+01
 0.49997906377769835E+00   0.16988392286241E+01  -0.15726998489628E+01
 0.49998221830498213E+00   0.18134353562483E+01  -0.13357277269328E+01
 0.49998490304180193E+00   0.19352541778144E+01  -0.11340492205332E+01
 0.49998718627259736E+00   0.20646843571704E+01  -0.96253371194935E+00
 0.49998912453506372E+00   0.22021270103889E+01  -0.81693333443734E+00
 0.49999076584009666E+00   0.23479950249930E+01  -0.69364099110846E+00
 0.49999215207401787E+00   0.25027122195788E+01  -0.58950983316226E+00
 0.49999332044518513E+00   0.26667123339008E+01  -0.50174454400013E+00
 0.49999430418835755E+00   0.28404378408543E+01  -0.42784839287897E+00
 0.49999513282663482E+00   0.30243385735729E+01  -0.36560353149239E+00
 0.49999583224523175E+00   0.32188701630746E+01  -0.31306543161809E+00
 0.49999642474579997E+00   0.34244922845610E+01  -0.26855878890999E+00
 0.49999692916943606E+00   0.36416667135785E+01  -0.23066827117283E+00
 0.49999736111685122E+00   0.38708551967931E+01  -0.19822197131609E+00
 0.49999773325717678E+00   0.41125171460457E+01  -0.17026820484094E+00
 0.49999805569852362E+00   0.43671071685993E+01  -0.14604767035329E+00
 0.49999833638816982E+00   0.46350724509653E+01  -0.12496338595517E+00
 0.49999858151289667E+00   0.49168500183013E+01  -0.10655061552607E+00
 0.49999879587637336E+00   0.52128638959647E+01  -0.90448519623916E-01
 0.49999898323766834E+00   0.55235222042457E+01  -0.76374727011904E-01
 0.49999914660119693E+00   0.58492142214126E+01  -0.64103554295956E-01
 0.49999928845312214E+00   0.61903074538070E+01  -0.53448248135322E-01
 0.49999941094266931E+00   0.65471447546554E+01  -0.44247365351456E-01
 0.49999951600977444E+00   0.69200415353393E+01  -0.36355184336606E-01
 0.49999960546362221E+00   0.73092831139412E+01  -0.29635805483432E-01
 0.49999968102009018E+00   0.77151222458371E+01  -0.23960338429430E-01
 0.49999974430931138E+00   0.81377768798438E+01  -0.19206333914061E-01
 0.49999979686635737E+00   0.85774281809213E+01  -0.15258483525805E-01
 0.49999984011729598E+00   0.90342188566791E+01  -0.12009666955811E-01
 0.49999987536926660E+00   0.95082518200100E+01  -0.93616974105837E-02
 0.49999990380788412E+00   0.99995892142010E+01  -0.72255165898900E-02
 0.49999992650050251E+00   0.10508251820010E+02  -0.55209494979156E-02
 0.49999994440167989E+00   0.11034218856679E+02  -0.41762939471059E-02
 0.49999995835790340E+00   0.11577428180921E+02  -0.31279655781695E-02
 0.49999996911082700E+00   0.12137776879844E+02  -0.23202546386774E-02
 0.49999997730008655E+00   0.12715122245837E+02  -0.17051145624496E-02
 0.49999998346726660E+00   0.13309283113941E+02  -0.12418639492697E-02
 0.49999998806203078E+00   0.13920041535339E+02  -0.89672610324509E-03
 0.49999999145050333E+00   0.14547144754655E+02  -0.64219940903865E-03
 0.49999999392529015E+00   0.15190307453807E+02  -0.45630464554147E-03
 0.49999999571623155E+00   0.15849214221413E+02  -0.32177727136151E-03
 0.49999999700102582E+00   0.16523522204246E+02  -0.22526934347278E-03
 0.49999999791508754E+00   0.17212863895965E+02  -0.15660918058247E-03
 0.49999999856025229E+00   0.17916850018301E+02  -0.10814733420572E-03
 0.49999999901217940E+00   0.18635072450965E+02  -0.74200611679842E-04
 0.49999999932645250E+00   0.19367107168599E+02  -0.50593842338742E-04
 0.49999999954348068E+00   0.20112517146046E+02  -0.34291669134934E-04
 0.49999999969235454E+00   0.20870855196793E+02  -0.23108945090833E-04
 0.50000000000000000E+00   0.21641666713578E+02   0.55293547518431E-11
 0.50000000000000000E+00   0.22424492284561E+02   0.53388404808175E-11
 0.50000000000000000E+00   0.23218870163075E+02   0.51572079939888E-11
 0.50000000000000000E+00   0.24024338573573E+02   0.49844572913571E-11
 0.50000000000000000E+00   0.24840437840854E+02   0.48210324621323E-11
 0.50000000000000000E+00   0.25666712333901E+02   0.46660453278946E-11
 0.50000000000000000E+00   0.26502712219579E+02   0.45186077102244E-11
 0.50000000000000000E+00   0.27347995024993E+02   0.43787196091216E-11
 0.50000000000000000E+00   0.28202127010389E+02   0.42459369353764E-11
 0.50000000000000000E+00   0.29064684357170E+02   0.41204817335938E-11
 0.50000000000000000E+00   0.29935254177814E+02   0.40003556023294E-11
 0.50000000000000000E+00   0.30813435356248E+02   0.38864467200028E-11
 0.50000000000000000E+00   0.31698839228624E+02   0.37776448635896E-11
 0.50000000000000000E+00   0.32591090115412E+02   0.36743941222994E-11
 0.50000000000000000E+00   0.33489825716383E+02   0.35758063177127E-11
 0.50000000000000000E+00   0.34394697380382E+02   0.34818814498294E-11
 0.50000000000000000E+00   0.35305370261891E+02   0.33919533848348E-11
 0.50000000000000000E+00   0.36221523376224E+02   0.33062441673337E-11
 0.50000000000000000E+00   0.37142849564891E+02   0.32240876635115E-11
 0.50000000000000000E+00   0.38069055382202E+02   0.31457059179729E-11
 0.50000000000000000E+00   0.38999860913611E+02   0.30706548415083E-11
 0.50000000000000000E+00   0.39934999535663E+02   0.29989344341175E-11
 0.50000000000000000E+00   0.40874217626704E+02   0.29298785619858E-11
