 0.31816381150820382E-01   0.97578195523695E-18  -0.55266860700186E+06
 0.32680773526142098E-01   0.29483069282768E-04  -0.53705737402806E+06
 0.35530898869871833E-01   0.61082173640461E-04  -0.49096439035532E+06
 0.40749814184771964E-01   0.94949178290611E-04  -0.42327543648775E+06
 0.48527011919075158E-01   0.13124684686428E-03  -0.34941985314218E+06
 0.58563259919616285E-01   0.17014962340302E-03  -0.28310177068800E+06
 0.70073745022243658E-01   0.21184447044981E-03  -0.23042945397283E+06
 0.82265047553727794E-01   0.25653176725507E-03  -0.19071498229734E+06
 0.94712073709554950E-01   0.30442627240692E-03  -0.16071546521830E+06
 0.10727659879019621E+00   0.35575815550320E-03  -0.13749317252456E+06
 0.11991342266896672E+00   0.41077410281323E-03  -0.11904580098891E+06
 0.13259144941350587E+00   0.46973850223137E-03  -0.10407180535913E+06
 0.14528031174635131E+00   0.53293471320370E-03  -0.91701803664843E+05
 0.15794957792582909E+00   0.60066642771546E-03  -0.81333789500137E+05
 0.17056900481700438E+00   0.67325912886222E-03  -0.72537684600814E+05
 0.18310882488919908E+00   0.75106165399386E-03  -0.64998033197286E+05
 0.19554002413387278E+00   0.83444786992019E-03  -0.58478185668575E+05
 0.20783460491308389E+00   0.92381846820159E-03  -0.52797123368240E+05
 0.21996582879215287E+00   0.10196028891215E-02  -0.47814008602488E+05
 0.23190843508629022E+00   0.11222613835509E-02  -0.43417613637156E+05
 0.24363883163534103E+00   0.12322872225722E-02  -0.39518921060237E+05
 0.25513525519211966E+00   0.13502090654347E-02  -0.36045838368192E+05
 0.26637789972200532E+00   0.14765934971652E-02  -0.32939354055973E+05
 0.27734901182669064E+00   0.16120477479678E-02  -0.30150696480396E+05
 0.28803295338503715E+00   0.17572226074079E-02  -0.27639203010237E+05
 0.29841623231656522E+00   0.19128155473023E-02  -0.25370700572477E+05
 0.30848750309166451E+00   0.20795740682274E-02  -0.23316259901647E+05
 0.31823753921779657E+00   0.22582992856177E-02  -0.21451226597548E+05
 0.32765918041077929E+00   0.24498497725618E-02  -0.19754459781297E+05
 0.33674725750993301E+00   0.26551456776172E-02  -0.18207728232509E+05
 0.34549849841714048E+00   0.28751731372654E-02  -0.16795227255419E+05
 0.35391141844009633E+00   0.31109890040199E-02  -0.15503189006585E+05
 0.36198619841085233E+00   0.33637259126873E-02  -0.14319565834030E+05
 0.36972455384708097E+00   0.36345977088734E-02  -0.13233771135597E+05
 0.37712959824192926E+00   0.39249052655295E-02  -0.12236465889796E+05
 0.38420570332636395E+00   0.42360427151559E-02  -0.11319381720486E+05
 0.39095835886260771E+00   0.45695041272231E-02  -0.10475173387707E+05
 0.39739403421473563E+00   0.49268906624595E-02  -0.96972951339153E+04
 0.40352004361708288E+00   0.53099182378730E-02  -0.89798964877719E+04
 0.40934441673520139E+00   0.57204257387563E-02  -0.83177340298100E+04
 0.41487577579776869E+00   0.61603838164655E-02  -0.77060963235238E+04
 0.42012322027891924E+00   0.66319043134761E-02  -0.71407397611491E+04
 0.42509621983456497E+00   0.71372503601200E-02  -0.66178335022479E+04
 0.42980451594697344E+00   0.76788471905016E-02  -0.61339120223787E+04
 0.43425803251101947E+00   0.82592937283951E-02  -0.56858340590609E+04
 0.43846679540343197E+00   0.88813749974526E-02  -0.52707469583614E+04
 0.44244086091216767E+00   0.95480754138094E-02  -0.48860555995093E+04
 0.44619025276500290E+00   0.10262593023187E-01  -0.45293952159794E+04
 0.44972490738221865E+00   0.11028354748868E-01  -0.41986075464298E+04
 0.45305462688521381E+00   0.11849032721462E-01  -0.38917198431053E+04
 0.45618903931839561E+00   0.12728561766261E-01  -0.36069263430144E+04
 0.45913756548334167E+00   0.13671158129094E-01  -0.33425718715978E+04
 0.46190939174017615E+00   0.14681339527142E-01  -0.30971373022510E+04
 0.46451344810029616E+00   0.15763946616981E-01  -0.28692266398709E+04
 0.46695839091718272E+00   0.16924165978315E-01  -0.26575555340045E+04
 0.46925258947974180E+00   0.18167554718499E-01  -0.24609410581867E+04
 0.47140411582929653E+00   0.19500066809896E-01  -0.22782926172828E+04
 0.47342073716363925E+00   0.20928081279553E-01  -0.21086038643074E+04
 0.47530991026970537E+00   0.22458432378533E-01  -0.19509455220832E+04
 0.47707877755475753E+00   0.24098441866553E-01  -0.18044590126220E+04
 0.47873416444211375E+00   0.25855953556357E-01  -0.16683507973295E+04
 0.48028257817751235E+00   0.27739370271550E-01  -0.15418873232267E+04
 0.48173020845723780E+00   0.29757693381404E-01  -0.14243904546660E+04
 0.48308293069581376E+00   0.31920565086455E-01  -0.13152332502840E+04
 0.48434631306501558E+00   0.34238313639551E-01  -0.12138359319326E+04
 0.48552562838974672E+00   0.36722001698414E-01  -0.11196619068710E+04
 0.48662587121902567E+00   0.39383478017693E-01  -0.10322137739426E+04
 0.48765177869130111E+00   0.42235432700963E-01  -0.95102938352079E+03
 0.48860785158678299E+00   0.45291456246181E-01  -0.87567819619400E+03
 0.48949837052436679E+00   0.48566102631601E-01  -0.80575829345680E+03
 0.49032740324362623E+00   0.52074956703276E-01  -0.74089431198487E+03
 0.49109880265136291E+00   0.55834706139791E-01  -0.68073628168589E+03
 0.49181619985067931E+00   0.59863218284852E-01  -0.62495900325300E+03
 0.49248299877224266E+00   0.64179622153785E-01  -0.57326142916861E+03
 0.49310237796461281E+00   0.68804395935657E-01  -0.52536560841779E+03
 0.49367730175193980E+00   0.73759460328728E-01  -0.48101502174434E+03
 0.49421053950686911E+00   0.79068278063012E-01  -0.43997240175845E+03
 0.49470468959799863E+00   0.84755959979821E-01  -0.40201729673920E+03
 0.49516220383389942E+00   0.90849378054143E-01  -0.36694368861277E+03
 0.49558540850538474E+00   0.97377285761297E-01  -0.33455795027818E+03
 0.49597651898914497E+00   0.10437044620442E+00  -0.30467735961744E+03
 0.49633764612052578E+00   0.11186176843355E+00  -0.27712929246367E+03
 0.49667079418539639E+00   0.11988645240026E+00  -0.25175109319083E+03
 0.49697785252781312E+00   0.12848214300340E+00  -0.22839046103209E+03
 0.49726058540144302E+00   0.13768909369134E+00  -0.20690599407471E+03
 0.49752062716978845E+00   0.14755034009334E+00  -0.18716734934760E+03
 0.49775949024808053E+00   0.15811188415740E+00  -0.16905446006683E+03
 0.49797858795845062E+00   0.16942288927237E+00  -0.15245564950415E+03
 0.49817926300411020E+00   0.18153588684917E+00  -0.13726534768454E+03
 0.49836280306775549E+00   0.19450699482699E+00  -0.12338280683451E+03
 0.49853043196746794E+00   0.20839614855590E+00  -0.11071268041830E+03
 0.49868328610727231E+00   0.22326734448556E+00  -0.99166719946884E+02
 0.49882239909416803E+00   0.23918889705942E+00  -0.88664858993089E+02
 0.49894870917665235E+00   0.25623370917446E+00  -0.79134582153975E+02
 0.49906308688375789E+00   0.27447955651526E+00  -0.70508782199073E+02
 0.49916636996735841E+00   0.29400938600797E+00  -0.62723080203205E+02
 0.49925939233925737E+00   0.31491162856155E+00  -0.55713609985848E+02
 0.49934299826754591E+00   0.33728052616913E+00  -0.49415920947580E+02
 0.49941803850746458E+00   0.36121647332923E+00  -0.43765245388303E+02
 0.49948534972420261E+00   0.38682637261280E+00  -0.38698024810703E+02
 0.49954572241258244E+00   0.41422400404472E+00  -0.34154301637950E+02
 0.49959986612498181E+00   0.44353040778554E+00  -0.30080312937501E+02
 0.49964838506386405E+00   0.47487427938818E+00  -0.26430304733575E+02
 0.49969178076811649E+00   0.50839237666158E+00  -0.23166310412163E+02
 0.49973049206698106E+00   0.54422993689737E+00  -0.20255130569692E+02
 0.49976495139966998E+00   0.58254110290335E+00  -0.17664087897762E+02
 0.49979560466261924E+00   0.62348935593563E+00  -0.15359528902615E+02
 0.49982287420823301E+00   0.66724795322943E+00  -0.13309600517171E+02
 0.49984711246702629E+00   0.71400036739287E+00  -0.11487730239334E+02
 0.49986859193411221E+00   0.76394072444865E+00  -0.98733723791036E+01
 0.49988752766370170E+00   0.81727423678444E+00  -0.84503122857019E+01
 0.49990410773501143E+00   0.87421762670440E+00  -0.72043734142745E+01
 0.49991851597971054E+00   0.93499953566278E+00  -0.61217074213787E+01
 0.49993094301220753E+00   0.99986091361083E+00  -0.51879640294689E+01
 0.49994158754001372E+00   0.10690553822024E+01  -0.43881915319000E+01
 0.49995065166420743E+00   0.11428495648913E+01  -0.37071888981045E+01
 0.49995833370492010E+00   0.12215233762238E+01  -0.31300438129937E+01
 0.49996482119665753E+00   0.13053702618907E+01  -0.26426579742851E+01
 0.49997028563876283E+00   0.13946973803820E+01  -0.22321406064510E+01
 0.49997487962631293E+00   0.14898257163832E+01  -0.18870232642006E+01
 0.49997873625422651E+00   0.15910901154124E+01  -0.15973040029531E+01
 0.49998197022378132E+00   0.16988392286241E+01  -0.13543637961779E+01
 0.49998467988210848E+00   0.18134353562483E+01  -0.11508129841969E+01
 0.49998694946895100E+00   0.19352541778144E+01  -0.98032224767408E+00
 0.49998885108163255E+00   0.20646843571704E+01  -0.83747482018354E+00
 0.49999044619394184E+00   0.22021270103889E+01  -0.71765226188259E+00
 0.49999178682979956E+00   0.23479950249930E+01  -0.61694620246218E+00
 0.49999291659136691E+00   0.25027122195788E+01  -0.53208104482431E+00
 0.49999387168370901E+00   0.26667123339008E+01  -0.46033694719827E+00
 0.49999468196398722E+00   0.28404378408543E+01  -0.39947097690097E+00
 0.49999537196495081E+00   0.30243385735729E+01  -0.34764020518207E+00
 0.49999596182721756E+00   0.32188701630746E+01  -0.30333166092824E+00
 0.49999646809949394E+00   0.34244922845610E+01  -0.26530220957282E+00
 0.49999690439851463E+00   0.36416667135785E+01  -0.23252897297835E+00
 0.49999728194299681E+00   0.38708551967931E+01  -0.20416921531024E+00
 0.49999760998490195E+00   0.41125171460457E+01  -0.17952794455998E+00
 0.49999789616069357E+00   0.43671071685993E+01  -0.15803152478241E+00
 0.49999814678029009E+00   0.46350724509653E+01  -0.13920596923374E+00
 0.49999836706585321E+00   0.49168500183013E+01  -0.12265900221225E+00
 0.49999856134841125E+00   0.52128638959647E+01  -0.10806528861876E+00
 0.49999873322812982E+00   0.55235222042457E+01  -0.95154394455598E-01
 0.49999888570346041E+00   0.58492142214126E+01  -0.83701085160248E-01
 0.49999902127465357E+00   0.61903074538070E+01  -0.73517549847677E-01
 0.49999914202738616E+00   0.65471447546554E+01  -0.64447119349889E-01
 0.49999924970197035E+00   0.69200415353393E+01  -0.56359067298286E-01
 0.49999934575260296E+00   0.73092831139412E+01  -0.49144159471093E-01
 0.49999943139958214E+00   0.77151222458371E+01  -0.42710731406056E-01
 0.49999950767581025E+00   0.81377768798438E+01  -0.36981195203079E-01
 0.49999957546764884E+00   0.85774281809213E+01  -0.31888970647281E-01
 0.49999963554955573E+00   0.90342188566791E+01  -0.27375883372943E-01
 0.49999968861194832E+00   0.95082518200100E+01  -0.23390071887857E-01
 0.49999973528221459E+00   0.99995892142010E+01  -0.19884409266783E-01
 0.49999977613945712E+00   0.10508251820010E+02  -0.16815395646367E-01
 0.49999981172411112E+00   0.11034218856679E+02  -0.14142435725755E-01
 0.49999984254384000E+00   0.11577428180921E+02  -0.11827395966039E-01
 0.49999986907701627E+00   0.12137776879844E+02  -0.98343430377934E-02
 0.49999989177475113E+00   0.12715122245837E+02  -0.81293913868912E-02
 0.49999991106200370E+00   0.13309283113941E+02  -0.66806199293996E-02
 0.49999992733797571E+00   0.13920041535339E+02  -0.54580423818305E-02
 0.49999994097586747E+00   0.14547144754655E+02  -0.44336255734345E-02
 0.49999995232211364E+00   0.15190307453807E+02  -0.35813468702091E-02
 0.49999996169533401E+00   0.15849214221413E+02  -0.28772729639037E-02
 0.49999996938532482E+00   0.16523522204246E+02  -0.22996356709539E-02
 0.49999997565241278E+00   0.17212863895965E+02  -0.18288804008866E-02
 0.49999998072741242E+00   0.17916850018301E+02  -0.14476694232624E-02
 0.49999998481228991E+00   0.18635072450965E+02  -0.11408319404009E-02
 0.49999998808151302E+00   0.19367107168599E+02  -0.89526271507623E-03
 0.49999999068396678E+00   0.20112517146046E+02  -0.69977818747580E-03
 0.49999999274526524E+00   0.20870855196793E+02  -0.54494279437067E-03
 0.49999999437028164E+00   0.21641666713578E+02  -0.42287893153192E-03
 0.49999999564573550E+00   0.22424492284561E+02  -0.32707261572718E-03
 0.49999999664271000E+00   0.23218870163075E+02  -0.25218441336339E-03
 0.49999999741900819E+00   0.24024338573573E+02  -0.19387240763580E-03
 0.49999999802129458E+00   0.24840437840854E+02  -0.14863138474319E-03
 0.49999999848699239E+00   0.25666712333901E+02  -0.11365028583721E-03
 0.49999999884593199E+00   0.26502712219579E+02  -0.86688367665122E-04
 0.49999999912176007E+00   0.27347995024993E+02  -0.65969409728028E-04
 0.49999999933312544E+00   0.28202127010389E+02  -0.50092613040675E-04
 0.49999999949466517E+00   0.29064684357170E+02  -0.37958470455957E-04
 0.49999999961781894E+00   0.29935254177814E+02  -0.28707728372934E-04
 0.49999999969931963E+00   0.30813435356248E+02  -0.22585749428705E-04
 0.50000000000000000E+00   0.31698839228624E+02   0.24211743721025E-11
 0.50000000000000000E+00   0.32591090115412E+02   0.23607782395629E-11
 0.50000000000000000E+00   0.33489825716383E+02   0.23001600624184E-11
 0.50000000000000000E+00   0.34394697380382E+02   0.22406521082985E-11
 0.50000000000000000E+00   0.35305370261891E+02   0.21833646002278E-11
 0.50000000000000000E+00   0.36221523376224E+02   0.21285195828114E-11
 0.50000000000000000E+00   0.37142849564891E+02   0.20756729668392E-11
 0.50000000000000000E+00   0.38069055382202E+02   0.20254908861261E-11
 0.50000000000000000E+00   0.38999860913611E+02   0.19770851622525E-11
 0.50000000000000000E+00   0.39934999535663E+02   0.19308998844281E-11
 0.50000000000000000E+00   0.40874217626704E+02   0.18864909634431E-11
