 0.15149966689226460E+00   0.97578195523695E-18  -0.86395448854286E+05
 0.15153043653817544E+00   0.29483069282768E-04  -0.86370279023340E+05
 0.15163172312169579E+00   0.61082173640461E-04  -0.86287497897232E+05
 0.15181864367456666E+00   0.94949178290611E-04  -0.86135018477060E+05
 0.15210880560533080E+00   0.13124684686428E-03  -0.85899062859464E+05
 0.15252262833837277E+00   0.17014962340302E-03  -0.85564101230304E+05
 0.15308370131799778E+00   0.21184447044981E-03  -0.85112842651027E+05
 0.15381916318551991E+00   0.25653176725507E-03  -0.84526312808401E+05
 0.15476007733698588E+00   0.30442627240692E-03  -0.83784063211789E+05
 0.15594178962039934E+00   0.35575815550320E-03  -0.82864546450707E+05
 0.15740422674586071E+00   0.41077410281323E-03  -0.81745707308744E+05
 0.15919208053034320E+00   0.46973850223137E-03  -0.80405834723277E+05
 0.16135479486310611E+00   0.53293471320370E-03  -0.78824713471041E+05
 0.16394623890061027E+00   0.60066642771546E-03  -0.76985094612319E+05
 0.16702390890255481E+00   0.67325912886222E-03  -0.74874468523725E+05
 0.17064745826986882E+00   0.75106165399386E-03  -0.72487069198196E+05
 0.17487632231318889E+00   0.83444786992019E-03  -0.69825962800493E+05
 0.17976620468002638E+00   0.92381846820159E-03  -0.66904982001159E+05
 0.18536426476127782E+00   0.10196028891215E-02  -0.63750174650293E+05
 0.19170304195145363E+00   0.11222613835509E-02  -0.60400367384129E+05
 0.19879352348873505E+00   0.12322872225722E-02  -0.56906440232734E+05
 0.20661831558704258E+00   0.13502090654347E-02  -0.53329010518651E+05
 0.21512651082310916E+00   0.14765934971652E-02  -0.49734464504701E+05
 0.22423228115750632E+00   0.16120477479678E-02  -0.46189646244762E+05
 0.23381903144059360E+00   0.17572226074079E-02  -0.42755942890071E+05
 0.24374974148979647E+00   0.19128155473023E-02  -0.39483849950301E+05
 0.25388198206565793E+00   0.20795740682274E-02  -0.36409177909062E+05
 0.26408386944983236E+00   0.22582992856177E-02  -0.33551744489774E+05
 0.27424631830344981E+00   0.24498497725618E-02  -0.30916717660196E+05
 0.28428830337153699E+00   0.26551456776172E-02  -0.28497978015967E+05
 0.29415491507156732E+00   0.28751731372654E-02  -0.26282322262371E+05
 0.30381090759681639E+00   0.31109890040199E-02  -0.24253300064157E+05
 0.31323342748551258E+00   0.33637259126873E-02  -0.22393933799923E+05
 0.32240648986985271E+00   0.36345977088734E-02  -0.20688197790237E+05
 0.33131785767797273E+00   0.39249052655295E-02  -0.19121572626638E+05
 0.33995769433487089E+00   0.42360427151559E-02  -0.17681099498678E+05
 0.34831810416808789E+00   0.45695041272231E-02  -0.16355244614027E+05
 0.35639298246928147E+00   0.49268906624595E-02  -0.15133725851060E+05
 0.36417793342184945E+00   0.53099182378730E-02  -0.14007352263593E+05
 0.37167018838784427E+00   0.57204257387563E-02  -0.12967885657508E+05
 0.37886851352405448E+00   0.61603838164655E-02  -0.12007922499839E+05
 0.38577310767719958E+00   0.66319043134761E-02  -0.11120792959839E+05
 0.39238549306204151E+00   0.71372503601200E-02  -0.10300474257129E+05
 0.39870840117487649E+00   0.76788471905016E-02  -0.95415160017222E+04
 0.40474565614659352E+00   0.82592937283951E-02  -0.88389756355934E+04
 0.41050205744767837E+00   0.88813749974526E-02  -0.81883624267640E+04
 0.41598326354818876E+00   0.95480754138094E-02  -0.75855887414377E+04
 0.42119567782769690E+00   0.10262593023187E-01  -0.70269275411331E+04
 0.42614633774331040E+00   0.11028354748868E-01  -0.65089752301713E+04
 0.43084280802014102E+00   0.11849032721462E-01  -0.60286191217136E+04
 0.43529307845342868E+00   0.12728561766261E-01  -0.55830089029631E+04
 0.43950546683469227E+00   0.13671158129094E-01  -0.51695315654393E+04
 0.44348852756858637E+00   0.14681339527142E-01  -0.47857893263550E+04
 0.44725096676090875E+00   0.15763946616981E-01  -0.44295801035680E+04
 0.45080156493352824E+00   0.16924165978315E-01  -0.40988801225241E+04
 0.45414910898901018E+00   0.18167554718499E-01  -0.37918282377347E+04
 0.45730233539294673E+00   0.19500066809896E-01  -0.35067115634954E+04
 0.46026988634801214E+00   0.20928081279553E-01  -0.32419520638526E+04
 0.46306027944798478E+00   0.22458432378533E-01  -0.29960938931838E+04
 0.46568188861274795E+00   0.24098441866553E-01  -0.27677915246210E+04
 0.46814293064360374E+00   0.25855953556357E-01  -0.25557989929363E+04
 0.47045144948724033E+00   0.27739370271550E-01  -0.23589607448488E+04
 0.47261529167640748E+00   0.29757693381404E-01  -0.21762044471402E+04
 0.47464207194278440E+00   0.31920565086455E-01  -0.20065356369563E+04
 0.47653913482897553E+00   0.34238313639551E-01  -0.18490335647216E+04
 0.47831352193407889E+00   0.36722001698414E-01  -0.17028473268060E+04
 0.47997195312623625E+00   0.39383478017693E-01  -0.15671915520272E+04
 0.48152082519611206E+00   0.42235432700963E-01  -0.14413413372618E+04
 0.48296622613786427E+00   0.45291456246181E-01  -0.13246265602172E+04
 0.48431395966354379E+00   0.48566102631601E-01  -0.12164259697818E+04
 0.48556957311301913E+00   0.52074956703276E-01  -0.11161615478366E+04
 0.48673838211095943E+00   0.55834706139791E-01  -0.10232936030369E+04
 0.48782548659279357E+00   0.59863218284852E-01  -0.93731694633269E+03
 0.48883577495054387E+00   0.64179622153785E-01  -0.85775832885482E+03
 0.48977391611352233E+00   0.68804395935657E-01  -0.78417508905588E+03
 0.49064434349089164E+00   0.73759460328728E-01  -0.71615464837021E+03
 0.49145123944845087E+00   0.79068278063012E-01  -0.65331414486613E+03
 0.49219853238652123E+00   0.84755959979821E-01  -0.59529925441259E+03
 0.49288991612007715E+00   0.90849378054143E-01  -0.54178145377503E+03
 0.49352888872370770E+00   0.97377285761297E-01  -0.49245395743811E+03
 0.49411878962245820E+00   0.10437044620442E+00  -0.44702796155786E+03
 0.49466280822832231E+00   0.11186176843355E+00  -0.40523121545922E+03
 0.49516395939456226E+00   0.11988645240026E+00  -0.36680922965938E+03
 0.49562505234015275E+00   0.12848214300340E+00  -0.33152703856754E+03
 0.49604868634659571E+00   0.13768909369134E+00  -0.29916896872413E+03
 0.49643728425426331E+00   0.14755034009334E+00  -0.26953559417436E+03
 0.49679314885212716E+00   0.15811188415740E+00  -0.24243903512774E+03
 0.49711851616852354E+00   0.16942288927237E+00  -0.21769857712654E+03
 0.49741558312779621E+00   0.18153588684917E+00  -0.19513830302733E+03
 0.49768649802304205E+00   0.19450699482699E+00  -0.17458758570010E+03
 0.49793331635993815E+00   0.20839614855590E+00  -0.15588422175747E+03
 0.49815794064657459E+00   0.22326734448556E+00  -0.13887878403027E+03
 0.49836207844298525E+00   0.23918889705942E+00  -0.12343759555345E+03
 0.49854725613774370E+00   0.25623370917446E+00  -0.10944150634325E+03
 0.49871489057952878E+00   0.27447955651526E+00  -0.96780333600558E+02
 0.49886635196137297E+00   0.29400938600797E+00  -0.85348004591165E+02
 0.49900294352144597E+00   0.31491162856155E+00  -0.75044003567906E+02
 0.49912582648148662E+00   0.33728052616913E+00  -0.65778951551033E+02
 0.49923598549766024E+00   0.36121647332923E+00  -0.57477128516660E+02
 0.49933427044189271E+00   0.38682637261280E+00  -0.50073253359710E+02
 0.49942147662647901E+00   0.41422400404472E+00  -0.43506389010528E+02
 0.49949841472762707E+00   0.44353040778554E+00  -0.37714643342871E+02
 0.49956594507761432E+00   0.47487427938818E+00  -0.32632564381169E+02
 0.49962497379320459E+00   0.50839237666158E+00  -0.28191411563800E+02
 0.49967642142285185E+00   0.54422993689737E+00  -0.24321493920854E+02
 0.49972118010675759E+00   0.58254110290335E+00  -0.20955370450032E+02
 0.49976007514612131E+00   0.62348935593563E+00  -0.18030718111116E+02
 0.49979384279342437E+00   0.66724795322943E+00  -0.15491981238218E+02
 0.49982312846375232E+00   0.71400036739287E+00  -0.13290488452347E+02
 0.49984849955046251E+00   0.76394072444865E+00  -0.11383475354900E+02
 0.49987045976341232E+00   0.81727423678444E+00  -0.97329962545158E+01
 0.49988945498386783E+00   0.87421762670440E+00  -0.83054761359409E+01
 0.49990587238575074E+00   0.93499953566278E+00  -0.70717704598084E+01
 0.49992004149635588E+00   0.99986091361083E+00  -0.60070805170959E+01
 0.49993224159141952E+00   0.10690553822024E+01  -0.50903939482629E+01
 0.49994271282422270E+00   0.11428495648913E+01  -0.43036457194913E+01
 0.49995166651959899E+00   0.12215233762238E+01  -0.36309426659185E+01
 0.49995929214606455E+00   0.13053702618907E+01  -0.30580381965712E+01
 0.49996576095824224E+00   0.13946973803820E+01  -0.25720575431281E+01
 0.49997122752853923E+00   0.14898257163832E+01  -0.21613818406405E+01
 0.49997583046976379E+00   0.15910901154124E+01  -0.18155931747716E+01
 0.49997969317357982E+00   0.16988392286241E+01  -0.15254185845827E+01
 0.49998292482835649E+00   0.18134353562483E+01  -0.12826531955672E+01
 0.49998562160238536E+00   0.19352541778144E+01  -0.10800710267888E+01
 0.49998786777249621E+00   0.20646843571704E+01  -0.91133997663551E+00
 0.49998973668147273E+00   0.22021270103889E+01  -0.77094972866484E+00
 0.49999129156702382E+00   0.23479950249930E+01  -0.65414935154216E+00
 0.49999258638328536E+00   0.25027122195788E+01  -0.55688549468146E+00
 0.49999366670043011E+00   0.26667123339008E+01  -0.47573474296941E+00
 0.49999457068145642E+00   0.28404378408543E+01  -0.40783019379013E+00
 0.49999533007299024E+00   0.30243385735729E+01  -0.35078699630883E+00
 0.49999597113707672E+00   0.32188701630746E+01  -0.30263233401922E+00
 0.49999651547722967E+00   0.34244922845610E+01  -0.26174335795627E+00
 0.49999698074626281E+00   0.36416667135785E+01  -0.22679400533674E+00
 0.49999738124778553E+00   0.38708551967931E+01  -0.19670980949659E+00
 0.49999772845339086E+00   0.41125171460457E+01  -0.17062904521427E+00
 0.49999803145698302E+00   0.43671071685993E+01  -0.14786859759914E+00
 0.49999829738178275E+00   0.46350724509653E+01  -0.12789338693204E+00
 0.49999853174858849E+00   0.49168500183013E+01  -0.11028870455893E+00
 0.49999873880825113E+00   0.52128638959647E+01  -0.94735237579725E-01
 0.49999892183779793E+00   0.55235222042457E+01  -0.80986824422739E-01
 0.49999908339803439E+00   0.58492142214126E+01  -0.68851104341313E-01
 0.49999922555019066E+00   0.61903074538070E+01  -0.58173243466364E-01
 0.49999935002979123E+00   0.65471447546554E+01  -0.48822874256713E-01
 0.49999945837719773E+00   0.69200415353393E+01  -0.40684289499923E-01
 0.49999955202621238E+00   0.73092831139412E+01  -0.33649786705540E-01
 0.49999963235468259E+00   0.77151222458371E+01  -0.27615866849171E-01
 0.49999970070389865E+00   0.81377768798438E+01  -0.22481777180223E-01
 0.49999975837603106E+00   0.85774281809213E+01  -0.18149703761518E-01
 0.49999980661996235E+00   0.90342188566791E+01  -0.14525835537540E-01
 0.49999984661490959E+00   0.95082518200100E+01  -0.11521594623462E-01
 0.49999987945814445E+00   0.99995892142010E+01  -0.90545586251585E-02
 0.49999990615898293E+00   0.10508251820010E+02  -0.70489120404789E-02
 0.49999992763772844E+00   0.11034218856679E+02  -0.54355257087284E-02
 0.49999994472677334E+00   0.11577428180921E+02  -0.41518739547897E-02
 0.49999995817169562E+00   0.12137776879844E+02  -0.31419522824390E-02
 0.49999996863180157E+00   0.12715122245837E+02  -0.23562365474046E-02
 0.49999997668088841E+00   0.13309283113941E+02  -0.17516256646122E-02
 0.49999998280936914E+00   0.13920041535339E+02  -0.12912820153872E-02
 0.49999998742848462E+00   0.14547144754655E+02  -0.94431504548442E-03
 0.49999999087663649E+00   0.15190307453807E+02  -0.68530554385227E-03
 0.49999999342732704E+00   0.15849214221413E+02  -0.49370927053261E-03
 0.49999999529794392E+00   0.16523522204246E+02  -0.35319703932934E-03
 0.49999999665864903E+00   0.17212863895965E+02  -0.25098706347748E-03
 0.49999999764079189E+00   0.17916850018301E+02  -0.17721295947659E-03
 0.49999999834448006E+00   0.18635072450965E+02  -0.12435511321218E-03
 0.49999999884512514E+00   0.19367107168599E+02  -0.86748937054182E-04
 0.49999999919892818E+00   0.20112517146046E+02  -0.60172864826402E-04
 0.49999999944735785E+00   0.20870855196793E+02  -0.41511959958385E-04
 0.49999999962072905E+00   0.21641666713578E+02  -0.28489106216334E-04
 0.49999999969931952E+00   0.22424492284561E+02  -0.22585742569969E-04
 0.50000000000000000E+00   0.23218870163075E+02   0.90203400304745E-11
 0.50000000000000000E+00   0.24024338573573E+02   0.87201357246158E-11
 0.50000000000000000E+00   0.24840437840854E+02   0.84336981842625E-11
 0.50000000000000000E+00   0.25666712333901E+02   0.81623596770442E-11
 0.50000000000000000E+00   0.26502712219579E+02   0.79047879353311E-11
 0.50000000000000000E+00   0.27347995024993E+02   0.76605388699136E-11
 0.50000000000000000E+00   0.28202127010389E+02   0.74282802131620E-11
 0.50000000000000000E+00   0.29064684357170E+02   0.72080119650764E-11
 0.50000000000000000E+00   0.29935254177814E+02   0.69984018580271E-11
 0.50000000000000000E+00   0.30813435356248E+02   0.67985617135946E-11
 0.50000000000000000E+00   0.31698839228624E+02   0.66089356209886E-11
 0.50000000000000000E+00   0.32591090115412E+02   0.64277472233698E-11
 0.50000000000000000E+00   0.33489825716383E+02   0.62554406099480E-11
 0.50000000000000000E+00   0.34394697380382E+02   0.60911276023035E-11
 0.50000000000000000E+00   0.35305370261891E+02   0.59339200220165E-11
 0.50000000000000000E+00   0.36221523376224E+02   0.57838178690872E-11
 0.50000000000000000E+00   0.37142849564891E+02   0.56403770543056E-11
 0.50000000000000000E+00   0.38069055382202E+02   0.55031534884620E-11
 0.50000000000000000E+00   0.38999860913611E+02   0.53719251269513E-11
 0.50000000000000000E+00   0.39934999535663E+02   0.52462478805637E-11
 0.50000000000000000E+00   0.40874217626704E+02   0.51254556154845E-11
