 0.31861955012126475E+00   0.97578195523695E-18  -0.21380477550507E+05
 0.31865312732286571E+00   0.29483069282768E-04  -0.21374267097991E+05
 0.31876359873212495E+00   0.61082173640461E-04  -0.21353843495906E+05
 0.31896728815361469E+00   0.94949178290611E-04  -0.21316223134793E+05
 0.31928300275377830E+00   0.13124684686428E-03  -0.21258007173455E+05
 0.31973226374585034E+00   0.17014962340302E-03  -0.21175364225106E+05
 0.32033950905436492E+00   0.21184447044981E-03  -0.21064027984571E+05
 0.32113224073660973E+00   0.25653176725507E-03  -0.20919317115174E+05
 0.32214107947405191E+00   0.30442627240692E-03  -0.20736186445682E+05
 0.32339967784804852E+00   0.35575815550320E-03  -0.20509319707903E+05
 0.32494442796650652E+00   0.41077410281323E-03  -0.20233275326222E+05
 0.32681388333572020E+00   0.46973850223137E-03  -0.19902696630346E+05
 0.32904779909286624E+00   0.53293471320370E-03  -0.19512595996436E+05
 0.33168568396698550E+00   0.60066642771546E-03  -0.19058717641188E+05
 0.33476475842226533E+00   0.67325912886222E-03  -0.18537975069702E+05
 0.33831723760512000E+00   0.75106165399386E-03  -0.17948945584014E+05
 0.34236692027665561E+00   0.83444786992019E-03  -0.17292385579470E+05
 0.34692518358549740E+00   0.92381846820159E-03  -0.16571707790340E+05
 0.35198667228113173E+00   0.10196028891215E-02  -0.15793338708496E+05
 0.35752522731464315E+00   0.11222613835509E-02  -0.14966857628433E+05
 0.36349088416757114E+00   0.12322872225722E-02  -0.14104817654316E+05
 0.36980899049062865E+00   0.13502090654347E-02  -0.13222174225103E+05
 0.37638248999201107E+00   0.14765934971652E-02  -0.12335305970960E+05
 0.38309801999445459E+00   0.16120477479678E-02  -0.11460704252290E+05
 0.38983558705354832E+00   0.17572226074079E-02  -0.10613513781404E+05
 0.39648036798318442E+00   0.19128155473023E-02  -0.98061916682299E+04
 0.40293409761439286E+00   0.20795740682274E-02  -0.90475714552953E+04
 0.40912319010355380E+00   0.22582992856177E-02  -0.83425404669420E+04
 0.41500161486192161E+00   0.24498497725618E-02  -0.76923712092954E+04
 0.42054838149637197E+00   0.26551456776172E-02  -0.70955510387740E+04
 0.42576137409263448E+00   0.28751731372654E-02  -0.65488193659945E+04
 0.43065018739880623E+00   0.31109890040199E-02  -0.60481143942773E+04
 0.43523017303921624E+00   0.33637259126873E-02  -0.55892442200743E+04
 0.43951863112496892E+00   0.36345977088734E-02  -0.51682518406124E+04
 0.44353291278150425E+00   0.39249052655295E-02  -0.47815519502263E+04
 0.44728969837683374E+00   0.42360427151559E-02  -0.44259443686768E+04
 0.45080480637370951E+00   0.45695041272231E-02  -0.40985806171426E+04
 0.45409317942271904E+00   0.49268906624595E-02  -0.37969211819004E+04
 0.45716891378911106E+00   0.53099182378730E-02  -0.35186959554873E+04
 0.46004529623897855E+00   0.57204257387563E-02  -0.32618701294223E+04
 0.46273484150763006E+00   0.61603838164655E-02  -0.30246151079965E+04
 0.46524932928549911E+00   0.66319043134761E-02  -0.28052836516612E+04
 0.46759984046495628E+00   0.71372503601200E-02  -0.26023885506674E+04
 0.46979679249408907E+00   0.76788471905016E-02  -0.24145842547626E+04
 0.47184997371896098E+00   0.82592937283951E-02  -0.22406509889420E+04
 0.47376857662377514E+00   0.88813749974526E-02  -0.20794809688443E+04
 0.47556122990253025E+00   0.95480754138094E-02  -0.19300663966118E+04
 0.47723602931667275E+00   0.10262593023187E-01  -0.17914889723679E+04
 0.47880056731125692E+00   0.11028354748868E-01  -0.16629107005905E+04
 0.48026196137755739E+00   0.11849032721462E-01  -0.15435658066639E+04
 0.48162688116322611E+00   0.12728561766261E-01  -0.14327536083909E+04
 0.48290157434220299E+00   0.13671158129094E-01  -0.13298322115261E+04
 0.48409189126590596E+00   0.14681339527142E-01  -0.12342129184477E+04
 0.48520330842492293E+00   0.15763946616981E-01  -0.11453552557311E+04
 0.48624095075666934E+00   0.16924165978315E-01  -0.10627625402423E+04
 0.48720961283936209E+00   0.18167554718499E-01  -0.98597791496410E+03
 0.48811377901628705E+00   0.19500066809896E-01  -0.91458079550530E+03
 0.48895764249673479E+00   0.20928081279553E-01  -0.84818367645960E+03
 0.48974512348116322E+00   0.22458432378533E-01  -0.78642925376080E+03
 0.49047988635809808E+00   0.24098441866553E-01  -0.72898782513956E+03
 0.49116535601894978E+00   0.25855953556357E-01  -0.67555493592072E+03
 0.49180473333426095E+00   0.27739370271550E-01  -0.62584924186083E+03
 0.49240100983083962E+00   0.29757693381404E-01  -0.57961056464336E+03
 0.49295698160374019E+00   0.31920565086455E-01  -0.53659811913073E+03
 0.49347526249013263E+00   0.34238313639551E-01  -0.49658889460242E+03
 0.49395829652382406E+00   0.36722001698414E-01  -0.45937617505365E+03
 0.49440836967975216E+00   0.39383478017693E-01  -0.42476818623450E+03
 0.49482762090749066E+00   0.42235432700963E-01  -0.39258685949988E+03
 0.49521805244223999E+00   0.45291456246181E-01  -0.36266670471762E+03
 0.49558153937172195E+00   0.48566102631601E-01  -0.33485378641934E+03
 0.49591983842903886E+00   0.52074956703276E-01  -0.30900479901951E+03
 0.49623459597651814E+00   0.55834706139791E-01  -0.28498623817360E+03
 0.49652735514616420E+00   0.59863218284852E-01  -0.26267366604491E+03
 0.49679956211180321E+00   0.64179622153785E-01  -0.24195106817711E+03
 0.49705257149086784E+00   0.68804395935657E-01  -0.22271029850045E+03
 0.49728765091623151E+00   0.73759460328728E-01  -0.20485060628127E+03
 0.49750598488836717E+00   0.79068278063012E-01  -0.18827823398272E+03
 0.49770867812312858E+00   0.84755959979821E-01  -0.17290606746841E+03
 0.49789675875257650E+00   0.90849378054143E-01  -0.15865330961933E+03
 0.49807118189772287E+00   0.97377285761297E-01  -0.14544513660419E+03
 0.49823283425101189E+00   0.10437044620442E+00  -0.13321228741873E+03
 0.49838254025230344E+00   0.11186176843355E+00  -0.12189054172651E+03
 0.49852107003322360E+00   0.11988645240026E+00  -0.11142007215820E+03
 0.49864914844079500E+00   0.12848214300340E+00  -0.10174472251333E+03
 0.49876746337312444E+00   0.13768909369134E+00  -0.92811344480560E+02
 0.49887667109384043E+00   0.14755034009334E+00  -0.84569367791589E+02
 0.49897739693569521E+00   0.15811188415740E+00  -0.76970722243049E+02
 0.49907023180952559E+00   0.16942288927237E+00  -0.69970078752647E+02
 0.49915572695829036E+00   0.18153588684917E+00  -0.63525224546839E+02
 0.49923439002898540E+00   0.19450699482699E+00  -0.57597340604601E+02
 0.49930668454554145E+00   0.20839614855590E+00  -0.52151024645290E+02
 0.49937303320079868E+00   0.22326734448556E+00  -0.47154028574226E+02
 0.49943382408286463E+00   0.23918889705942E+00  -0.42576777275280E+02
 0.49948941839492977E+00   0.25623370917446E+00  -0.38391777238487E+02
 0.49954015825084641E+00   0.27447955651526E+00  -0.34573021504607E+02
 0.49958637342209183E+00   0.29400938600797E+00  -0.31095475174362E+02
 0.49962838626295725E+00   0.31491162856155E+00  -0.27934699244001E+02
 0.49966651436291115E+00   0.33728052616913E+00  -0.25066646311667E+02
 0.49970107075247316E+00   0.36121647332923E+00  -0.22467640894140E+02
 0.49973236172914498E+00   0.38682637261280E+00  -0.20114539107317E+02
 0.49976068258285078E+00   0.41422400404472E+00  -0.17985046536082E+02
 0.49978631170091686E+00   0.44353040778554E+00  -0.16058158112394E+02
 0.49980950376422523E+00   0.47487427938818E+00  -0.14314666469825E+02
 0.49983048312352929E+00   0.50839237666158E+00  -0.12737656926305E+02
 0.49984943918048352E+00   0.54422993689737E+00  -0.11312852006267E+02
 0.49986652680736399E+00   0.58254110290335E+00  -0.10028577572863E+02
 0.49988187562618230E+00   0.62348935593563E+00  -0.88750635918990E+01
 0.49989560904331143E+00   0.66724795322943E+00  -0.78430123809067E+01
 0.49990786440096668E+00   0.71400036739287E+00  -0.69220835946292E+01
 0.49991879792989052E+00   0.76394072444865E+00  -0.61005217315428E+01
 0.49992856892850907E+00   0.81727423678444E+00  -0.53663445571331E+01
 0.49993731797777191E+00   0.87421762670440E+00  -0.47089793720503E+01
 0.49994515588235017E+00   0.93499953566278E+00  -0.41200931403926E+01
 0.49995216573745327E+00   0.99986091361083E+00  -0.35934364913080E+01
 0.49995841150779974E+00   0.10690553822024E+01  -0.31241986510831E+01
 0.49996394706483849E+00   0.11428495648913E+01  -0.27083281536254E+01
 0.49996882293799583E+00   0.12215233762238E+01  -0.23420254391086E+01
 0.49997309025887449E+00   0.13053702618907E+01  -0.20214464196111E+01
 0.49997680230716335E+00   0.13946973803820E+01  -0.17425862535368E+01
 0.49998001432620787E+00   0.14898257163832E+01  -0.15012931209820E+01
 0.49998278227240367E+00   0.15910901154124E+01  -0.12933620935079E+01
 0.49998516106571500E+00   0.16988392286241E+01  -0.11146664792014E+01
 0.49998720277995246E+00   0.18134353562483E+01  -0.96129369457981E+00
 0.49998895507670210E+00   0.19352541778144E+01  -0.82966283867050E+00
 0.49999046006220327E+00   0.20646843571704E+01  -0.71661050372483E+00
 0.49999175364557669E+00   0.22021270103889E+01  -0.61943893487732E+00
 0.49999286541172461E+00   0.23479950249930E+01  -0.53592553846087E+00
 0.49999381900189349E+00   0.25027122195788E+01  -0.46429426514695E+00
 0.49999463301449820E+00   0.26667123339008E+01  -0.40314792039263E+00
 0.49999532245092559E+00   0.28404378408543E+01  -0.35135954456792E+00
 0.49999590061582849E+00   0.30243385735729E+01  -0.30792965868802E+00
 0.49999638102746907E+00   0.32188701630746E+01  -0.27184275952228E+00
 0.49999677850143176E+00   0.34244922845610E+01  -0.24198591090090E+00
 0.49999710876265191E+00   0.36416667135785E+01  -0.21717788363443E+00
 0.49999738691431317E+00   0.38708551967931E+01  -0.19628416320961E+00
 0.49999762587761359E+00   0.41125171460457E+01  -0.17833414555509E+00
 0.49999783564683642E+00   0.43671071685993E+01  -0.16257709052500E+00
 0.49999802340277527E+00   0.46350724509653E+01  -0.14847359970225E+00
 0.49999819407880125E+00   0.49168500183013E+01  -0.13565309423603E+00
 0.49999835100160617E+00   0.52128638959647E+01  -0.12386568384800E+00
 0.49999849641932315E+00   0.55235222042457E+01  -0.11294249602886E+00
 0.49999863187464783E+00   0.58492142214126E+01  -0.10276764833859E+00
 0.49999875844613584E+00   0.61903074538070E+01  -0.93260122946707E-01
 0.49999887689709510E+00   0.65471447546554E+01  -0.84362582363052E-01
 0.49999898776717799E+00   0.69200415353393E+01  -0.76034489318687E-01
 0.49999909143201499E+00   0.73092831139412E+01  -0.68247627296079E-01
 0.49999918814690414E+00   0.77151222458371E+01  -0.60982818735503E-01
 0.49999927808333944E+00   0.81377768798438E+01  -0.54227181139372E-01
 0.49999936136213508E+00   0.85774281809213E+01  -0.47971638913613E-01
 0.49999943808375391E+00   0.90342188566791E+01  -0.42208645235922E-01
 0.49999950835479179E+00   0.95082518200100E+01  -0.36930192649234E-01
 0.49999957230904551E+00   0.99995892142010E+01  -0.32126230509138E-01
 0.49999963012186877E+00   0.10508251820010E+02  -0.27783586663352E-01
 0.49999968201728290E+00   0.11034218856679E+02  -0.23885433307947E-01
 0.49999972826826461E+00   0.11577428180921E+02  -0.20411265362498E-01
 0.49999976919150013E+00   0.12137776879844E+02  -0.17337294549171E-01
 0.49999980513845482E+00   0.12715122245837E+02  -0.14637120152470E-01
 0.49999983648474344E+00   0.13309283113941E+02  -0.12282527541002E-01
 0.49999986361948623E+00   0.13920041535339E+02  -0.10244287596018E-01
 0.49999988693576181E+00   0.14547144754655E+02  -0.84928739304411E-02
 0.49999990682260931E+00   0.15190307453807E+02  -0.69990636056030E-02
 0.49999992365853485E+00   0.15849214221413E+02  -0.57344248744899E-02
 0.49999993780623658E+00   0.16523522204246E+02  -0.46717134624965E-02
 0.49999994960826866E+00   0.17212863895965E+02  -0.37851981932473E-02
 0.49999995938351677E+00   0.17916850018301E+02  -0.30509258159561E-02
 0.49999996742450031E+00   0.18635072450965E+02  -0.24469235558313E-02
 0.49999997399559798E+00   0.19367107168599E+02  -0.19533324898121E-02
 0.49999997933226209E+00   0.20112517146046E+02  -0.15524664872461E-02
 0.49999998364121334E+00   0.20870855196793E+02  -0.12287976282417E-02
 0.49999998710150617E+00   0.21641666713578E+02  -0.96887614198327E-03
 0.49999998986628791E+00   0.22424492284561E+02  -0.76119829926824E-03
 0.49999999206503765E+00   0.23218870163075E+02  -0.59603821484899E-03
 0.49999999380607607E+00   0.24024338573573E+02  -0.46525932245001E-03
 0.49999999517916405E+00   0.24840437840854E+02  -0.36211920398166E-03
 0.49999999625804686E+00   0.25666712333901E+02  -0.28107843545744E-03
 0.49999999710284665E+00   0.26502712219579E+02  -0.21762092318600E-03
 0.49999999776223958E+00   0.27347995024993E+02  -0.16809033083831E-03
 0.49999999827538910E+00   0.28202127010389E+02  -0.12954487321659E-03
 0.49999999867362754E+00   0.29064684357170E+02  -0.99631025775371E-04
 0.49999999898189301E+00   0.29935254177814E+02  -0.76475523208663E-04
 0.49999999921994320E+00   0.30813435356248E+02  -0.58594281642232E-04
 0.49999999940336465E+00   0.31698839228624E+02  -0.44816512326795E-04
 0.49999999954440666E+00   0.32591090115412E+02  -0.34222075755763E-04
 0.49999999965266340E+00   0.33489825716383E+02  -0.26090329251272E-04
 0.49999999969931963E+00   0.34394697380382E+02  -0.22585751887849E-04
 0.50000000000000000E+00   0.35305370261891E+02   0.28088642523016E-13
 0.50000000000000000E+00   0.36221523376224E+02   0.32529534621517E-13
 0.50000000000000000E+00   0.37142849564891E+02   0.33861802251067E-13
 0.50000000000000000E+00   0.38069055382202E+02   0.34028335704761E-13
 0.50000000000000000E+00   0.38999860913611E+02   0.33417713041217E-13
 0.50000000000000000E+00   0.39934999535663E+02   0.32751579226442E-13
 0.50000000000000000E+00   0.40874217626704E+02   0.32085445411667E-13
