 0.24067625808039925E+00   0.97578195523695E-18  -0.40467686303155E+05
 0.24071256086029730E+00   0.29483069282768E-04  -0.40455918992182E+05
 0.24083202479290641E+00   0.61082173640461E-04  -0.40417220577971E+05
 0.24105238763633569E+00   0.94949178290611E-04  -0.40345938222043E+05
 0.24139418606041091E+00   0.13124684686428E-03  -0.40235631706893E+05
 0.24188106883128724E+00   0.17014962340302E-03  -0.40079041328509E+05
 0.24254010899755374E+00   0.21184447044981E-03  -0.39868083430903E+05
 0.24340209248699138E+00   0.25653176725507E-03  -0.39593887867553E+05
 0.24450174964239399E+00   0.30442627240692E-03  -0.39246895136093E+05
 0.24587788847655923E+00   0.35575815550320E-03  -0.38817032045974E+05
 0.24757336715729816E+00   0.41077410281323E-03  -0.38293987971044E+05
 0.24963482297752182E+00   0.46973850223137E-03  -0.37667613148645E+05
 0.25211204866270187E+00   0.53293471320370E-03  -0.36928457062703E+05
 0.25505687950908684E+00   0.60066642771546E-03  -0.36068455853927E+05
 0.25852143103334252E+00   0.67325912886222E-03  -0.35081761182816E+05
 0.26255551767191165E+00   0.75106165399386E-03  -0.33965677209643E+05
 0.26720310685514953E+00   0.83444786992019E-03  -0.32721636963459E+05
 0.27249774671004157E+00   0.92381846820159E-03  -0.31356106614869E+05
 0.27845708298307204E+00   0.10196028891215E-02  -0.29881262706393E+05
 0.28507687947075683E+00   0.11222613835509E-02  -0.28315255618051E+05
 0.29232537327048636E+00   0.12322872225722E-02  -0.26681870428443E+05
 0.30013925721939383E+00   0.13502090654347E-02  -0.25009444118214E+05
 0.30842290214474810E+00   0.14765934971652E-02  -0.23329010340755E+05
 0.31705232071618539E+00   0.16120477479678E-02  -0.21671816427295E+05
 0.32588454831109070E+00   0.17572226074079E-02  -0.20066558229540E+05
 0.33477153586078012E+00   0.19128155473023E-02  -0.18536839345478E+05
 0.34357577714255139E+00   0.20795740682274E-02  -0.17099397698127E+05
 0.35218368299987951E+00   0.22582992856177E-02  -0.15763494190870E+05
 0.36051311306436101E+00   0.24498497725618E-02  -0.14531540625100E+05
 0.36851362037139362E+00   0.26551456776172E-02  -0.13400671712461E+05
 0.37616080019123388E+00   0.28751731372654E-02  -0.12364710316309E+05
 0.38344802275314915E+00   0.31109890040199E-02  -0.11415961286536E+05
 0.39037880262908919E+00   0.33637259126873E-02  -0.10546483032321E+05
 0.39696154769399805E+00   0.36345977088734E-02  -0.97487791282300E+04
 0.40320674085222119E+00   0.39249052655295E-02  -0.90160575183985E+04
 0.40912572570685746E+00   0.42360427151559E-02  -0.83422559693343E+04
 0.41473025300248495E+00   0.45695041272231E-02  -0.77219787484622E+04
 0.42003229579439449E+00   0.49268906624595E-02  -0.71504156566939E+04
 0.42504393966230025E+00   0.53099182378730E-02  -0.66232670795756E+04
 0.42977729475998661E+00   0.57204257387563E-02  -0.61366793653470E+04
 0.43424441932113850E+00   0.61603838164655E-02  -0.56871897137028E+04
 0.43845725290042559E+00   0.66319043134761E-02  -0.52716790750021E+04
 0.44242755873242595E+00   0.71372503601200E-02  -0.48873317341463E+04
 0.44616687463504745E+00   0.76788471905016E-02  -0.45316004904123E+04
 0.44968647185137017E+00   0.82592937283951E-02  -0.42021765419072E+04
 0.45299732120421954E+00   0.88813749974526E-02  -0.38969633416898E+04
 0.45611006593329961E+00   0.95480754138094E-02  -0.36140538200246E+04
 0.45903500059243968E+00   0.10262593023187E-01  -0.33517104702751E+04
 0.46178205540147510E+00   0.11028354748868E-01  -0.31083478797281E+04
 0.46436078547086002E+00   0.11849032721462E-01  -0.28825173551196E+04
 0.46678036434491255E+00   0.12728561766261E-01  -0.26728933489092E+04
 0.46904958133953695E+00   0.13671158129094E-01  -0.24782614388642E+04
 0.47117684218056533E+00   0.14681339527142E-01  -0.22975076521783E+04
 0.47317017247805337E+00   0.15763946616981E-01  -0.21296089577012E+04
 0.47503722359880762E+00   0.16924165978315E-01  -0.19736247770926E+04
 0.47678528052335950E+00   0.18167554718499E-01  -0.18286893888018E+04
 0.47842127129420753E+00   0.19500066809896E-01  -0.16940051184616E+04
 0.47995177767958669E+00   0.20928081279553E-01  -0.15688362261445E+04
 0.48138304669210663E+00   0.22458432378533E-01  -0.14525034153893E+04
 0.48272100261588025E+00   0.24098441866553E-01  -0.13443789012337E+04
 0.48397125921182904E+00   0.25855953556357E-01  -0.12438819848316E+04
 0.48513913179258372E+00   0.27739370271550E-01  -0.11504750905573E+04
 0.48622964889142078E+00   0.29757693381404E-01  -0.10636602276220E+04
 0.48724756330194280E+00   0.31920565086455E-01  -0.98297584173619E+03
 0.48819736234735561E+00   0.34238313639551E-01  -0.90799402261479E+03
 0.48908327736349133E+00   0.36722001698414E-01  -0.83831802928504E+03
 0.48990929256148352E+00   0.39383478017693E-01  -0.77358008635392E+03
 0.49067915367988257E+00   0.42235432700963E-01  -0.71343939034569E+03
 0.49139637712158374E+00   0.45291456246181E-01  -0.65758024763932E+03
 0.49206426051962504E+00   0.48566102631601E-01  -0.60571025056087E+03
 0.49268589571441002E+00   0.52074956703276E-01  -0.55755839909547E+03
 0.49326418469065586E+00   0.55834706139791E-01  -0.51287311235621E+03
 0.49380185790138986E+00   0.59863218284852E-01  -0.47142016219858E+03
 0.49430149275788993E+00   0.64179622153785E-01  -0.43298068825877E+03
 0.49476552873057533E+00   0.68804395935657E-01  -0.39734955451480E+03
 0.49519627575555625E+00   0.73759460328728E-01  -0.36433428619432E+03
 0.49559591506028305E+00   0.79068278063012E-01  -0.33375464008326E+03
 0.49596649498267981E+00   0.84755959979821E-01  -0.30544259914981E+03
 0.49630992661900097E+00   0.90849378054143E-01  -0.27924241479961E+03
 0.49662798381712270E+00   0.97377285761297E-01  -0.25501034964142E+03
 0.49692230971822837E+00   0.10437044620442E+00  -0.23261395311594E+03
 0.49719442938932717E+00   0.11186176843355E+00  -0.21193090528365E+03
 0.49744576629987697E+00   0.11988645240026E+00  -0.19284759870023E+03
 0.49767765973182998E+00   0.12848214300340E+00  -0.17525767680084E+03
 0.49789138035034802E+00   0.13768909369134E+00  -0.15906073518280E+03
 0.49808814171484228E+00   0.14755034009334E+00  -0.14416134945100E+03
 0.49826910625559023E+00   0.15811188415740E+00  -0.13046853667441E+03
 0.49843538512792607E+00   0.16942288927237E+00  -0.11789569080452E+03
 0.49858803243959271E+00   0.18153588684917E+00  -0.10636095127352E+03
 0.49872803573477231E+00   0.19450699482699E+00  -0.95787860196701E+02
 0.49885630636360406E+00   0.20839614855590E+00  -0.86106033095740E+02
 0.49897367512352503E+00   0.22326734448556E+00  -0.77251436833370E+02
 0.49908089886598239E+00   0.23918889705942E+00  -0.69165846614063E+02
 0.49917867976531372E+00   0.25623370917446E+00  -0.61795355976588E+02
 0.49926768937584320E+00   0.27447955651526E+00  -0.55088534293807E+02
 0.49934858131165466E+00   0.29400938600797E+00  -0.48995448471638E+02
 0.49942198213883660E+00   0.31491162856155E+00  -0.43468329307049E+02
 0.49948846880080922E+00   0.33728052616913E+00  -0.38463252378427E+02
 0.49954855197492820E+00   0.36121647332923E+00  -0.33941372252745E+02
 0.49960267712616935E+00   0.38682637261280E+00  -0.29868826145898E+02
 0.49965124100782676E+00   0.41422400404472E+00  -0.26215478397338E+02
 0.49969461438412627E+00   0.44353040778554E+00  -0.22953200608950E+02
 0.49973316250289657E+00   0.47487427938818E+00  -0.20054324216328E+02
 0.49976725845200187E+00   0.50839237666158E+00  -0.17490630367224E+02
 0.49979728785277178E+00   0.54422993689737E+00  -0.15232992303828E+02
 0.49982364558962183E+00   0.58254110290335E+00  -0.13251616874659E+02
 0.49984672657863716E+00   0.62348935593563E+00  -0.11516734190457E+02
 0.49986691319292997E+00   0.66724795322943E+00  -0.99995385375851E+01
 0.49988456210152327E+00   0.71400036739287E+00  -0.86731734370657E+01
 0.49989999313981570E+00   0.76394072444865E+00  -0.75135642652233E+01
 0.49991348259062707E+00   0.81727423678444E+00  -0.64999198393815E+01
 0.49992526290652173E+00   0.87421762670440E+00  -0.56147505228239E+01
 0.49993552988741063E+00   0.93499953566278E+00  -0.48433267551191E+01
 0.49994445552610056E+00   0.99986091361083E+00  -0.41727123288646E+01
 0.49995220039278632E+00   0.10690553822024E+01  -0.35908328325533E+01
 0.49995891803337955E+00   0.11428495648913E+01  -0.30861444485614E+01
 0.49996474997371321E+00   0.12215233762238E+01  -0.26480086742784E+01
 0.49996981811247643E+00   0.13053702618907E+01  -0.22672632682687E+01
 0.49997422169223094E+00   0.13946973803820E+01  -0.19364493192477E+01
 0.49997804007316449E+00   0.14898257163832E+01  -0.16496024870586E+01
 0.49998133834482822E+00   0.15910901154124E+01  -0.14018311598367E+01
 0.49998417275619156E+00   0.16988392286241E+01  -0.11889083557524E+01
 0.49998659453328242E+00   0.18134353562483E+01  -0.10069848160779E+01
 0.49998865192058739E+00   0.19352541778144E+01  -0.85243556819829E+00
 0.49999039085519614E+00   0.20646843571704E+01  -0.72180921765070E+00
 0.49999185480590852E+00   0.22021270103889E+01  -0.61183997960060E+00
 0.49999308423427885E+00   0.23479950249930E+01  -0.51948811851844E+00
 0.49999411600044719E+00   0.25027122195788E+01  -0.44198454269157E+00
 0.49999498290555588E+00   0.26667123339008E+01  -0.37686514573040E+00
 0.49999571345763089E+00   0.28404378408543E+01  -0.32198836843936E+00
 0.49999633187434384E+00   0.30243385735729E+01  -0.27553497266058E+00
 0.49999685829143536E+00   0.32188701630746E+01  -0.23599237137986E+00
 0.49999730912392976E+00   0.34244922845610E+01  -0.20212748551370E+00
 0.49999769752203282E+00   0.36416667135785E+01  -0.17295249142868E+00
 0.49999803386875952E+00   0.38708551967931E+01  -0.14768743616495E+00
 0.49999832627697149E+00   0.41125171460457E+01  -0.12572289849782E+00
 0.49999858105590239E+00   0.43671071685993E+01  -0.10658494316789E+00
 0.49999880312875999E+00   0.46350724509653E+01  -0.89903750726826E-01
 0.49999899639201950E+00   0.49168500183013E+01  -0.75386627924762E-01
 0.49999916401295524E+00   0.52128638959647E+01  -0.62795657656626E-01
 0.49999930866523590E+00   0.55235222042457E+01  -0.51930001656815E-01
 0.49999943270420438E+00   0.58492142214126E+01  -0.42612733852901E-01
 0.49999953828522614E+00   0.61903074538070E+01  -0.34681950353399E-01
 0.49999962743117765E+00   0.65471447546554E+01  -0.27985699892774E-01
 0.49999970205878308E+00   0.69200415353393E+01  -0.22380005360781E-01
 0.49999976397702545E+00   0.73092831139412E+01  -0.17728983039149E-01
 0.49999981487249368E+00   0.77151222458371E+01  -0.13905943232206E-01
 0.49999985629475069E+00   0.81377768798438E+01  -0.10794489235483E-01
 0.49999988964953851E+00   0.85774281809213E+01  -0.82890276819381E-02
 0.49999991620091128E+00   0.90342188566791E+01  -0.62946082926323E-02
 0.49999993707846546E+00   0.95082518200100E+01  -0.47263806988322E-02
 0.49999995328483443E+00   0.99995892142010E+01  -0.35090315594402E-02
 0.49999996570088356E+00   0.10508251820010E+02  -0.25763941488419E-02
 0.49999997508908439E+00   0.11034218856679E+02  -0.18711950256747E-02
 0.49999998209716601E+00   0.11577428180921E+02  -0.13447796967103E-02
 0.49999998726395328E+00   0.12137776879844E+02  -0.95667405652211E-03
 0.49999999102811477E+00   0.12715122245837E+02  -0.67392733029470E-03
 0.49999999373937509E+00   0.13309283113941E+02  -0.47026974432773E-03
 0.49999999567111914E+00   0.13920041535339E+02  -0.32516589741372E-03
 0.49999999703320941E+00   0.14547144754655E+02  -0.22285186630100E-03
 0.49999999798408390E+00   0.15190307453807E+02  -0.15142647974908E-03
 0.49999999864154054E+00   0.15849214221413E+02  -0.10204132705383E-03
 0.49999999909192949E+00   0.16523522204246E+02  -0.68210155082404E-04
 0.49999999939772022E+00   0.17212863895965E+02  -0.45240543793845E-04
 0.49999999960354979E+00   0.17916850018301E+02  -0.29779549867825E-04
 0.49999999969931963E+00   0.18635072450965E+02  -0.22585751324744E-04
 0.50000000000000000E+00   0.19367107168599E+02   0.56177285046033E-12
 0.50000000000000000E+00   0.20112517146046E+02   0.54156679141215E-12
 0.50000000000000000E+00   0.20870855196793E+02   0.52224891078367E-12
 0.50000000000000000E+00   0.21641666713578E+02   0.50337511936505E-12
 0.50000000000000000E+00   0.22424492284561E+02   0.48605564018089E-12
 0.50000000000000000E+00   0.23218870163075E+02   0.46940229481152E-12
 0.50000000000000000E+00   0.24024338573573E+02   0.45385917246676E-12
 0.50000000000000000E+00   0.24840437840854E+02   0.43898218393679E-12
 0.50000000000000000E+00   0.25666712333901E+02   0.42477132922158E-12
 0.50000000000000000E+00   0.26502712219579E+02   0.41144865292608E-12
 0.50000000000000000E+00   0.27347995024993E+02   0.39879211044536E-12
 0.50000000000000000E+00   0.28202127010389E+02   0.38657965717448E-12
 0.50000000000000000E+00   0.29064684357170E+02   0.37503333771838E-12
 0.50000000000000000E+00   0.29935254177814E+02   0.36415315207705E-12
 0.50000000000000000E+00   0.30813435356248E+02   0.35371705564557E-12
 0.50000000000000000E+00   0.31698839228624E+02   0.34372504842395E-12
 0.50000000000000000E+00   0.32591090115412E+02   0.33439917501710E-12
 0.50000000000000000E+00   0.33489825716383E+02   0.32551739082010E-12
 0.50000000000000000E+00   0.34394697380382E+02   0.31685765122802E-12
 0.50000000000000000E+00   0.35305370261891E+02   0.30886404545072E-12
 0.50000000000000000E+00   0.36221523376224E+02   0.30098146197588E-12
 0.50000000000000000E+00   0.37142849564891E+02   0.29343194540843E-12
 0.50000000000000000E+00   0.38069055382202E+02   0.28632651805083E-12
 0.50000000000000000E+00   0.38999860913611E+02   0.27944313529815E-12
 0.50000000000000000E+00   0.39934999535663E+02   0.27311486405779E-12
 0.50000000000000000E+00   0.40874217626704E+02   0.26678659281743E-12
