 0.18488419653566326E+00   0.97578195523695E-18  -0.64013229735510E+05
 0.18491811744598219E+00   0.29483069282768E-04  -0.63994597816086E+05
 0.18502976242185465E+00   0.61082173640461E-04  -0.63933322228859E+05
 0.18523576368124872E+00   0.94949178290611E-04  -0.63820453717660E+05
 0.18555544783559633E+00   0.13124684686428E-03  -0.63645794338158E+05
 0.18601116936451698E+00   0.17014962340302E-03  -0.63397848875298E+05
 0.18662866629274330E+00   0.21184447044981E-03  -0.63063817871661E+05
 0.18743742084989568E+00   0.25653176725507E-03  -0.62629656239744E+05
 0.18847099792046493E+00   0.30442627240692E-03  -0.62080227480115E+05
 0.18976733458631123E+00   0.35575815550320E-03  -0.61399581679504E+05
 0.19136893006791370E+00   0.41077410281323E-03  -0.60571392979326E+05
 0.19332286732551038E+00   0.46973850223137E-03  -0.59579590226030E+05
 0.19568056848190152E+00   0.53293471320370E-03  -0.58409209451111E+05
 0.19849715258251791E+00   0.60066642771546E-03  -0.57047482312784E+05
 0.20183022665204819E+00   0.67325912886222E-03  -0.55485148515964E+05
 0.20573790773490222E+00   0.75106165399386E-03  -0.53717939423396E+05
 0.21027585986733027E+00   0.83444786992019E-03  -0.51748124036117E+05
 0.21549316279481770E+00   0.92381846820159E-03  -0.49585940818823E+05
 0.22142694860787462E+00   0.10196028891215E-02  -0.47250670031459E+05
 0.22809599533559199E+00   0.11222613835509E-02  -0.44771050915175E+05
 0.23549388557517745E+00   0.12322872225722E-02  -0.42184744729164E+05
 0.24358289728767527E+00   0.13502090654347E-02  -0.39536620300007E+05
 0.25229034593272820E+00   0.14765934971652E-02  -0.36875816523589E+05
 0.26150933373462565E+00   0.16120477479678E-02  -0.34251810882746E+05
 0.27110537639259824E+00   0.17572226074079E-02  -0.31710041198095E+05
 0.28092891105942319E+00   0.19128155473023E-02  -0.29287882657882E+05
 0.29083150483230302E+00   0.20795740682274E-02  -0.27011839842929E+05
 0.30068165888738013E+00   0.22582992856177E-02  -0.24896578733920E+05
 0.31037573539952179E+00   0.24498497725618E-02  -0.22945920911796E+05
 0.31984134888924354E+00   0.26551456776172E-02  -0.21155332595005E+05
 0.32903372917989282E+00   0.28751731372654E-02  -0.19515036298757E+05
 0.33792817622254817E+00   0.31109890040199E-02  -0.18012851098857E+05
 0.34651229475081785E+00   0.33637259126873E-02  -0.16636205971917E+05
 0.35478032875330745E+00   0.36345977088734E-02  -0.15373234843510E+05
 0.36273000739428657E+00   0.39249052655295E-02  -0.14213186988248E+05
 0.37036115531223146E+00   0.42360427151559E-02  -0.13146467312487E+05
 0.37767516598467443E+00   0.45695041272231E-02  -0.12164536067094E+05
 0.38467477857646271E+00   0.49268906624595E-02  -0.11259780609904E+05
 0.39136393095191835E+00   0.53099182378730E-02  -0.10425396686276E+05
 0.39774762652199058E+00   0.57204257387563E-02  -0.96552860488366E+04
 0.40383180450423201E+00   0.61603838164655E-02  -0.89439691238595E+04
 0.40962321378461475E+00   0.66319043134761E-02  -0.82865103490410E+04
 0.41512929176657570E+00   0.71372503601200E-02  -0.76784540842583E+04
 0.42035804941975663E+00   0.76788471905016E-02  -0.71157693729943E+04
 0.42531796345353895E+00   0.82592937283951E-02  -0.65948021455824E+04
 0.43001787626432725E+00   0.88813749974526E-02  -0.61122337073586E+04
 0.43446690405123817E+00   0.95480754138094E-02  -0.56650445579204E+04
 0.43867435326485499E+00   0.10262593023187E-01  -0.52504827524001E+04
 0.44264964534909623E+00   0.11028354748868E-01  -0.48660361499911E+04
 0.44640224955750563E+00   0.11849032721462E-01  -0.45094080051039E+04
 0.44994162347269240E+00   0.12728561766261E-01  -0.41784954472283E+04
 0.45327716073187957E+00   0.13671158129094E-01  -0.38713704704675E+04
 0.45641814536417302E+00   0.14681339527142E-01  -0.35862631155142E+04
 0.45937371207947031E+00   0.15763946616981E-01  -0.33215465775015E+04
 0.46215281182066881E+00   0.16924165978315E-01  -0.30757240139532E+04
 0.46476418190923230E+00   0.18167554718499E-01  -0.28474168586100E+04
 0.46721632019279968E+00   0.19500066809896E-01  -0.26353544692320E+04
 0.46951746276021461E+00   0.20928081279553E-01  -0.24383649500702E+04
 0.47167556504309444E+00   0.22458432378533E-01  -0.22553669918361E+04
 0.47369828648351348E+00   0.24098441866553E-01  -0.20853625636441E+04
 0.47559297939013323E+00   0.25855953556357E-01  -0.19274302751699E+04
 0.47736668302703594E+00   0.27739370271550E-01  -0.17807192119011E+04
 0.47902612414467360E+00   0.29757693381404E-01  -0.16444430507376E+04
 0.48057772469484239E+00   0.31920565086455E-01  -0.15178743164026E+04
 0.48202761601618699E+00   0.34238313639551E-01  -0.14003387671735E+04
 0.48338165642562780E+00   0.36722001698414E-01  -0.12912100908332E+04
 0.48464544693469602E+00   0.39383478017693E-01  -0.11899052648651E+04
 0.48582433954577653E+00   0.42235432700963E-01  -0.10958809478113E+04
 0.48692343550199579E+00   0.45291456246181E-01  -0.10086310330299E+04
 0.48794757592943588E+00   0.48566102631601E-01  -0.92768510331298E+03
 0.48890133143585179E+00   0.52074956703276E-01  -0.85260721975018E+03
 0.48978899783902802E+00   0.55834706139791E-01  -0.78299445455528E+03
 0.49061460237296178E+00   0.59863218284852E-01  -0.71847481660752E+03
 0.49138192061882219E+00   0.64179622153785E-01  -0.65870454497691E+03
 0.49209450113193959E+00   0.68804395935657E-01  -0.60336499745541E+03
 0.49275569310407069E+00   0.73759460328728E-01  -0.55215948025960E+03
 0.49336867219420411E+00   0.79068278063012E-01  -0.50481037376418E+03
 0.49393646037903299E+00   0.84755959979821E-01  -0.46105684910431E+03
 0.49446193699385277E+00   0.90849378054143E-01  -0.42065336750215E+03
 0.49494783999968966E+00   0.97377285761297E-01  -0.38336901251053E+03
 0.49539675901735841E+00   0.10437044620442E+00  -0.34898751748429E+03
 0.49581112480414091E+00   0.11186176843355E+00  -0.31730761695960E+03
 0.49619320296510505E+00   0.11988645240026E+00  -0.28814312035883E+03
 0.49654510065423629E+00   0.12848214300340E+00  -0.26132204102907E+03
 0.49686879016201152E+00   0.13768909369134E+00  -0.23668448921688E+03
 0.49716614111865609E+00   0.14755034009334E+00  -0.21407996212137E+03
 0.49743894157342705E+00   0.15811188415740E+00  -0.19336552611538E+03
 0.49768889294267121E+00   0.16942288927237E+00  -0.17440601481753E+03
 0.49791758634283312E+00   0.18153588684917E+00  -0.15707565558917E+03
 0.49812648524485476E+00   0.19450699482699E+00  -0.14125922769779E+03
 0.49831693334635330E+00   0.20839614855590E+00  -0.12685132666760E+03
 0.49849018690986258E+00   0.22326734448556E+00  -0.11375380079009E+03
 0.49864745670889937E+00   0.23918889705942E+00  -0.10187248721976E+03
 0.49878994230583545E+00   0.25623370917446E+00  -0.91114549693674E+02
 0.49891884625395122E+00   0.27447955651526E+00  -0.81387346905592E+02
 0.49903536294638146E+00   0.29400938600797E+00  -0.72599221124761E+02
 0.49914064405088221E+00   0.31491162856155E+00  -0.64662054031470E+02
 0.49923574981941110E+00   0.33728052616913E+00  -0.57494885862310E+02
 0.49932160437484607E+00   0.36121647332923E+00  -0.51027233671122E+02
 0.49939898299042657E+00   0.38682637261280E+00  -0.45200001898154E+02
 0.49946855755074582E+00   0.41422400404472E+00  -0.39962019788333E+02
 0.49953098329978207E+00   0.44353040778554E+00  -0.35263484147324E+02
 0.49958694403953435E+00   0.47487427938818E+00  -0.31052541911693E+02
 0.49963710249162108E+00   0.50839237666158E+00  -0.27279012738193E+02
 0.49968202291671410E+00   0.54422993689737E+00  -0.23900194739379E+02
 0.49972215049290319E+00   0.58254110290335E+00  -0.20882398240048E+02
 0.49975784730677625E+00   0.62348935593563E+00  -0.18198224766837E+02
 0.49978944235772227E+00   0.66724795322943E+00  -0.15822797661845E+02
 0.49981726654701231E+00   0.71400036739287E+00  -0.13731125896388E+02
 0.49984166502943828E+00   0.76394072444865E+00  -0.11897171836974E+02
 0.49986299102081966E+00   0.81727423678444E+00  -0.10294313505367E+02
 0.49988158945567196E+00   0.87421762670440E+00  -0.88965695593212E+01
 0.49989777956037973E+00   0.93499953566278E+00  -0.76799055660983E+01
 0.49991184418276807E+00   0.99986091361083E+00  -0.66230325976830E+01
 0.49992403057919071E+00   0.10690553822024E+01  -0.57073452579388E+01
 0.49993456125035363E+00   0.11428495648913E+01  -0.49161052753685E+01
 0.49994364573958577E+00   0.12215233762238E+01  -0.42335534255404E+01
 0.49995148284678292E+00   0.13053702618907E+01  -0.36447420102164E+01
 0.49995825273726519E+00   0.13946973803820E+01  -0.31361267477150E+01
 0.49996410870058927E+00   0.14898257163832E+01  -0.26961850507273E+01
 0.49996917608032199E+00   0.15910901154124E+01  -0.23154956904318E+01
 0.49997355741697513E+00   0.16988392286241E+01  -0.19863518696954E+01
 0.49997733912230580E+00   0.18134353562483E+01  -0.17022594299835E+01
 0.49998059647127580E+00   0.19352541778144E+01  -0.14575615736662E+01
 0.49998339616483389E+00   0.20646843571704E+01  -0.12472461549352E+01
 0.49998579713766672E+00   0.22021270103889E+01  -0.10668848604688E+01
 0.49998785067358409E+00   0.23479950249930E+01  -0.91262443262704E+00
 0.49998960073588206E+00   0.25027122195788E+01  -0.78116176731271E+00
 0.49999108503931611E+00   0.26667123339008E+01  -0.66966332325625E+00
 0.49999233688534428E+00   0.28404378408543E+01  -0.57562721362746E+00
 0.49999338720771019E+00   0.30243385735729E+01  -0.49672951205993E+00
 0.49999426589726753E+00   0.32188701630746E+01  -0.43072471082194E+00
 0.49999500174546874E+00   0.34244922845610E+01  -0.37544994736022E+00
 0.49999562126143571E+00   0.36416667135785E+01  -0.32891384701791E+00
 0.49999614734593312E+00   0.38708551967931E+01  -0.28939611674305E+00
 0.49999659865065688E+00   0.41125171460457E+01  -0.25549566239124E+00
 0.49999698976510176E+00   0.43671071685993E+01  -0.22611654368132E+00
 0.49999733189546397E+00   0.46350724509653E+01  -0.20041697180459E+00
 0.49999763365005923E+00   0.49168500183013E+01  -0.17775030792339E+00
 0.49999790170803710E+00   0.52128638959647E+01  -0.15761482943198E+00
 0.49999814130788667E+00   0.55235222042457E+01  -0.13961703373412E+00
 0.49999835657911479E+00   0.58492142214126E+01  -0.12344672282672E+00
 0.49999855076739658E+00   0.61903074538070E+01  -0.10886009019997E+00
 0.49999872639939691E+00   0.65471447546554E+01  -0.95667339593170E-01
 0.49999888541880544E+00   0.69200415353393E+01  -0.83722466277170E-01
 0.49999902931019274E+00   0.73092831139412E+01  -0.72913953235155E-01
 0.49999915921599125E+00   0.77151222458371E+01  -0.63155983883452E-01
 0.49999927604496047E+00   0.81377768798438E+01  -0.54380294498369E-01
 0.49999938056734744E+00   0.85774281809213E+01  -0.46529026091027E-01
 0.49999947349164198E+00   0.90342188566791E+01  -0.39548958857451E-01
 0.49999955551940173E+00   0.95082518200100E+01  -0.33387393901396E-01
 0.49999962737725012E+00   0.99995892142010E+01  -0.27989749685896E-01
 0.49999968982807491E+00   0.10508251820010E+02  -0.23298720818292E-01
 0.49999974366599303E+00   0.11034218856679E+02  -0.19254656232635E-01
 0.49999978970119019E+00   0.11577428180921E+02  -0.15796697998597E-01
 0.49999982874089233E+00   0.12137776879844E+02  -0.12864210582103E-01
 0.49999986157148080E+00   0.12715122245837E+02  -0.10398124319080E-01
 0.49999988894457958E+00   0.13309283113941E+02  -0.83419804152660E-02
 0.49999991156768259E+00   0.13920041535339E+02  -0.66426349866644E-02
 0.49999993009834642E+00   0.14547144754655E+02  -0.52506952430948E-02
 0.49999994514053037E+00   0.15190307453807E+02  -0.41207944324624E-02
 0.49999995724208213E+00   0.15849214221413E+02  -0.32117806680350E-02
 0.49999996689308523E+00   0.16523522204246E+02  -0.24868410603474E-02
 0.49999997452529055E+00   0.17212863895965E+02  -0.19135444146481E-02
 0.49999998051296696E+00   0.17916850018301E+02  -0.14637773356734E-02
 0.49999998517531768E+00   0.18635072450965E+02  -0.11135627225638E-02
 0.49999998878032370E+00   0.19367107168599E+02  -0.84277105171671E-03
 0.49999999154965424E+00   0.20112517146046E+02  -0.63475153067483E-03
 0.49999999366418718E+00   0.20870855196793E+02  -0.47591742706521E-03
 0.49999999526970040E+00   0.21641666713578E+02  -0.35531857072835E-03
 0.49999999648238058E+00   0.22424492284561E+02  -0.26422755310396E-03
 0.49999999739390694E+00   0.23218870163075E+02  -0.19575784762393E-03
 0.49999999807597206E+00   0.24024338573573E+02  -0.14452421899191E-03
 0.49999999858418609E+00   0.24840437840854E+02  -0.10634949188804E-03
 0.49999999896136821E+00   0.25666712333901E+02  -0.78017292326926E-04
 0.49999999924026850E+00   0.26502712219579E+02  -0.57067576316960E-04
 0.49999999944578288E+00   0.27347995024993E+02  -0.41630269819404E-04
 0.49999999959673058E+00   0.28202127010389E+02  -0.30291754358647E-04
 0.49999999969931963E+00   0.29064684357170E+02  -0.22585749895665E-04
 0.49999999999999989E+00   0.29935254177814E+02   0.19626522629324E-11
 0.50000000000000000E+00   0.30813435356248E+02   0.19111379145897E-11
 0.50000000000000000E+00   0.31698839228624E+02   0.18589574324324E-11
 0.50000000000000000E+00   0.32591090115412E+02   0.18092194409292E-11
 0.50000000000000000E+00   0.33489825716383E+02   0.17605916724506E-11
 0.50000000000000000E+00   0.34394697380382E+02   0.17148504838360E-11
 0.50000000000000000E+00   0.35305370261891E+02   0.16708856520609E-11
 0.50000000000000000E+00   0.36221523376224E+02   0.16284751325202E-11
 0.50000000000000000E+00   0.37142849564891E+02   0.15880630144238E-11
 0.50000000000000000E+00   0.38069055382202E+02   0.15496492977718E-11
 0.50000000000000000E+00   0.38999860913611E+02   0.15125678487493E-11
 0.50000000000000000E+00   0.39934999535663E+02   0.14774848011712E-11
 0.50000000000000000E+00   0.40874217626704E+02   0.14430678874078E-11
