 0.45869595339991043E+00   0.97578195523695E-18  -0.33819488554193E+04
 0.45870694038399507E+00   0.29483069282768E-04  -0.33809682650534E+04
 0.45874307541984910E+00   0.61082173640461E-04  -0.33777435376836E+04
 0.45880965135661889E+00   0.94949178290611E-04  -0.33718035633842E+04
 0.45891271297500624E+00   0.13124684686428E-03  -0.33626116976749E+04
 0.45905909799448025E+00   0.17014962340302E-03  -0.33495629962567E+04
 0.45925645501162615E+00   0.21184447044981E-03  -0.33319838390035E+04
 0.45951322635663738E+00   0.25653176725507E-03  -0.33091350799918E+04
 0.45983858068610356E+00   0.30442627240692E-03  -0.32802201254040E+04
 0.46024227699773712E+00   0.35575815550320E-03  -0.32443995784802E+04
 0.46073443900087957E+00   0.41077410281323E-03  -0.32008142581360E+04
 0.46132521745137067E+00   0.46973850223137E-03  -0.31486183905348E+04
 0.46202431939640426E+00   0.53293471320370E-03  -0.30870244731703E+04
 0.46284038913051295E+00   0.60066642771546E-03  -0.30153605578372E+04
 0.46378023827137549E+00   0.67325912886222E-03  -0.29331393208954E+04
 0.46484794405583874E+00   0.75106165399386E-03  -0.28401361430232E+04
 0.46604386736876624E+00   0.83444786992019E-03  -0.27364704711748E+04
 0.46736368472498879E+00   0.92381846820159E-03  -0.26226811724827E+04
 0.46879757695951502E+00   0.10196028891215E-02  -0.24997829681370E+04
 0.47032976105094687E+00   0.11222613835509E-02  -0.23692883873075E+04
 0.47193857216054735E+00   0.12322872225722E-02  -0.22331795047173E+04
 0.47359727681021407E+00   0.13502090654347E-02  -0.20938177076282E+04
 0.47527570301214273E+00   0.14765934971652E-02  -0.19537890943575E+04
 0.47694260260038612E+00   0.16120477479678E-02  -0.18156975597832E+04
 0.47856844127650500E+00   0.17572226074079E-02  -0.16819343677711E+04
 0.48012811167807401E+00   0.19128155473023E-02  -0.15544664222011E+04
 0.48160298184112432E+00   0.20795740682274E-02  -0.14346884836014E+04
 0.48298180698595244E+00   0.22582992856177E-02  -0.13233722246820E+04
 0.48426034842082222E+00   0.24498497725618E-02  -0.12207185567794E+04
 0.48543994615041886E+00   0.26551456776172E-02  -0.11264886300160E+04
 0.48652559270524581E+00   0.28751731372654E-02  -0.10401676019862E+04
 0.48752410502701354E+00   0.31109890040199E-02  -0.96111412228313E+03
 0.48844278830942928E+00   0.33637259126873E-02  -0.88866629513859E+03
 0.48928868143277399E+00   0.36345977088734E-02  -0.82219931157911E+03
 0.49006824971070090E+00   0.39249052655295E-02  -0.76114704818532E+03
 0.49078732622316934E+00   0.42360427151559E-02  -0.70500418665788E+03
 0.49145115209499102E+00   0.45695041272231E-02  -0.65332093560683E+03
 0.49206444059751153E+00   0.49268906624595E-02  -0.60569628192744E+03
 0.49263143916628593E+00   0.53099182378730E-02  -0.56177174383068E+03
 0.49315598388920323E+00   0.57204257387563E-02  -0.52122598459025E+03
 0.49364154661731630E+00   0.61603838164655E-02  -0.48377021903330E+03
 0.49409127573334971E+00   0.66319043134761E-02  -0.44914428780803E+03
 0.49450803154960865E+00   0.71372503601200E-02  -0.41711328900998E+03
 0.49489441714863119E+00   0.76788471905016E-02  -0.38746467651304E+03
 0.49525280534221922E+00   0.82592937283951E-02  -0.36000575080659E+03
 0.49558536231202865E+00   0.88813749974526E-02  -0.33456148134405E+03
 0.49589406840304739E+00   0.95480754138094E-02  -0.31097261002820E+03
 0.49618073646595207E+00   0.10262593023187E-01  -0.28909399404425E+03
 0.49644702808227864E+00   0.11028354748868E-01  -0.26879315322563E+03
 0.49669446795501820E+00   0.11849032721462E-01  -0.24994899282989E+03
 0.49692445670463592E+00   0.12728561766261E-01  -0.23245067726814E+03
 0.49713828227499929E+00   0.13671158129094E-01  -0.21619663417340E+03
 0.49733713012400138E+00   0.14681339527142E-01  -0.20109367136926E+03
 0.49752209234873612E+00   0.15763946616981E-01  -0.18705619193546E+03
 0.49769417587409687E+00   0.16924165978315E-01  -0.17400549476295E+03
 0.49785430981593765E+00   0.18167554718499E-01  -0.16186914982626E+03
 0.49800335211491492E+00   0.19500066809896E-01  -0.15058043894063E+03
 0.49814209552436212E+00   0.20928081279553E-01  -0.14007785406776E+03
 0.49827127302466750E+00   0.22458432378533E-01  -0.13030464632782E+03
 0.49839156272732854E+00   0.24098441866553E-01  -0.12120841980274E+03
 0.49850359232388769E+00   0.25855953556357E-01  -0.11274076500281E+03
 0.49860794312811157E+00   0.27739370271550E-01  -0.10485692753928E+03
 0.49870515375387736E+00   0.29757693381404E-01  -0.97515508118968E+02
 0.49879572346614687E+00   0.31920565086455E-01  -0.90678190467030E+02
 0.49888011523800280E+00   0.34238313639551E-01  -0.84309494205732E+02
 0.49895875854291039E+00   0.36722001698414E-01  -0.78376550079204E+02
 0.49903205190804778E+00   0.39383478017693E-01  -0.72848895226965E+02
 0.49910036525167339E+00   0.42235432700963E-01  -0.67698286479006E+02
 0.49916404202497683E+00   0.45291456246181E-01  -0.62898529879050E+02
 0.49922340117667685E+00   0.48566102631601E-01  -0.58425324845275E+02
 0.49927873895671021E+00   0.52074956703276E-01  -0.54256121553734E+02
 0.49933033057368703E+00   0.55834706139791E-01  -0.50369990282563E+02
 0.49937843171932350E+00   0.59863218284852E-01  -0.46747501587941E+02
 0.49942327997178931E+00   0.64179622153785E-01  -0.43370616298369E+02
 0.49946509608878908E+00   0.68804395935657E-01  -0.40222584414296E+02
 0.49950408520022482E+00   0.73759460328728E-01  -0.37287852087572E+02
 0.49954043790943481E+00   0.79068278063012E-01  -0.34551975931127E+02
 0.49957433131126594E+00   0.84755959979821E-01  -0.32001543975392E+02
 0.49960592993458602E+00   0.90849378054143E-01  -0.29624102645502E+02
 0.49963538661627549E+00   0.97377285761297E-01  -0.27408089183563E+02
 0.49966284331323696E+00   0.10437044620442E+00  -0.25342768984462E+02
 0.49968843185851219E+00   0.11186176843355E+00  -0.23418177353001E+02
 0.49971227466718626E+00   0.11988645240026E+00  -0.21625065225693E+02
 0.49973448539737220E+00   0.12848214300340E+00  -0.19954848433653E+02
 0.49975516957119537E+00   0.13768909369134E+00  -0.18399560114774E+02
 0.49977442516031384E+00   0.14755034009334E+00  -0.16951805915180E+02
 0.49979234314010457E+00   0.15811188415740E+00  -0.15604721652887E+02
 0.49980900801620881E+00   0.16942288927237E+00  -0.14351933152103E+02
 0.49982449832662901E+00   0.18153588684917E+00  -0.13187517995579E+02
 0.49983888712201963E+00   0.19450699482699E+00  -0.12105968985979E+02
 0.49985224242618004E+00   0.20839614855590E+00  -0.11102159155905E+02
 0.49986462767805728E+00   0.22326734448556E+00  -0.10171308220269E+02
 0.49987610215579426E+00   0.23918889705942E+00  -0.93089504237637E+01
 0.49988672138252865E+00   0.25623370917446E+00  -0.85109037992397E+01
 0.49989653751279639E+00   0.27447955651526E+00  -0.77732409179768E+01
 0.49990559969753645E+00   0.29400938600797E+00  -0.70922612774309E+01
 0.49991395442490127E+00   0.31491162856155E+00  -0.64644655324471E+01
 0.49992164583339244E+00   0.33728052616913E+00  -0.58865318277568E+01
 0.49992871599333821E+00   0.36121647332923E+00  -0.53552945278963E+01
 0.49993520515247120E+00   0.38682637261280E+00  -0.48677256603025E+01
 0.49994115194142597E+00   0.41422400404472E+00  -0.44209193833667E+01
 0.49994659353539728E+00   0.44353040778554E+00  -0.40120797595875E+01
 0.49995156576903077E+00   0.47487427938818E+00  -0.36385120521699E+01
 0.49995610320284534E+00   0.50839237666158E+00  -0.32976176712341E+01
 0.49996023914108617E+00   0.54422993689737E+00  -0.29868927759830E+01
 0.49996400560278764E+00   0.58254110290335E+00  -0.27039303980968E+01
 0.49996743324985238E+00   0.62348935593563E+00  -0.24464257996433E+01
 0.49997055127792800E+00   0.66724795322943E+00  -0.22121846305016E+01
 0.49997338727754403E+00   0.71400036739287E+00  -0.19991333241698E+01
 0.49997596707407210E+00   0.76394072444865E+00  -0.18053310882239E+01
 0.49997831455530861E+00   0.81727423678444E+00  -0.16289828281826E+01
 0.49998045149463949E+00   0.87421762670440E+00  -0.14684524064945E+01
 0.49998239737592054E+00   0.93499953566278E+00  -0.13222757756171E+01
 0.49998416922424360E+00   0.99986091361083E+00  -0.11891736717324E+01
 0.49998578144735378E+00   0.10690553822024E+01  -0.10680635108406E+01
 0.49998724570230602E+00   0.11428495648913E+01  -0.95806939121010E+00
 0.49998857083461723E+00   0.12215233762238E+01  -0.85852665203360E+00
 0.49998976301290754E+00   0.13053702618907E+01  -0.76897174939908E+00
 0.49999082630643482E+00   0.13946973803820E+01  -0.68909886503325E+00
 0.49999176404108897E+00   0.14898257163832E+01  -0.61865804140698E+00
 0.49999258104259831E+00   0.15910901154124E+01  -0.55728667480526E+00
 0.49999328604758414E+00   0.16988392286241E+01  -0.50432840332781E+00
 0.49999389266300115E+00   0.18134353562483E+01  -0.45876103812688E+00
 0.49999441778793285E+00   0.19352541778144E+01  -0.41931511455667E+00
 0.49999487846109036E+00   0.20646843571704E+01  -0.38471069712678E+00
 0.49999528921147302E+00   0.22021270103889E+01  -0.35385638600988E+00
 0.49999566100283244E+00   0.23479950249930E+01  -0.32592860113267E+00
 0.49999600147264123E+00   0.25027122195788E+01  -0.30035362799943E+00
 0.49999631572042336E+00   0.26667123339008E+01  -0.27674839823166E+00
 0.49999660712955007E+00   0.28404378408543E+01  -0.25485875748603E+00
 0.49999687801731718E+00   0.30243385735729E+01  -0.23451063282005E+00
 0.49999713008482494E+00   0.32188701630746E+01  -0.21557623885594E+00
 0.49999736470223916E+00   0.34244922845610E+01  -0.19795264956586E+00
 0.49999758307542957E+00   0.36416667135785E+01  -0.18154928093044E+00
 0.49999778633264014E+00   0.38708551967931E+01  -0.16628138044085E+00
 0.49999797555970765E+00   0.41125171460457E+01  -0.15206738153282E+00
 0.49999815180393992E+00   0.43671071685993E+01  -0.13882861221997E+00
 0.49999831606074963E+00   0.46350724509653E+01  -0.12649029905297E+00
 0.49999846925301272E+00   0.49168500183013E+01  -0.11498311757637E+00
 0.49999861221022418E+00   0.52128638959647E+01  -0.10424475801993E+00
 0.49999874565233521E+00   0.55235222042457E+01  -0.94221139324408E-01
 0.49999887018134181E+00   0.58492142214126E+01  -0.84867040939546E-01
 0.49999898628208339E+00   0.61903074538070E+01  -0.76146042775084E-01
 0.49999909433226353E+00   0.65471447546554E+01  -0.68029772473644E-01
 0.49999919462045228E+00   0.69200415353393E+01  -0.60496553103834E-01
 0.49999928736985244E+00   0.73092831139412E+01  -0.53529617941016E-01
 0.49999937276497830E+00   0.77151222458371E+01  -0.47115106443185E-01
 0.49999945097816967E+00   0.81377768798438E+01  -0.41240072637898E-01
 0.49999952219305677E+00   0.85774281809213E+01  -0.35890722512766E-01
 0.49999958662268135E+00   0.90342188566791E+01  -0.31051052874679E-01
 0.49999964452087187E+00   0.95082518200100E+01  -0.26701996860668E-01
 0.49999969618653844E+00   0.99995892142010E+01  -0.22821101337147E-01
 0.49999974196159908E+00   0.10508251820010E+02  -0.19382682643836E-01
 0.49999978222408370E+00   0.11034218856679E+02  -0.16358344642179E-01
 0.49999981737840121E+00   0.11577428180921E+02  -0.13717709730128E-01
 0.49999984784473162E+00   0.12137776879844E+02  -0.11429215707754E-01
 0.49999987404904772E+00   0.12715122245837E+02  -0.94608653134020E-02
 0.49999989641458553E+00   0.13309283113941E+02  -0.77808668550469E-02
 0.49999991535492078E+00   0.13920041535339E+02  -0.63581542981835E-02
 0.49999993126837849E+00   0.14547144754655E+02  -0.51628072261558E-02
 0.49999994453339297E+00   0.15190307453807E+02  -0.41663993066537E-02
 0.49999995550457438E+00   0.15849214221413E+02  -0.33422938214926E-02
 0.49999996450944995E+00   0.16523522204246E+02  -0.26658883479604E-02
 0.49999997184601780E+00   0.17212863895965E+02  -0.21147986378846E-02
 0.49999997778127492E+00   0.17916850018301E+02  -0.16689690528518E-02
 0.49999998255082090E+00   0.18635072450965E+02  -0.13107024165583E-02
 0.49999998635950382E+00   0.19367107168599E+02  -0.10246114633427E-02
 0.49999998938296492E+00   0.20112517146046E+02  -0.79750281795612E-03
 0.49999999176986121E+00   0.20870855196793E+02  -0.61821004589113E-03
 0.49999999364452075E+00   0.21641666713578E+02  -0.47739416795262E-03
 0.49999999510980309E+00   0.22424492284561E+02  -0.36732885168894E-03
 0.49999999624997327E+00   0.23218870163075E+02  -0.28168448230828E-03
 0.49999999713345211E+00   0.24024338573573E+02  -0.21532160577786E-03
 0.49999999781534932E+00   0.24840437840854E+02  -0.16410062624751E-03
 0.49999999833972975E+00   0.25666712333901E+02  -0.12471157096693E-03
 0.49999999874159434E+00   0.26502712219579E+02  -0.94525371961099E-04
 0.49999999904857451E+00   0.27347995024993E+02  -0.71466444792750E-04
 0.49999999928236405E+00   0.28202127010389E+02  -0.53905267618642E-04
 0.49999999945990720E+00   0.29064684357170E+02  -0.40569057934065E-04
 0.49999999959437652E+00   0.29935254177814E+02  -0.30468355237651E-04
 0.49999999969596759E+00   0.30813435356248E+02  -0.22837321069599E-04
 0.50000000000000000E+00   0.31698839228624E+02  -0.11823875212258E-13
 0.50000000000000000E+00   0.32591090115412E+02  -0.47878367936960E-14
 0.50000000000000000E+00   0.33489825716383E+02  -0.18596235662471E-14
 0.50000000000000000E+00   0.34394697380382E+02  -0.62450045135165E-15
 0.50000000000000000E+00   0.35305370261891E+02  -0.12490009027033E-15
 0.50000000000000000E+00   0.36221523376224E+02   0.69388939039072E-16
 0.50000000000000000E+00   0.37142849564891E+02   0.13877787807814E-15
 0.50000000000000000E+00   0.38069055382202E+02   0.16653345369377E-15
 0.50000000000000000E+00   0.38999860913611E+02   0.16653345369377E-15
 0.50000000000000000E+00   0.39934999535663E+02   0.16653345369377E-15
 0.50000000000000000E+00   0.40874217626704E+02   0.16653345369377E-15
