 0.22401205234335274E-01   0.97578195523695E-18  -0.80073940715085E+06
 0.23022437935999330E-01   0.29483069282768E-04  -0.77811896949362E+06
 0.25075662811237864E-01   0.61082173640461E-04  -0.71133039519829E+06
 0.28854730520521801E-01   0.94949178290611E-04  -0.61324945673978E+06
 0.34533256368160667E-01   0.13124684686428E-03  -0.50623303406341E+06
 0.41945575068630545E-01   0.17014962340302E-03  -0.41013825983590E+06
 0.50565950732797287E-01   0.21184447044981E-03  -0.33381599843437E+06
 0.59838231909864710E-01   0.25653176725507E-03  -0.27626948353020E+06
 0.69459368491323434E-01   0.30442627240692E-03  -0.23279983204395E+06
 0.79333446407897426E-01   0.35575815550320E-03  -0.19915032103752E+06
 0.89432804797868484E-01   0.41077410281323E-03  -0.17241964336488E+06
 0.99739242436719500E-01   0.46973850223137E-03  -0.15072187744313E+06
 0.11023370102951137E+00   0.53293471320370E-03  -0.13279729945212E+06
 0.12089553528192247E+00   0.60066642771546E-03  -0.11777360889375E+06
 0.13170262175988212E+00   0.67325912886222E-03  -0.10502762699116E+06
 0.14263152439287746E+00   0.75106165399386E-03  -0.94102261723264E+05
 0.15365768488328402E+00   0.83444786992019E-03  -0.84654610487293E+05
 0.16475563458839187E+00   0.92381846820159E-03  -0.76422379597689E+05
 0.17589922414975012E+00   0.10196028891215E-02  -0.69201497409457E+05
 0.18706186657231677E+00   0.11222613835509E-02  -0.62830797080153E+05
 0.19821678899305173E+00   0.12322872225722E-02  -0.57181294581172E+05
 0.20933728808298244E+00   0.13502090654347E-02  -0.52148530190323E+05
 0.22039698390086970E+00   0.14765934971652E-02  -0.47646998704028E+05
 0.23137006707236418E+00   0.16120477479678E-02  -0.43606032654428E+05
 0.24223153440098597E+00   0.17572226074079E-02  -0.39966714721516E+05
 0.25295740841507808E+00   0.19128155473023E-02  -0.36679531149642E+05
 0.26352493689727496E+00   0.20795740682274E-02  -0.33702566651903E+05
 0.27391276910268952E+00   0.22582992856177E-02  -0.31000100402166E+05
 0.28410110611652534E+00   0.24498497725618E-02  -0.28541502829065E+05
 0.29407182359610018E+00   0.26551456776172E-02  -0.26300360591604E+05
 0.30380856595062838E+00   0.28751731372654E-02  -0.24253776481700E+05
 0.31329681180066060E+00   0.31109890040199E-02  -0.22381804742445E+05
 0.32252391129730906E+00   0.33637259126873E-02  -0.20666992168966E+05
 0.33147909654386065E+00   0.36345977088734E-02  -0.19094002542932E+05
 0.34015346692948023E+00   0.39249052655295E-02  -0.17649307234255E+05
 0.34853995164329055E+00   0.42360427151559E-02  -0.16320928727845E+05
 0.35663325198028339E+00   0.45695041272231E-02  -0.15098226776626E+05
 0.36442976627741153E+00   0.49268906624595E-02  -0.13971719109685E+05
 0.37192750043302614E+00   0.53099182378730E-02  -0.12932930324743E+05
 0.37912596697408962E+00   0.57204257387563E-02  -0.11974263902441E+05
 0.38602607555491120E+00   0.61603838164655E-02  -0.11088893294327E+05
 0.39263001761232585E+00   0.66319043134761E-02  -0.10270668828630E+05
 0.39894114768016825E+00   0.71372503601200E-02  -0.95140378009628E+04
 0.40496386359589620E+00   0.76788471905016E-02  -0.88139756103204E+04
 0.41070348752929964E+00   0.82592937283951E-02  -0.81659261937278E+04
 0.41616614944182329E+00   0.88813749974526E-02  -0.75657503278260E+04
 0.42135867425875972E+00   0.95480754138094E-02  -0.70096806194319E+04
 0.42628847371846706E+00   0.10262593023187E-01  -0.64942822124183E+04
 0.43096344356564620E+00   0.11028354748868E-01  -0.60164184047809E+04
 0.43539186649294676E+00   0.11849032721462E-01  -0.55732205047048E+04
 0.43958232102179445E+00   0.12728561766261E-01  -0.51620613630377E+04
 0.44354359636746421E+00   0.13671158129094E-01  -0.47805321053927E+04
 0.44728461327771052E+00   0.14681339527142E-01  -0.44264216522739E+04
 0.45081435089606592E+00   0.15763946616981E-01  -0.40976986610765E+04
 0.45414177990838556E+00   0.16924165978315E-01  -0.37924955499071E+04
 0.45727580259880207E+00   0.18167554718499E-01  -0.35090942709771E+04
 0.46022520093484343E+00   0.19500066809896E-01  -0.32459134956832E+04
 0.46299859427505408E+00   0.20928081279553E-01  -0.30014968680275E+04
 0.46560440841252443E+00   0.22458432378533E-01  -0.27745020057719E+04
 0.46805085690910225E+00   0.24098441866553E-01  -0.25636900212184E+04
 0.47034593356259108E+00   0.25855953556357E-01  -0.23679155297621E+04
 0.47249741157230640E+00   0.27739370271550E-01  -0.21861173913324E+04
 0.47451284203797262E+00   0.29757693381404E-01  -0.20173106592062E+04
 0.47639954434933884E+00   0.31920565086455E-01  -0.18605801945322E+04
 0.47816458528256789E+00   0.34238313639551E-01  -0.17150760431540E+04
 0.47981475048309147E+00   0.36722001698414E-01  -0.15800101267685E+04
 0.48135651720066608E+00   0.39383478017693E-01  -0.14546534233520E+04
 0.48279603746796590E+00   0.42235432700963E-01  -0.13383328382165E+04
 0.48413913688989446E+00   0.45291456246181E-01  -0.12304273283489E+04
 0.48539132884440833E+00   0.48566102631601E-01  -0.11303632841686E+04
 0.48655783981337447E+00   0.52074956703276E-01  -0.10376094895118E+04
 0.48764363962764185E+00   0.55834706139791E-01  -0.95167211687585E+03
 0.48865347023452538E+00   0.59863218284852E-01  -0.87209021282686E+03
 0.48959186753068323E+00   0.64179622153785E-01  -0.79843204488416E+03
 0.49046317248674232E+00   0.68804395935657E-01  -0.73029254626960E+03
 0.49127153020695769E+00   0.73759460328728E-01  -0.66729190965884E+03
 0.49202087887396967E+00   0.79068278063012E-01  -0.60907513281128E+03
 0.49271493469203365E+00   0.84755959979821E-01  -0.55531200985206E+03
 0.49335718299962894E+00   0.90849378054143E-01  -0.50569676557182E+03
 0.49395088669556547E+00   0.97377285761297E-01  -0.45994647308151E+03
 0.49449911622453874E+00   0.10437044620442E+00  -0.41779793824528E+03
 0.49500478932939007E+00   0.11186176843355E+00  -0.37900396318108E+03
 0.49547069502063329E+00   0.11988645240026E+00  -0.34333093398868E+03
 0.49589948429810476E+00   0.12848214300340E+00  -0.31055903296775E+03
 0.49629363960428391E+00   0.13768909369134E+00  -0.28048412140961E+03
 0.49665545538108602E+00   0.14755034009334E+00  -0.25291880842431E+03
 0.49698705219739148E+00   0.15811188415740E+00  -0.22769100635174E+03
 0.49729042119349764E+00   0.16942288927237E+00  -0.20464023973956E+03
 0.49756747804693924E+00   0.18153588684917E+00  -0.18361329541462E+03
 0.49782010332900684E+00   0.19450699482699E+00  -0.16446095986748E+03
 0.49805015341396641E+00   0.20839614855590E+00  -0.14703702509644E+03
 0.49825943708731152E+00   0.22326734448556E+00  -0.13119990953906E+03
 0.49844966537971025E+00   0.23918889705942E+00  -0.11681630894366E+03
 0.49862239579170570E+00   0.25623370917446E+00  -0.10376527057492E+03
 0.49877900450452672E+00   0.27447955651526E+00  -0.91940156953984E+02
 0.49892071724968251E+00   0.29400938600797E+00  -0.81246196930472E+02
 0.49904868652797107E+00   0.31491162856155E+00  -0.71594568074255E+02
 0.49916403976919255E+00   0.33728052616913E+00  -0.62898700014656E+02
 0.49926784122876566E+00   0.36121647332923E+00  -0.55077094224561E+02
 0.49936101881500905E+00   0.38682637261280E+00  -0.48058783810668E+02
 0.49944434287265460E+00   0.41422400404472E+00  -0.41784877593820E+02
 0.49951847152801537E+00   0.44353040778554E+00  -0.36205100892524E+02
 0.49958402076930075E+00   0.47487427938818E+00  -0.31272489231848E+02
 0.49964161996748907E+00   0.50839237666158E+00  -0.26939190411472E+02
 0.49969193672001921E+00   0.54422993689737E+00  -0.23154581549053E+02
 0.49973567247475587E+00   0.58254110290335E+00  -0.19865586044563E+02
 0.49977353895129828E+00   0.62348935593563E+00  -0.17018434171889E+02
 0.49980622771397842E+00   0.66724795322943E+00  -0.14560937669464E+02
 0.49983438373051919E+00   0.71400036739287E+00  -0.12444464496146E+02
 0.49985858979699838E+00   0.76394072444865E+00  -0.10625097627659E+02
 0.49987936334300848E+00   0.81727423678444E+00  -0.90638650093271E+01
 0.49989716180207305E+00   0.87421762670440E+00  -0.77263277997038E+01
 0.49991238997924364E+00   0.93499953566278E+00  -0.65820204245557E+01
 0.49992540475828795E+00   0.99986091361083E+00  -0.56040920675487E+01
 0.49993651731164240E+00   0.10690553822024E+01  -0.47691369336723E+01
 0.49994599580288163E+00   0.11428495648913E+01  -0.40569883650135E+01
 0.49995407032782901E+00   0.12215233762238E+01  -0.34503454563105E+01
 0.49996093925102658E+00   0.13053702618907E+01  -0.29342954067056E+01
 0.49996677506643550E+00   0.13946973803820E+01  -0.24958720590286E+01
 0.49997172857328109E+00   0.14898257163832E+01  -0.21237413393557E+01
 0.49997593126436263E+00   0.15910901154124E+01  -0.18080212113441E+01
 0.49997949654554541E+00   0.16988392286241E+01  -0.15401895956081E+01
 0.49998252061443554E+00   0.18134353562483E+01  -0.13130180091592E+01
 0.49998508370466443E+00   0.19352541778144E+01  -0.11204778297174E+01
 0.49998725212743367E+00   0.20646843571704E+01  -0.95758674096663E+00
 0.49998908117609620E+00   0.22021270103889E+01  -0.82019040382730E+00
 0.49999061848946935E+00   0.23479950249930E+01  -0.70470971232119E+00
 0.49999190699675022E+00   0.25027122195788E+01  -0.60791951103356E+00
 0.49999298648067086E+00   0.26667123339008E+01  -0.52683112860580E+00
 0.49999389345663248E+00   0.28404378408543E+01  -0.45870142323570E+00
 0.49999466008701143E+00   0.30243385735729E+01  -0.40111431039637E+00
 0.49999531326664859E+00   0.32188701630746E+01  -0.35204943675752E+00
 0.49999587452612360E+00   0.34244922845610E+01  -0.30988942935141E+00
 0.49999636067486863E+00   0.36416667135785E+01  -0.27337157501698E+00
 0.49999678476885945E+00   0.38708551967931E+01  -0.24151512254965E+00
 0.49999715704616843E+00   0.41125171460457E+01  -0.21355100194388E+00
 0.49999748566250773E+00   0.43671071685993E+01  -0.18886656956923E+00
 0.49999777720491906E+00   0.46350724509653E+01  -0.16696701939278E+00
 0.49999803703021645E+00   0.49168500183013E+01  -0.14744995896070E+00
 0.49999826948969928E+00   0.52128638959647E+01  -0.12998852872131E+00
 0.49999847809158066E+00   0.55235222042457E+01  -0.11431920028331E+00
 0.49999866563535000E+00   0.58492142214126E+01  -0.10023168310406E+00
 0.49999883433629216E+00   0.61903074538070E+01  -0.87559570712669E-01
 0.49999898594652398E+00   0.65471447546554E+01  -0.76171248630271E-01
 0.49999912187149015E+00   0.69200415353393E+01  -0.65961143532173E-01
 0.49999924327716483E+00   0.73092831139412E+01  -0.56841670532343E-01
 0.49999935118228406E+00   0.77151222458371E+01  -0.48736305034016E-01
 0.49999944653088857E+00   0.81377768798438E+01  -0.41574133485772E-01
 0.49999953024258909E+00   0.85774281809213E+01  -0.35286077709516E-01
 0.49999960324063675E+00   0.90342188566791E+01  -0.29802786264647E-01
 0.49999966646054017E+00   0.95082518200100E+01  -0.25053987203716E-01
 0.49999972084402583E+00   0.99995892142010E+01  -0.20968941659136E-01
 0.49999976732416435E+00   0.10508251820010E+02  -0.17477561108594E-01
 0.49999980680725908E+00   0.11034218856679E+02  -0.14511767763470E-01
 0.49999984015581445E+00   0.11577428180921E+02  -0.12006773909639E-01
 0.49999986817508157E+00   0.12137776879844E+02  -0.99020925426094E-02
 0.49999989160398256E+00   0.12715122245837E+02  -0.81422190032017E-02
 0.49999991111011594E+00   0.13309283113941E+02  -0.66770062281662E-02
 0.49999992728811410E+00   0.13920041535339E+02  -0.54617880331165E-02
 0.49999994066065556E+00   0.14547144754655E+02  -0.44573031402573E-02
 0.49999995168157507E+00   0.15190307453807E+02  -0.36294614815171E-02
 0.49999996074060216E+00   0.15849214221413E+02  -0.29489883359348E-02
 0.49999996816923986E+00   0.16523522204246E+02  -0.23909826825559E-02
 0.49999997424727405E+00   0.17212863895965E+02  -0.19344282656064E-02
 0.49999997920942163E+00   0.17916850018301E+02  -0.15616941930063E-02
 0.49999998325171768E+00   0.18635072450965E+02  -0.12580552098238E-02
 0.49999998653736744E+00   0.19367107168599E+02  -0.10112520651737E-02
 0.49999998920192601E+00   0.20112517146046E+02  -0.81110249597938E-03
 0.49999999135776824E+00   0.20870855196793E+02  -0.64916537780579E-03
 0.49999999309788945E+00   0.21641666713578E+02  -0.51845534224881E-03
 0.49999999449910421E+00   0.22424492284561E+02  -0.41320243021614E-03
 0.49999999562473074E+00   0.23218870163075E+02  -0.32865046130270E-03
 0.49999999652684107E+00   0.24024338573573E+02  -0.26088801183111E-03
 0.49999999724814892E+00   0.24840437840854E+02  -0.20670662410360E-03
 0.49999999782359472E+00   0.25666712333901E+02  -0.16348174107339E-03
 0.49999999828167691E+00   0.26502712219579E+02  -0.12907267665785E-03
 0.49999999864557076E+00   0.27347995024993E+02  -0.10173861400320E-03
 0.49999999893406588E+00   0.28202127010389E+02  -0.80068163302194E-04
 0.49999999916235088E+00   0.29064684357170E+02  -0.62920424572788E-04
 0.49999999934266792E+00   0.29935254177814E+02  -0.49375825603271E-04
 0.49999999948485674E+00   0.30813435356248E+02  -0.38695246082021E-04
 0.49999999959680524E+00   0.31698839228624E+02  -0.30286176326833E-04
 0.49999999968482228E+00   0.32591090115412E+02  -0.23674735146972E-04
 0.49999999969932019E+00   0.33489825716383E+02  -0.22585726974000E-04
 0.50000000000000022E+00   0.34394697380382E+02   0.24286350708280E-10
 0.50000000000000022E+00   0.35305370261891E+02   0.23664625814490E-10
 0.50000000000000022E+00   0.36221523376224E+02   0.23068880139476E-10
 0.50000000000000022E+00   0.37142849564891E+02   0.22497337326399E-10
 0.50000000000000022E+00   0.38069055382202E+02   0.21950663509074E-10
 0.50000000000000022E+00   0.38999860913611E+02   0.21427082330661E-10
 0.50000000000000022E+00   0.39934999535663E+02   0.20925483568135E-10
 0.50000000000000022E+00   0.40874217626704E+02   0.20444312909262E-10
