 0.36771827839833227E+00   0.97578195523695E-18  -0.13510890289015E+05
 0.36774652353708753E+00   0.29483069282768E-04  -0.13506967912578E+05
 0.36783944027652227E+00   0.61082173640461E-04  -0.13494068900623E+05
 0.36801071645280692E+00   0.94949178290611E-04  -0.13470308839531E+05
 0.36827607389991501E+00   0.13124684686428E-03  -0.13433541122640E+05
 0.36865343121299488E+00   0.17014962340302E-03  -0.13381345949976E+05
 0.36916302981018811E+00   0.21184447044981E-03  -0.13311028826819E+05
 0.36982749728462122E+00   0.25653176725507E-03  -0.13219633144465E+05
 0.37067181325647353E+00   0.30442627240692E-03  -0.13103972503044E+05
 0.37172313372589527E+00   0.35575815550320E-03  -0.12960689287054E+05
 0.37301041835183879E+00   0.41077410281323E-03  -0.12786346741265E+05
 0.37456379477440893E+00   0.46973850223137E-03  -0.12577561736736E+05
 0.37641358633839217E+00   0.53293471320370E-03  -0.12331184227612E+05
 0.37858892900604418E+00   0.60066642771546E-03  -0.12044526383464E+05
 0.38111591612127277E+00   0.67325912886222E-03  -0.11715638871059E+05
 0.38401524488566197E+00   0.75106165399386E-03  -0.11343623174268E+05
 0.38729940641644023E+00   0.83444786992019E-03  -0.10928957042961E+05
 0.39096957157052092E+00   0.92381846820159E-03  -0.10473795909787E+05
 0.39501247992688010E+00   0.10196028891215E-02  -0.99821986268775E+04
 0.39939782533838458E+00   0.11222613835509E-02  -0.94602152825914E+04
 0.40407680537942353E+00   0.12322872225722E-02  -0.89157741526200E+04
 0.40898258394146547E+00   0.13502090654347E-02  -0.83583207683399E+04
 0.41403329806951261E+00   0.14765934971652E-02  -0.77981995108165E+04
 0.41913782685292106E+00   0.16120477479678E-02  -0.72458259522746E+04
 0.42420382736097595E+00   0.17572226074079E-02  -0.67107651448596E+04
 0.42914669932276722E+00   0.19128155473023E-02  -0.62008847035738E+04
 0.43389752210820193E+00   0.20795740682274E-02  -0.57217636716543E+04
 0.43840802072207691E+00   0.22582992856177E-02  -0.52764887417802E+04
 0.44265144645147181E+00   0.24498497725618E-02  -0.48658635613260E+04
 0.44661963231184199E+00   0.26551456776172E-02  -0.44889327329254E+04
 0.45031773408935122E+00   0.28751731372654E-02  -0.41436368895607E+04
 0.45375863789375392E+00   0.31109890040199E-02  -0.38274106333311E+04
 0.45695854300757727E+00   0.33637259126873E-02  -0.35376063868850E+04
 0.45993425756767942E+00   0.36345977088734E-02  -0.32717249230412E+04
 0.46270192923673681E+00   0.39249052655295E-02  -0.30275017609191E+04
 0.46527662606940212E+00   0.42360427151559E-02  -0.28029156453823E+04
 0.46767228660151283E+00   0.45695041272231E-02  -0.25961674354790E+04
 0.46990178422084128E+00   0.49268906624595E-02  -0.24056531113489E+04
 0.47197701191534341E+00   0.53099182378730E-02  -0.22299387878901E+04
 0.47390896351372397E+00   0.57204257387563E-02  -0.20677391714502E+04
 0.47570780779305144E+00   0.61603838164655E-02  -0.19178991876680E+04
 0.47738295572225919E+00   0.66319043134761E-02  -0.17793782806134E+04
 0.47894312153417617E+00   0.71372503601200E-02  -0.16512369415675E+04
 0.48039637827342357E+00   0.76788471905016E-02  -0.15326251048360E+04
 0.48175020839163973E+00   0.82592937283951E-02  -0.14227721138129E+04
 0.48301154989385919E+00   0.88813749974526E-02  -0.13209780133153E+04
 0.48418683848118538E+00   0.95480754138094E-02  -0.12266059666932E+04
 0.48528204608393544E+00   0.10262593023187E-01  -0.11390756305453E+04
 0.48630271613509041E+00   0.11028354748868E-01  -0.10578573477673E+04
 0.48725399589521678E+00   0.11849032721462E-01  -0.98246704241025E+03
 0.48814066610625179E+00   0.12728561766261E-01  -0.91246171848345E+03
 0.48896716822199809E+00   0.13671158129094E-01  -0.84743548018598E+03
 0.48973762943727062E+00   0.14681339527142E-01  -0.78701600373536E+03
 0.49045588571492116E+00   0.15763946616981E-01  -0.73086140148406E+03
 0.49112550298998819E+00   0.16924165978315E-01  -0.67865742777143E+03
 0.49174979671265068E+00   0.18167554718499E-01  -0.63011498327289E+03
 0.49233184987618089E+00   0.19500066809896E-01  -0.58496788073743E+03
 0.49287452966243023E+00   0.20928081279553E-01  -0.54297084015605E+03
 0.49338050282530138E+00   0.22458432378533E-01  -0.50389768574758E+03
 0.49385224992195720E+00   0.24098441866553E-01  -0.46753972082252E+03
 0.49429207849198387E+00   0.25855953556357E-01  -0.43370425970368E+03
 0.49470213527620549E+00   0.27739370271550E-01  -0.40221329853840E+03
 0.49508441755914900E+00   0.29757693381404E-01  -0.37290230911014E+03
 0.49544078371214478E+00   0.31920565086455E-01  -0.34561914171229E+03
 0.49577296300753904E+00   0.34238313639551E-01  -0.32022302484120E+03
 0.49608256476835816E+00   0.36722001698414E-01  -0.29658365094627E+03
 0.49637108691183141E+00   0.39383478017693E-01  -0.27458033878374E+03
 0.49663992393931783E+00   0.42235432700963E-01  -0.25410126409434E+03
 0.49689037441924394E+00   0.45291456246181E-01  -0.23504275139309E+03
 0.49712364800352810E+00   0.48566102631601E-01  -0.21730862064988E+03
 0.49734087201154886E+00   0.52074956703276E-01  -0.20080958357276E+03
 0.49754309760893278E+00   0.55834706139791E-01  -0.18546268509954E+03
 0.49773130560129997E+00   0.59863218284852E-01  -0.17119078656790E+03
 0.49790641185565065E+00   0.64179622153785E-01  -0.15792208787421E+03
 0.49806927235445175E+00   0.68804395935657E-01  -0.14558968674353E+03
 0.49822068787992918E+00   0.73759460328728E-01  -0.13413117400595E+03
 0.49836140831894277E+00   0.79068278063012E-01  -0.12348826448475E+03
 0.49849213657262387E+00   0.84755959979821E-01  -0.11360646371828E+03
 0.49861353205035969E+00   0.90849378054143E-01  -0.10443477121181E+03
 0.49872621372557663E+00   0.97377285761297E-01  -0.95925421186370E+02
 0.49883076273230320E+00   0.10437044620442E+00  -0.88033661773241E+02
 0.49892772448830414E+00   0.11186176843355E+00  -0.80717573173402E+02
 0.49901761034505770E+00   0.11988645240026E+00  -0.73937924284988E+02
 0.49910089879059183E+00   0.12848214300340E+00  -0.67658065430307E+02
 0.49917803627338747E+00   0.13768909369134E+00  -0.61843851697851E+02
 0.49924943778092401E+00   0.14755034009334E+00  -0.56463586551106E+02
 0.49931548740076953E+00   0.15811188415740E+00  -0.51487968312104E+02
 0.49937653921194403E+00   0.16942288927237E+00  -0.46890013166045E+02
 0.49943291896794872E+00   0.18153588684917E+00  -0.42644919839686E+02
 0.49948492705186875E+00   0.19450699482699E+00  -0.38729839734725E+02
 0.49953284295210365E+00   0.20839614855590E+00  -0.35123533789094E+02
 0.49957693088033350E+00   0.22326734448556E+00  -0.31805944514275E+02
 0.49961744523306301E+00   0.23918889705942E+00  -0.28757780826593E+02
 0.49965463396241949E+00   0.25623370917446E+00  -0.25960260980562E+02
 0.49968873836893590E+00   0.27447955651526E+00  -0.23395125160982E+02
 0.49971998947590845E+00   0.29400938600797E+00  -0.21044905409891E+02
 0.49974860290630324E+00   0.31491162856155E+00  -0.18893308228182E+02
 0.49977477471881981E+00   0.33728052616913E+00  -0.16925525112059E+02
 0.49979867977420672E+00   0.36121647332923E+00  -0.15128353012323E+02
 0.49982047283056824E+00   0.38682637261280E+00  -0.13490109915686E+02
 0.49984029162508353E+00   0.41422400404472E+00  -0.12000401460446E+02
 0.49985826092233088E+00   0.44353040778554E+00  -0.10649815260575E+02
 0.49987449665794592E+00   0.47487427938818E+00  -0.94296083872533E+01
 0.49988910959052707E+00   0.50839237666158E+00  -0.83314320655542E+01
 0.49990220813495234E+00   0.54422993689737E+00  -0.73471180773598E+01
 0.49991390024191729E+00   0.58254110290335E+00  -0.64685369656964E+01
 0.49992429431897939E+00   0.62348935593563E+00  -0.56875283449020E+01
 0.49993349927595576E+00   0.66724795322943E+00  -0.49958970561166E+01
 0.49994162383600449E+00   0.71400036739287E+00  -0.43854645279785E+01
 0.49994877529048481E+00   0.76394072444865E+00  -0.38481619510727E+01
 0.49995505789400430E+00   0.81727423678444E+00  -0.33761505072244E+01
 0.49996057109754199E+00   0.87421762670440E+00  -0.29619537881693E+01
 0.49996540780404780E+00   0.93499953566278E+00  -0.25985885541038E+01
 0.49996965280575639E+00   0.99986091361083E+00  -0.22796818726477E+01
 0.49997338153167803E+00   0.10690553822024E+01  -0.19995649900210E+01
 0.49997665920788392E+00   0.11428495648913E+01  -0.17533362260649E+01
 0.49997954052943405E+00   0.12215233762238E+01  -0.15368854665242E+01
 0.49998206998282141E+00   0.13053702618907E+01  -0.13468698183889E+01
 0.49998428304636272E+00   0.13946973803820E+01  -0.11806233413721E+01
 0.49998620855111986E+00   0.14898257163832E+01  -0.10359796261348E+01
 0.49998787224098884E+00   0.15910901154124E+01  -0.91100431496443E+00
 0.49998930071433678E+00   0.16988392286241E+01  -0.80369898095331E+00
 0.49999052384822107E+00   0.18134353562483E+01  -0.71181900705675E+00
 0.49999157404383587E+00   0.19352541778144E+01  -0.63293025398869E+00
 0.49999248287004971E+00   0.20646843571704E+01  -0.56466117645129E+00
 0.49999327761305479E+00   0.22021270103889E+01  -0.50496198848102E+00
 0.49999397965518694E+00   0.23479950249930E+01  -0.45222642556435E+00
 0.49999460475485213E+00   0.25027122195788E+01  -0.40527070351956E+00
 0.49999516429924079E+00   0.26667123339008E+01  -0.36323940835371E+00
 0.49999566669208384E+00   0.28404378408543E+01  -0.32550124592793E+00
 0.49999611847062331E+00   0.30243385735729E+01  -0.29156513477141E+00
 0.49999652506155057E+00   0.32188701630746E+01  -0.26102342016915E+00
 0.49999689122657531E+00   0.34244922845610E+01  -0.23351840309480E+00
 0.49999722128528423E+00   0.36416667135785E+01  -0.20872559883934E+00
 0.49999751919716762E+00   0.38708551967931E+01  -0.18634757476698E+00
 0.49999778856674210E+00   0.41125171460457E+01  -0.16611356490920E+00
 0.49999803261719733E+00   0.43671071685993E+01  -0.14778144906040E+00
 0.49999825416226029E+00   0.46350724509653E+01  -0.13113986576712E+00
 0.49999845559348294E+00   0.49168500183013E+01  -0.11600916689114E+00
 0.49999863889063445E+00   0.52128638959647E+01  -0.10224063670583E+00
 0.49999880565595967E+00   0.55235222042457E+01  -0.89713918276471E-01
 0.49999895716840415E+00   0.58492142214126E+01  -0.78332940117409E-01
 0.49999909445115620E+00   0.61903074538070E+01  -0.68020842623850E-01
 0.49999921834466554E+00   0.65471447546554E+01  -0.58714493049696E-01
 0.49999932957734050E+00   0.69200415353393E+01  -0.50359175043344E-01
 0.49999942882710113E+00   0.73092831139412E+01  -0.42903964931759E-01
 0.49999951676868948E+00   0.77151222458371E+01  -0.36298177990736E-01
 0.49999959410389816E+00   0.81377768798438E+01  -0.30489097740721E-01
 0.49999966157446490E+00   0.85774281809213E+01  -0.25421007425089E-01
 0.49999971995991982E+00   0.90342188566791E+01  -0.21035351607661E-01
 0.49999977006471585E+00   0.95082518200100E+01  -0.17271702883818E-01
 0.49999981269999327E+00   0.99995892142010E+01  -0.14069131660461E-01
 0.49999984866502301E+00   0.10508251820010E+02  -0.11367600029611E-01
 0.49999987873182927E+00   0.11034218856679E+02  -0.91091167725448E-02
 0.49999990363432067E+00   0.11577428180921E+02  -0.72385538187305E-02
 0.49999992406135113E+00   0.12137776879844E+02  -0.57041674771116E-02
 0.49999994065220776E+00   0.12715122245837E+02  -0.44579372822733E-02
 0.49999995399319214E+00   0.13309283113941E+02  -0.34558228849199E-02
 0.49999996461474078E+00   0.13920041535339E+02  -0.26579802294141E-02
 0.49999997298930449E+00   0.14547144754655E+02  -0.20289209383731E-02
 0.49999997953053066E+00   0.15190307453807E+02  -0.15375736798060E-02
 0.49999998459418360E+00   0.15849214221413E+02  -0.11572150278405E-02
 0.49999998848088328E+00   0.16523522204246E+02  -0.86526376090823E-03
 0.49999999144039309E+00   0.17212863895965E+02  -0.64295881473864E-03
 0.49999999367697301E+00   0.17916850018301E+02  -0.47495708800205E-03
 0.49999999535526585E+00   0.18635072450965E+02  -0.34889133914828E-03
 0.49999999660624111E+00   0.19367107168599E+02  -0.25492376434932E-03
 0.49999999753283908E+00   0.20112517146046E+02  -0.18532193631227E-03
 0.49999999821509283E+00   0.20870855196793E+02  -0.13407412427646E-03
 0.49999999871461043E+00   0.21641666713578E+02  -0.96552635770908E-04
 0.49999999907838533E+00   0.22424492284561E+02  -0.69227506136138E-04
 0.49999999934196443E+00   0.23218870163075E+02  -0.49428639845028E-04
 0.49999999953202701E+00   0.24024338573573E+02  -0.35152010059158E-04
 0.49999999966845199E+00   0.24840437840854E+02  -0.24904377367407E-04
 0.49999999999999989E+00   0.25666712333901E+02   0.40523140398818E-14
 0.50000000000000000E+00   0.26502712219579E+02   0.88817841970013E-14
 0.50000000000000000E+00   0.27347995024993E+02   0.10325074129014E-13
 0.50000000000000000E+00   0.28202127010389E+02   0.10658141036402E-13
 0.50000000000000000E+00   0.29064684357170E+02   0.10547118733939E-13
 0.50000000000000000E+00   0.29935254177814E+02   0.10214051826551E-13
 0.50000000000000000E+00   0.30813435356248E+02   0.99364960703952E-14
 0.50000000000000000E+00   0.31698839228624E+02   0.96589403142389E-14
 0.50000000000000000E+00   0.32591090115412E+02   0.94368957093138E-14
 0.50000000000000000E+00   0.33489825716383E+02   0.91593399531575E-14
 0.50000000000000000E+00   0.34394697380382E+02   0.89372953482325E-14
 0.50000000000000000E+00   0.35305370261891E+02   0.86597395920762E-14
 0.50000000000000000E+00   0.36221523376224E+02   0.84932061383824E-14
 0.50000000000000000E+00   0.37142849564891E+02   0.82156503822262E-14
 0.50000000000000000E+00   0.38069055382202E+02   0.81046280797636E-14
 0.50000000000000000E+00   0.38999860913611E+02   0.78270723236074E-14
 0.50000000000000000E+00   0.39934999535663E+02   0.77160500211448E-14
 0.50000000000000000E+00   0.40874217626704E+02   0.74940054162198E-14
