 0.28591944233743116E+00   0.97578195523695E-18  -0.28121137593865E+05
 0.28595502048466337E+00   0.29483069282768E-04  -0.28112965915471E+05
 0.28607208526590544E+00   0.61082173640461E-04  -0.28086092528718E+05
 0.28628796989953614E+00   0.94949178290611E-04  -0.28036591696283E+05
 0.28662268547815795E+00   0.13124684686428E-03  -0.27959991193812E+05
 0.28709919170594383E+00   0.17014962340302E-03  -0.27851249673005E+05
 0.28774364954277815E+00   0.21184447044981E-03  -0.27704753545782E+05
 0.28858562969405660E+00   0.25653176725507E-03  -0.27514343105757E+05
 0.28965823992237250E+00   0.30442627240692E-03  -0.27273379919497E+05
 0.29099812385524043E+00   0.35575815550320E-03  -0.26974868840089E+05
 0.29264526531332352E+00   0.41077410281323E-03  -0.26611649839429E+05
 0.29464251376499195E+00   0.46973850223137E-03  -0.26176674604042E+05
 0.29703472562082223E+00   0.53293471320370E-03  -0.25663380406951E+05
 0.29986739788778255E+00   0.60066642771546E-03  -0.25066167470360E+05
 0.30318466152105772E+00   0.67325912886222E-03  -0.24380974557705E+05
 0.30702651347055560E+00   0.75106165399386E-03  -0.23605929645970E+05
 0.31142521637997833E+00   0.83444786992019E-03  -0.22742027950757E+05
 0.31640090583579916E+00   0.92381846820159E-03  -0.21793759884624E+05
 0.32195663956333609E+00   0.10196028891215E-02  -0.20769581348084E+05
 0.32807341037347260E+00   0.11222613835509E-02  -0.19682096686114E+05
 0.33470599756242664E+00   0.12322872225722E-02  -0.18547823172478E+05
 0.34178085599502761E+00   0.13502090654347E-02  -0.17386439069016E+05
 0.34919736063519435E+00   0.14765934971652E-02  -0.16219495277208E+05
 0.35683340704175198E+00   0.16120477479678E-02  -0.15068691044538E+05
 0.36455545142376367E+00   0.17572226074079E-02  -0.13953953726261E+05
 0.37223165154086019E+00   0.19128155473023E-02  -0.12891674368313E+05
 0.37974533998534943E+00   0.20795740682274E-02  -0.11893476171728E+05
 0.38700541743071737E+00   0.22582992856177E-02  -0.10965789950859E+05
 0.39395101819135542E+00   0.24498497725618E-02  -0.10110290186341E+05
 0.40054984875390426E+00   0.26551456776172E-02  -0.93249866959575E+04
 0.40679191463568226E+00   0.28751731372654E-02  -0.86055893793736E+04
 0.41268164034326937E+00   0.31109890040199E-02  -0.79467539299052E+04
 0.41823105684632333E+00   0.33637259126873E-02  -0.73429648646988E+04
 0.42345531160605698E+00   0.36345977088734E-02  -0.67890158011540E+04
 0.42837035359266018E+00   0.39249052655295E-02  -0.62801894551781E+04
 0.43299199339190619E+00   0.42360427151559E-02  -0.58122753130022E+04
 0.43733559801535082E+00   0.45695041272231E-02  -0.53815256551144E+04
 0.44141600481029986E+00   0.49268906624595E-02  -0.49845993270525E+04
 0.44524749435476513E+00   0.53099182378730E-02  -0.46185096909530E+04
 0.44884377865540381E+00   0.57204257387563E-02  -0.42805797499940E+04
 0.45221799584338201E+00   0.61603838164655E-02  -0.39684038792028E+04
 0.45538270962167549E+00   0.66319043134761E-02  -0.36798151211022E+04
 0.45834991271400644E+00   0.71372503601200E-02  -0.34128571258617E+04
 0.46113103370627462E+00   0.76788471905016E-02  -0.31657599802636E+04
 0.46373694673380628E+00   0.82592937283951E-02  -0.29369193068621E+04
 0.46617798352406692E+00   0.88813749974526E-02  -0.27248781246808E+04
 0.46846394735816166E+00   0.95480754138094E-02  -0.25283110512230E+04
 0.47060412856515804E+00   0.10262593023187E-01  -0.23460104970449E+04
 0.47260732121065724E+00   0.11028354748868E-01  -0.21768745621879E+04
 0.47448184068491484E+00   0.11849032721462E-01  -0.20198963911335E+04
 0.47623554193603773E+00   0.12728561766261E-01  -0.18741547817764E+04
 0.47787583813028173E+00   0.13671158129094E-01  -0.17388058758851E+04
 0.47940971955424128E+00   0.14681339527142E-01  -0.16130757849753E+04
 0.48084377260273359E+00   0.15763946616981E-01  -0.14962540275066E+04
 0.48218419872145102E+00   0.16924165978315E-01  -0.13876876716847E+04
 0.48343683319499553E+00   0.18167554718499E-01  -0.12867760935816E+04
 0.48460716368872025E+00   0.19500066809896E-01  -0.11929662733319E+04
 0.48570034846689975E+00   0.20928081279553E-01  -0.11057485632685E+04
 0.48672123422017188E+00   0.22458432378533E-01  -0.10246528713930E+04
 0.48767437344198900E+00   0.24098441866553E-01  -0.94924521182193E+03
 0.48856404129715003E+00   0.25855953556357E-01  -0.87912458106088E+03
 0.48939425192558050E+00   0.27739370271550E-01  -0.81392012530528E+03
 0.49016877412182802E+00   0.29757693381404E-01  -0.75328856959729E+03
 0.49089114632586961E+00   0.31920565086455E-01  -0.69691188467497E+03
 0.49156469085477761E+00   0.34238313639551E-01  -0.64449517177475E+03
 0.49219252729895652E+00   0.36722001698414E-01  -0.59576474948921E+03
 0.49277758500304314E+00   0.39383478017693E-01  -0.55046642997134E+03
 0.49332261455296555E+00   0.42235432700963E-01  -0.50836397417467E+03
 0.49383019820101132E+00   0.45291456246181E-01  -0.46923771719140E+03
 0.49430275918550781E+00   0.48566102631601E-01  -0.43288335473836E+03
 0.49474256994827270E+00   0.52074956703276E-01  -0.39911087993270E+03
 0.49515175933071165E+00   0.55834706139791E-01  -0.36774365502898E+03
 0.49553231894826349E+00   0.59863218284852E-01  -0.33861759504716E+03
 0.49588610910807718E+00   0.64179622153785E-01  -0.31158042885155E+03
 0.49621486483388638E+00   0.68804395935657E-01  -0.28649098923032E+03
 0.49652020274046249E+00   0.73759460328728E-01  -0.26321847104223E+03
 0.49680362953114987E+00   0.79068278063012E-01  -0.24164159513435E+03
 0.49706655257555427E+00   0.84755959979821E-01  -0.22164764058651E+03
 0.49731029218628492E+00   0.90849378054143E-01  -0.20313137190562E+03
 0.49753609395951787E+00   0.97377285761297E-01  -0.18599398281108E+03
 0.49774513851711111E+00   0.10437044620442E+00  -0.17014225542589E+03
 0.49793854618075317E+00   0.11186176843355E+00  -0.15548811821933E+03
 0.49811737597410821E+00   0.11988645240026E+00  -0.14194864446090E+03
 0.49828262097637488E+00   0.12848214300340E+00  -0.12944633483161E+03
 0.49843520368188854E+00   0.13768909369134E+00  -0.11790940605260E+03
 0.49857597465581044E+00   0.14755034009334E+00  -0.10727183659423E+03
 0.49870571597702779E+00   0.15811188415740E+00  -0.97473057383993E+02
 0.49882514903095010E+00   0.16942288927237E+00  -0.88457321112957E+02
 0.49893494502528035E+00   0.18153588684917E+00  -0.80172873019636E+02
 0.49903573625110709E+00   0.19450699482699E+00  -0.72571071846078E+02
 0.49912812629560394E+00   0.20839614855590E+00  -0.65605595291755E+02
 0.49921269781910499E+00   0.22326734448556E+00  -0.59231833387858E+02
 0.49929001696575492E+00   0.23918889705942E+00  -0.53406538771659E+02
 0.49936063392824176E+00   0.25623370917446E+00  -0.48087768945458E+02
 0.49942507963814520E+00   0.27447955651526E+00  -0.43235121830234E+02
 0.49948385904017639E+00   0.29400938600797E+00  -0.38810229512537E+02
 0.49953744200965028E+00   0.31491162856155E+00  -0.34777430088340E+02
 0.49958625384057670E+00   0.33728052616913E+00  -0.31104472435716E+02
 0.49963066854460703E+00   0.36121647332923E+00  -0.27763010237566E+02
 0.49967100972159673E+00   0.38682637261280E+00  -0.24728527493560E+02
 0.49970756364494012E+00   0.41422400404472E+00  -0.21979346900724E+02
 0.49974060345859045E+00   0.44353040778554E+00  -0.19494804699108E+02
 0.49977041145106127E+00   0.47487427938818E+00  -0.17253572262735E+02
 0.49979728113757665E+00   0.50839237666158E+00  -0.15233497148043E+02
 0.49982149663587871E+00   0.54422993689737E+00  -0.13413151167543E+02
 0.49984330794231857E+00   0.58254110290335E+00  -0.11773685918492E+02
 0.49986292017380018E+00   0.62348935593563E+00  -0.10299638158010E+02
 0.49988049883421770E+00   0.66724795322943E+00  -0.89785311121488E+01
 0.49989618318653994E+00   0.71400036739287E+00  -0.77998673734027E+01
 0.49991010004011316E+00   0.76394072444865E+00  -0.67540913644120E+01
 0.49992237398214956E+00   0.81727423678444E+00  -0.58318195602236E+01
 0.49993313300450454E+00   0.87421762670440E+00  -0.50234170300684E+01
 0.49994250998911999E+00   0.93499953566278E+00  -0.43188852867346E+01
 0.49995064112904836E+00   0.99986091361083E+00  -0.37079804160849E+01
 0.49995766251398238E+00   0.10690553822024E+01  -0.31804691087604E+01
 0.49996370602406637E+00   0.11428495648913E+01  -0.27264366597560E+01
 0.49996889546450313E+00   0.12215233762238E+01  -0.23365768959833E+01
 0.49997334360425172E+00   0.13053702618907E+01  -0.20024142237427E+01
 0.49997715050259750E+00   0.13946973803820E+01  -0.17164289822102E+01
 0.49998040324360360E+00   0.14898257163832E+01  -0.14720770970251E+01
 0.49998317695041627E+00   0.15910901154124E+01  -0.12637136527585E+01
 0.49998553670558465E+00   0.16988392286241E+01  -0.10864484623660E+01
 0.49998753977967536E+00   0.18134353562483E+01  -0.93597852528826E+00
 0.49998923747780699E+00   0.19352541778144E+01  -0.80844922349643E+00
 0.49999067610924797E+00   0.20646843571704E+01  -0.70038141747325E+00
 0.49999189706755831E+00   0.22021270103889E+01  -0.60866537385821E+00
 0.49999293647937815E+00   0.23479950249930E+01  -0.53058710695681E+00
 0.49999382498957418E+00   0.25027122195788E+01  -0.46384448635426E+00
 0.49999458798606977E+00   0.26667123339008E+01  -0.40653032424161E+00
 0.49999524622485420E+00   0.28404378408543E+01  -0.35708540885067E+00
 0.49999581663941645E+00   0.30243385735729E+01  -0.31423768987422E+00
 0.49999631312766596E+00   0.32188701630746E+01  -0.27694315883242E+00
 0.49999674720060716E+00   0.34244922845610E+01  -0.24433711696513E+00
 0.49999712846402772E+00   0.36416667135785E+01  -0.21569798837972E+00
 0.49999746495586916E+00   0.38708551967931E+01  -0.19042197509326E+00
 0.49999776338083229E+00   0.41125171460457E+01  -0.16800543233930E+00
 0.49999802928300047E+00   0.43671071685993E+01  -0.14803190018088E+00
 0.49999826718786589E+00   0.46350724509653E+01  -0.13016143404897E+00
 0.49999848073377862E+00   0.49168500183013E+01  -0.11412072992089E+00
 0.49999867280281080E+00   0.52128638959647E+01  -0.99693293796113E-01
 0.49999884565350766E+00   0.55235222042457E+01  -0.86709469489483E-01
 0.49999900105312878E+00   0.58492142214126E+01  -0.75036504956336E-01
 0.49999914040435689E+00   0.61903074538070E+01  -0.64569034241756E-01
 0.49999926486055524E+00   0.65471447546554E+01  -0.55220419652557E-01
 0.49999937542400491E+00   0.69200415353393E+01  -0.46915372524094E-01
 0.49999947302281700E+00   0.73092831139412E+01  -0.39584175834196E-01
 0.49999955856418699E+00   0.77151222458371E+01  -0.33158683913614E-01
 0.49999963296412886E+00   0.81377768798438E+01  -0.27570088919942E-01
 0.49999969715647857E+00   0.85774281809213E+01  -0.22748244502850E-01
 0.49999975208629516E+00   0.90342188566791E+01  -0.18622161441134E-01
 0.49999979869420108E+00   0.95082518200100E+01  -0.15121183940805E-01
 0.49999983789817298E+00   0.99995892142010E+01  -0.12176357382330E-01
 0.49999987057772594E+00   0.10508251820010E+02  -0.97216162576466E-02
 0.49999989756285912E+00   0.11034218856679E+02  -0.76946145904140E-02
 0.49999991962758705E+00   0.11577428180921E+02  -0.60372117785930E-02
 0.49999993748639460E+00   0.12137776879844E+02  -0.46957388391817E-02
 0.49999995179186663E+00   0.12715122245837E+02  -0.36211764704954E-02
 0.49999996313261724E+00   0.13309283113941E+02  -0.27693106224316E-02
 0.49999997203165414E+00   0.13920041535339E+02  -0.21008552875419E-02
 0.49999997894585596E+00   0.14547144754655E+02  -0.15814917769075E-02
 0.49999998426718395E+00   0.15190307453807E+02  -0.11817777452225E-02
 0.49999998832584375E+00   0.15849214221413E+02  -0.87690963252007E-03
 0.49999999139517326E+00   0.16523522204246E+02  -0.64635552937520E-03
 0.49999999369773956E+00   0.17212863895965E+02  -0.47339718464423E-03
 0.49999999541204054E+00   0.17916850018301E+02  -0.34462668209745E-03
 0.49999999667926054E+00   0.18635072450965E+02  -0.24943886783380E-03
 0.49999999760967356E+00   0.19367107168599E+02  -0.17955046999818E-03
 0.49999999828842784E+00   0.20112517146046E+02  -0.12856553058982E-03
 0.49999999878058543E+00   0.20870855196793E+02  -0.91596892001222E-04
 0.49999999913538345E+00   0.21641666713578E+02  -0.64946070584160E-04
 0.49999999938975342E+00   0.22424492284561E+02  -0.45838948615096E-04
 0.49999999957116842E+00   0.23218870163075E+02  -0.32211881924482E-04
 0.49999999969931963E+00   0.24024338573573E+02  -0.22585751786153E-04
 0.50000000000000000E+00   0.24840437840854E+02   0.12412293415309E-12
 0.50000000000000000E+00   0.25666712333901E+02   0.12345680033832E-12
 0.50000000000000000E+00   0.26502712219579E+02   0.12045919817183E-12
 0.50000000000000000E+00   0.27347995024993E+02   0.11723955140042E-12
 0.50000000000000000E+00   0.28202127010389E+02   0.11379786002408E-12
 0.50000000000000000E+00   0.29064684357170E+02   0.11057821325267E-12
 0.50000000000000000E+00   0.29935254177814E+02   0.10724754417879E-12
 0.50000000000000000E+00   0.30813435356248E+02   0.10413891970984E-12
 0.50000000000000000E+00   0.31698839228624E+02   0.10125233984581E-12
 0.50000000000000000E+00   0.32591090115412E+02   0.98476782284251E-13
 0.50000000000000000E+00   0.33489825716383E+02   0.95812247025151E-13
 0.50000000000000000E+00   0.34394697380382E+02   0.93258734068513E-13
 0.50000000000000000E+00   0.35305370261891E+02   0.90927265716800E-13
 0.50000000000000000E+00   0.36221523376224E+02   0.88595797365087E-13
 0.50000000000000000E+00   0.37142849564891E+02   0.86375351315837E-13
 0.50000000000000000E+00   0.38069055382202E+02   0.84376949871512E-13
 0.50000000000000000E+00   0.38999860913611E+02   0.82378548427187E-13
 0.50000000000000000E+00   0.39934999535663E+02   0.80491169285324E-13
 0.50000000000000000E+00   0.40874217626704E+02   0.78492767840999E-13
