 0.22156245960650567E+00   0.97578195523695E-18  -0.47198799913344E+05
 0.22159835341368100E+00   0.29483069282768E-04  -0.47185071315922E+05
 0.22171647806506689E+00   0.61082173640461E-04  -0.47139922601276E+05
 0.22193439283087446E+00   0.94949178290611E-04  -0.47056758972831E+05
 0.22227245256788244E+00   0.13124684686428E-03  -0.46928066676726E+05
 0.22275413255429344E+00   0.17014962340302E-03  -0.46745375933856E+05
 0.22340636017627541E+00   0.21184447044981E-03  -0.46499255747214E+05
 0.22425983272439259E+00   0.25653176725507E-03  -0.46179357484894E+05
 0.22534928992987363E+00   0.30442627240692E-03  -0.45774528276843E+05
 0.22671370416018913E+00   0.35575815550320E-03  -0.45273015935466E+05
 0.22839632903392629E+00   0.41077410281323E-03  -0.44662791261891E+05
 0.23044452707954072E+00   0.46973850223137E-03  -0.43932012729641E+05
 0.23290926915785568E+00   0.53293471320370E-03  -0.43069654604810E+05
 0.23584416805732003E+00   0.60066642771546E-03  -0.42066308931556E+05
 0.23930387932358960E+00   0.67325912886222E-03  -0.40915152547852E+05
 0.24334168433141087E+00   0.75106165399386E-03  -0.39613040238817E+05
 0.24800608156994375E+00   0.83444786992019E-03  -0.38161643844613E+05
 0.25333628005139347E+00   0.92381846820159E-03  -0.36568507255801E+05
 0.25935665026691601E+00   0.10196028891215E-02  -0.34847836524419E+05
 0.26607047865147720E+00   0.11222613835509E-02  -0.33020807246667E+05
 0.27345380026921423E+00   0.12322872225722E-02  -0.31115168902958E+05
 0.28145059118875138E+00   0.13502090654347E-02  -0.29163981592596E+05
 0.28997100891639421E+00   0.14765934971652E-02  -0.27203451592107E+05
 0.29889437100261923E+00   0.16120477479678E-02  -0.25270034516642E+05
 0.30807782547496709E+00   0.17572226074079E-02  -0.23397209290124E+05
 0.31737008171040926E+00   0.19128155473023E-02  -0.21612513896588E+05
 0.32662754984016801E+00   0.20795740682274E-02  -0.19935476379806E+05
 0.33572877099907111E+00   0.22582992856177E-02  -0.18376901603613E+05
 0.34458318966833257E+00   0.24498497725618E-02  -0.16939603823060E+05
 0.35313241294990094E+00   0.26551456776172E-02  -0.15620240703002E+05
 0.36134510291133692E+00   0.28751731372654E-02  -0.14411606105998E+05
 0.36920879792921352E+00   0.31109890040199E-02  -0.13304722905957E+05
 0.37672211138389694E+00   0.33637259126873E-02  -0.12290326494972E+05
 0.38388925919961653E+00   0.36345977088734E-02  -0.11359671660789E+05
 0.39071708059423427E+00   0.39249052655295E-02  -0.10504834993690E+05
 0.39721373561136863E+00   0.42360427151559E-02  -0.97187445818168E+04
 0.40338820638192774E+00   0.45695041272231E-02  -0.89951061348725E+04
 0.40925008285799336E+00   0.49268906624595E-02  -0.83283085191008E+04
 0.41480942667315307E+00   0.53099182378730E-02  -0.77133363119763E+04
 0.42007665651282766E+00   0.57204257387563E-02  -0.71456944027555E+04
 0.42506244443576224E+00   0.61603838164655E-02  -0.66213436863923E+04
 0.42977762189419855E+00   0.66319043134761E-02  -0.61366461002768E+04
 0.43423309531254495E+00   0.71372503601200E-02  -0.56883174568436E+04
 0.43843977104388016E+00   0.76788471905016E-02  -0.52733868017363E+04
 0.44240848940445138E+00   0.82592937283951E-02  -0.48891612575842E+04
 0.44614996738822998E+00   0.88813749974526E-02  -0.45331954983652E+04
 0.44967474958943021E+00   0.95480754138094E-02  -0.42032651481663E+04
 0.45299316680753954E+00   0.10262593023187E-01  -0.38973435186151E+04
 0.45611530177346027E+00   0.11028354748868E-01  -0.36135811973019E+04
 0.45905096141348711E+00   0.11849032721462E-01  -0.33502880797676E+04
 0.46180965505692473E+00   0.12728561766261E-01  -0.31059175037051E+04
 0.46440057799033913E+00   0.13671158129094E-01  -0.28790521987592E+04
 0.46683259976431790E+00   0.14681339527142E-01  -0.26683918109092E+04
 0.46911425666526962E+00   0.15763946616981E-01  -0.24727417986515E+04
 0.47125374777391715E+00   0.16924165978315E-01  -0.22910035304131E+04
 0.47325893404320485E+00   0.18167554718499E-01  -0.21221654398673E+04
 0.47513733984174295E+00   0.19500066809896E-01  -0.19652951188668E+04
 0.47689615642621763E+00   0.20928081279553E-01  -0.18195322470886E+04
 0.47854224683048863E+00   0.22458432378533E-01  -0.16840822734835E+04
 0.48008215169537566E+00   0.24098441866553E-01  -0.15582107773096E+04
 0.48152209561894660E+00   0.25855953556357E-01  -0.14412384456755E+04
 0.48286799369312206E+00   0.27739370271550E-01  -0.13325366096371E+04
 0.48412545802253176E+00   0.29757693381404E-01  -0.12315232811673E+04
 0.48529980421146801E+00   0.31920565086455E-01  -0.11376596278211E+04
 0.48639605806589242E+00   0.34238313639551E-01  -0.10504468100001E+04
 0.48741896308143307E+00   0.36722001698414E-01  -0.96942308829147E+03
 0.48837298961698489E+00   0.39383478017693E-01  -0.89416109010973E+03
 0.48926234683676129E+00   0.42235432700963E-01  -0.82426511752782E+03
 0.49009099827756986E+00   0.45291456246181E-01  -0.75936840192090E+03
 0.49086268096685959E+00   0.48566102631601E-01  -0.69913028802880E+03
 0.49158092633530992E+00   0.52074956703276E-01  -0.64323346261479E+03
 0.49224907934711359E+00   0.55834706139791E-01  -0.59138148293698E+03
 0.49287031163722284E+00   0.59863218284852E-01  -0.54329690618968E+03
 0.49344762616742427E+00   0.64179622153785E-01  -0.49872018581386E+03
 0.49398385460469502E+00   0.68804395935657E-01  -0.45740921786360E+03
 0.49448165208976280E+00   0.73759460328728E-01  -0.41913916079587E+03
 0.49494349505566865E+00   0.79068278063012E-01  -0.38370208487464E+03
 0.49537168594589143E+00   0.84755959979821E-01  -0.35090615337528E+03
 0.49576836559445858E+00   0.90849378054143E-01  -0.32057427706649E+03
 0.49613553141042699E+00   0.97377285761297E-01  -0.29254238281156E+03
 0.49647505813980725E+00   0.10437044620442E+00  -0.26665753882324E+03
 0.49678871773642092E+00   0.11186176843355E+00  -0.24277619463893E+03
 0.49707819532593123E+00   0.11988645240026E+00  -0.22076275747958E+03
 0.49734509906831192E+00   0.12848214300340E+00  -0.20048866349094E+03
 0.49759096279744780E+00   0.13768909369134E+00  -0.18183202116745E+03
 0.49781724168490737E+00   0.14755034009334E+00  -0.16467780160879E+03
 0.49802530295015629E+00   0.15811188415740E+00  -0.14891841751140E+03
 0.49821641583794446E+00   0.16942288927237E+00  -0.13445436861409E+03
 0.49839174719394985E+00   0.18153588684917E+00  -0.12119447425455E+03
 0.49855236918047008E+00   0.19450699482699E+00  -0.10905520026002E+03
 0.49869928082987375E+00   0.20839614855590E+00  -0.97958954775366E+02
 0.49883343436308619E+00   0.22326734448556E+00  -0.87832039729918E+02
 0.49895574862452913E+00   0.23918889705942E+00  -0.78603587678137E+02
 0.49906709902797275E+00   0.25623370917446E+00  -0.70206277948835E+02
 0.49916829382603145E+00   0.27447955651526E+00  -0.62578086154116E+02
 0.49926005812140339E+00   0.29400938600797E+00  -0.55663451044289E+02
 0.49934303844130934E+00   0.31491162856155E+00  -0.49412895336994E+02
 0.49941782500639842E+00   0.33728052616913E+00  -0.43781320028865E+02
 0.49948498058982499E+00   0.36121647332923E+00  -0.38725809703216E+02
 0.49954506534887733E+00   0.38682637261280E+00  -0.34203747157189E+02
 0.49959865116335800E+00   0.41422400404472E+00  -0.30171721810327E+02
 0.49964632325189351E+00   0.44353040778554E+00  -0.26585397387905E+02
 0.49968867005559425E+00   0.47487427938818E+00  -0.23400262821188E+02
 0.49972626457165714E+00   0.50839237666158E+00  -0.20573026128928E+02
 0.49975964175721466E+00   0.54422993689737E+00  -0.18063303631782E+02
 0.49978927769548864E+00   0.58254110290335E+00  -0.15835176776950E+02
 0.49981557729252829E+00   0.62348935593563E+00  -0.13858108261059E+02
 0.49983887770484686E+00   0.66724795322943E+00  -0.12106676850930E+02
 0.49985947069852699E+00   0.71400036739287E+00  -0.10558890985580E+02
 0.49987763376501715E+00   0.76394072444865E+00  -0.91938462317148E+01
 0.49989364584720231E+00   0.81727423678444E+00  -0.79905409124557E+01
 0.49990777439123779E+00   0.87421762670440E+00  -0.69288471884627E+01
 0.49992025110216909E+00   0.93499953566278E+00  -0.59913308600845E+01
 0.49993126103687746E+00   0.99986091361083E+00  -0.51640688760871E+01
 0.49994094942712669E+00   0.10690553822024E+01  -0.44361349396224E+01
 0.49994943614206722E+00   0.11428495648913E+01  -0.37985116534508E+01
 0.49995682859950591E+00   0.12215233762238E+01  -0.32431196874196E+01
 0.49996322959421347E+00   0.13053702618907E+01  -0.27622291331660E+01
 0.49996874025432236E+00   0.13946973803820E+01  -0.23482370305188E+01
 0.49997345971791674E+00   0.14898257163832E+01  -0.19936913607450E+01
 0.49997748323574354E+00   0.15910901154124E+01  -0.16914333076447E+01
 0.49998090002220091E+00   0.16988392286241E+01  -0.14347584528322E+01
 0.49998379166235851E+00   0.18134353562483E+01  -0.12175362288948E+01
 0.49998623139920839E+00   0.19352541778144E+01  -0.10342632819003E+01
 0.49998828424566377E+00   0.20646843571704E+01  -0.88005491346931E+00
 0.49999000762741869E+00   0.22021270103889E+01  -0.75059667721504E+00
 0.49999145218716590E+00   0.23479950249930E+01  -0.64208388160219E+00
 0.49999266246348284E+00   0.25027122195788E+01  -0.55117052926028E+00
 0.49999367734169359E+00   0.26667123339008E+01  -0.47493540142295E+00
 0.49999453035128716E+00   0.28404378408543E+01  -0.41085968102024E+00
 0.49999524995898942E+00   0.30243385735729E+01  -0.35680491158486E+00
 0.49999585996499790E+00   0.32188701630746E+01  -0.31098321407521E+00
 0.49999638001776869E+00   0.34244922845610E+01  -0.27191860395366E+00
 0.49999682619392211E+00   0.36416667135785E+01  -0.23840342091387E+00
 0.49999721157226867E+00   0.38708551967931E+01  -0.20945520338683E+00
 0.49999754675014679E+00   0.41125171460457E+01  -0.18427789845408E+00
 0.49999784028008415E+00   0.43671071685993E+01  -0.16222905832537E+00
 0.49999809902819531E+00   0.46350724509653E+01  -0.14279291668220E+00
 0.49999832846780684E+00   0.49168500183013E+01  -0.12555833121836E+00
 0.49999853292460489E+00   0.52128638959647E+01  -0.11020036804213E+00
 0.49999871578710819E+00   0.55235222042457E+01  -0.96464491101258E-01
 0.49999887969179607E+00   0.58492142214126E+01  -0.84152655591164E-01
 0.49999902668781493E+00   0.61903074538070E+01  -0.73110935541018E-01
 0.49999915838278319E+00   0.65471447546554E+01  -0.63218571276690E-01
 0.49999927606909300E+00   0.69200415353393E+01  -0.54378482110397E-01
 0.49999938082918499E+00   0.73092831139412E+01  -0.46509358298744E-01
 0.49999947361839586E+00   0.77151222458371E+01  -0.39539437928919E-01
 0.49999955532488605E+00   0.81377768798438E+01  -0.33402005284273E-01
 0.49999962680764332E+00   0.85774281809213E+01  -0.28032536211549E-01
 0.49999968891526958E+00   0.90342188566791E+01  -0.23367286838921E-01
 0.49999974248982892E+00   0.95082518200100E+01  -0.19343004537019E-01
 0.49999978836100251E+00   0.99995892142010E+01  -0.15897366964540E-01
 0.49999982733582604E+00   0.10508251820010E+02  -0.12969752894591E-01
 0.49999986018827414E+00   0.11034218856679E+02  -0.10502024586688E-01
 0.49999988765119002E+00   0.11577428180921E+02  -0.84391339982890E-02
 0.49999991041116937E+00   0.12137776879844E+02  -0.67295070060278E-02
 0.49999992910567709E+00   0.12715122245837E+02  -0.53252600289344E-02
 0.49999994432125006E+00   0.13309283113941E+02  -0.41823350053627E-02
 0.49999995659200008E+00   0.13920041535339E+02  -0.32606118193677E-02
 0.49999996639829281E+00   0.14547144754655E+02  -0.25240075475805E-02
 0.49999997416597763E+00   0.15190307453807E+02  -0.19405342927361E-02
 0.49999998026667425E+00   0.15849214221413E+02  -0.14822776545085E-02
 0.49999998501943888E+00   0.16523522204246E+02  -0.11252715664969E-02
 0.49999998869382600E+00   0.17212863895965E+02  -0.84926829893650E-03
 0.49999999151409613E+00   0.17916850018301E+02  -0.63742243679110E-03
 0.49999999366417031E+00   0.18635072450965E+02  -0.47591863971741E-03
 0.49999999529291328E+00   0.19367107168599E+02  -0.35357488113075E-03
 0.49999999651937677E+00   0.20112517146046E+02  -0.26144853780830E-03
 0.49999999743773682E+00   0.20870855196793E+02  -0.19246551283647E-03
 0.49999999812175672E+00   0.21641666713578E+02  -0.14108504961352E-03
 0.49999999862869116E+00   0.22424492284561E+02  -0.10300644984862E-03
 0.49999999900261399E+00   0.23218870163075E+02  -0.74919075039315E-04
 0.49999999927719541E+00   0.24024338573573E+02  -0.54293772989711E-04
 0.49999999947797713E+00   0.24840437840854E+02  -0.39211972508335E-04
 0.49999999962420821E+00   0.25666712333901E+02  -0.28227760593191E-04
 0.49999999969931963E+00   0.26502712219579E+02  -0.22585751209725E-04
 0.49999999999999989E+00   0.27347995024993E+02   0.68167693711985E-12
 0.50000000000000000E+00   0.28202127010389E+02   0.66391336872584E-12
 0.50000000000000000E+00   0.29064684357170E+02   0.64526162191214E-12
 0.50000000000000000E+00   0.29935254177814E+02   0.62683191970336E-12
 0.50000000000000000E+00   0.30813435356248E+02   0.60929039591429E-12
 0.50000000000000000E+00   0.31698839228624E+02   0.59241500593998E-12
 0.50000000000000000E+00   0.32591090115412E+02   0.57642779438538E-12
 0.50000000000000000E+00   0.33489825716383E+02   0.56110671664555E-12
 0.50000000000000000E+00   0.34394697380382E+02   0.54600768351065E-12
 0.50000000000000000E+00   0.35305370261891E+02   0.53201887340038E-12
 0.50000000000000000E+00   0.36221523376224E+02   0.51847415249995E-12
 0.50000000000000000E+00   0.37142849564891E+02   0.50559556541430E-12
 0.50000000000000000E+00   0.38069055382202E+02   0.49360515674834E-12
 0.50000000000000000E+00   0.38999860913611E+02   0.48183679268732E-12
 0.50000000000000000E+00   0.39934999535663E+02   0.47073456244107E-12
 0.50000000000000000E+00   0.40874217626704E+02   0.45963233219481E-12
