 0.41323016904531884E+00   0.97578195523695E-18  -0.78863505885089E+04
 0.41325097567042468E+00   0.29483069282768E-04  -0.78840625407334E+04
 0.41331941433367764E+00   0.61082173640461E-04  -0.78765381527664E+04
 0.41344553821364460E+00   0.94949178290611E-04  -0.78626781740754E+04
 0.41364086151605228E+00   0.13124684686428E-03  -0.78412304274802E+04
 0.41391845814435158E+00   0.17014962340302E-03  -0.78107833709130E+04
 0.41429302481587998E+00   0.21184447044981E-03  -0.77697652206629E+04
 0.41478088755444342E+00   0.25653176725507E-03  -0.77164512969584E+04
 0.41539992418311700E+00   0.30442627240692E-03  -0.76489828749906E+04
 0.41616936891846901E+00   0.35575815550320E-03  -0.75654013554646E+04
 0.41710945820240652E+00   0.41077410281323E-03  -0.74637019750210E+04
 0.41824087170853447E+00   0.46973850223137E-03  -0.73419112531539E+04
 0.41958392079759443E+00   0.53293471320370E-03  -0.71981916751531E+04
 0.42115744211218387E+00   0.60066642771546E-03  -0.70309753524452E+04
 0.42297737107772221E+00   0.67325912886222E-03  -0.68391251866776E+04
 0.42505500448006489E+00   0.75106165399386E-03  -0.66221170559826E+04
 0.42739501858382267E+00   0.83444786992019E-03  -0.63802296597612E+04
 0.42999339248885349E+00   0.92381846820159E-03  -0.61147203447006E+04
 0.43283549184987469E+00   0.10196028891215E-02  -0.58279567840835E+04
 0.43589467929245951E+00   0.11222613835509E-02  -0.55234682038495E+04
 0.43913190017753589E+00   0.12322872225722E-02  -0.52058794371325E+04
 0.44249669221921512E+00   0.13502090654347E-02  -0.48807003806843E+04
 0.44592992391142183E+00   0.14765934971652E-02  -0.45539652581048E+04
 0.44936824146337057E+00   0.16120477479678E-02  -0.42317498192693E+04
 0.45274972635096178E+00   0.17572226074079E-02  -0.39196336758073E+04
 0.45601976963994573E+00   0.19128155473023E-02  -0.36222062665759E+04
 0.45913588027866903E+00   0.20795740682274E-02  -0.33427220295267E+04
 0.46207028212520218E+00   0.22582992856177E-02  -0.30829815310289E+04
 0.46480977497791115E+00   0.24498497725618E-02  -0.28434535607215E+04
 0.46735322127562684E+00   0.26551456776172E-02  -0.26235807984559E+04
 0.46970774862552173E+00   0.28751731372654E-02  -0.24221619412262E+04
 0.47188495752721055E+00   0.31109890040199E-02  -0.22377005004714E+04
 0.47389804616175724E+00   0.33637259126873E-02  -0.20686520483628E+04
 0.47576011954176944E+00   0.36345977088734E-02  -0.19135586929949E+04
 0.47748344599720005E+00   0.39249052655295E-02  -0.17710994756746E+04
 0.47907925685940977E+00   0.42360427151559E-02  -0.16400953167786E+04
 0.48055777257904564E+00   0.45695041272231E-02  -0.15194967001525E+04
 0.48192829200991250E+00   0.49268906624595E-02  -0.14083679265700E+04
 0.48319928653987154E+00   0.53099182378730E-02  -0.13058725377506E+04
 0.48437848534629918E+00   0.57204257387563E-02  -0.12112607487502E+04
 0.48547295063479051E+00   0.61603838164655E-02  -0.11238587301273E+04
 0.48648914396087761E+00   0.66319043134761E-02  -0.10430594483020E+04
 0.48743298483393893E+00   0.71372503601200E-02  -0.96831480647001E+03
 0.48830990264034135E+00   0.76788471905016E-02  -0.89912887455123E+03
 0.48912488276659599E+00   0.82592937283951E-02  -0.83505203505088E+03
 0.48988250767204966E+00   0.88813749974526E-02  -0.77567590251614E+03
 0.49058699355098034E+00   0.95480754138094E-02  -0.72062889905492E+03
 0.49124222313205512E+00   0.10262593023187E-01  -0.66957238841441E+03
 0.49185177508582917E+00   0.11028354748868E-01  -0.62219728739017E+03
 0.49241895044576001E+00   0.11849032721462E-01  -0.57822108661764E+03
 0.49294679639305033E+00   0.12728561766261E-01  -0.53738522368487E+03
 0.49343812770879697E+00   0.13671158129094E-01  -0.49945276046822E+03
 0.49389554615707681E+00   0.14681339527142E-01  -0.46420632400128E+03
 0.49432145802858646E+00   0.15763946616981E-01  -0.43144627633446E+03
 0.49471809004534484E+00   0.16924165978315E-01  -0.40098908396242E+03
 0.49508750380201194E+00   0.18167554718499E-01  -0.37266586167529E+03
 0.49543160889790711E+00   0.19500066809896E-01  -0.34632106927713E+03
 0.49575217489532819E+00   0.20928081279553E-01  -0.32181134263328E+03
 0.49605084222380125E+00   0.22458432378533E-01  -0.29900444305405E+03
 0.49632913213609392E+00   0.24098441866553E-01  -0.27777831117631E+03
 0.49658845580985689E+00   0.25855953556357E-01  -0.25802021333127E+03
 0.49683012267839055E+00   0.27739370271550E-01  -0.23962596994039E+03
 0.49705534806501706E+00   0.29757693381404E-01  -0.22249925680483E+03
 0.49726526018770018E+00   0.31920565086455E-01  -0.20655097128439E+03
 0.49746090659372993E+00   0.34238313639551E-01  -0.19169865632899E+03
 0.49764326007833659E+00   0.36722001698414E-01  -0.17786597615551E+03
 0.49781322413589857E+00   0.39383478017693E-01  -0.16498223807507E+03
 0.49797163798784788E+00   0.42235432700963E-01  -0.15298195559076E+03
 0.49811928122737004E+00   0.45291456246181E-01  -0.14180444841685E+03
 0.49825687811743502E+00   0.48566102631601E-01  -0.13139347553247E+03
 0.49838510157551746E+00   0.52074956703276E-01  -0.12169689778749E+03
 0.49850457687546756E+00   0.55834706139791E-01  -0.11266636693578E+03
 0.49861588509431715E+00   0.59863218284852E-01  -0.10425703829228E+03
 0.49871956632926401E+00   0.64179622153785E-01  -0.96427304502764E+02
 0.49881612270759351E+00   0.68804395935657E-01  -0.89138548188880E+02
 0.49890602120980820E+00   0.73759460328728E-01  -0.82354911492063E+02
 0.49898969632367240E+00   0.79068278063012E-01  -0.76043080796177E+02
 0.49906755254417512E+00   0.84755959979821E-01  -0.70172085165677E+02
 0.49913996673154853E+00   0.90849378054143E-01  -0.64713107298355E+02
 0.49920729033639871E+00   0.97377285761297E-01  -0.59639306062415E+02
 0.49926985149773806E+00   0.10437044620442E+00  -0.54925649967450E+02
 0.49932795701627003E+00   0.11186176843355E+00  -0.50548761206162E+02
 0.49938189420175527E+00   0.11988645240026E+00  -0.46486770193540E+02
 0.49943193258978391E+00   0.12848214300340E+00  -0.42719180814482E+02
 0.49947832551997845E+00   0.13768909369134E+00  -0.39226746857810E+02
 0.49952131156473095E+00   0.14755034009334E+00  -0.35991360349406E+02
 0.49956111579530760E+00   0.15811188415740E+00  -0.32995952681983E+02
 0.49959795087076575E+00   0.16942288927237E+00  -0.30224409554795E+02
 0.49963201793491441E+00   0.18153588684917E+00  -0.27661500763519E+02
 0.49966350730774317E+00   0.19450699482699E+00  -0.25292825799583E+02
 0.49969259896062534E+00   0.20839614855590E+00  -0.23104776010102E+02
 0.49971946276947998E+00   0.22326734448556E+00  -0.21084513710019E+02
 0.49974425854753629E+00   0.23918889705942E+00  -0.19219968084259E+02
 0.49976713587059041E+00   0.25623370917446E+00  -0.17499846877817E+02
 0.49978823372535935E+00   0.27447955651526E+00  -0.15913661546357E+02
 0.49980768004099729E+00   0.29400938600797E+00  -0.14451761330268E+02
 0.49982559121430953E+00   0.31491162856155E+00  -0.13105367927131E+02
 0.49984207182297202E+00   0.33728052616913E+00  -0.11866596147710E+02
 0.49985721484393297E+00   0.36121647332923E+00  -0.10728436712733E+02
 0.49987110282476072E+00   0.38682637261280E+00  -0.96846675437496E+01
 0.49988381046733410E+00   0.41422400404472E+00  -0.87296590361430E+01
 0.49989540872393423E+00   0.44353040778554E+00  -0.78580658114726E+01
 0.49990596957903904E+00   0.47487427938818E+00  -0.70644670787085E+01
 0.49991556956885042E+00   0.50839237666158E+00  -0.63431019592084E+01
 0.49992428995790783E+00   0.54422993689737E+00  -0.56878560588146E+01
 0.49993221317579917E+00   0.58254110290335E+00  -0.50925290420939E+01
 0.49993941744890064E+00   0.62348935593563E+00  -0.45512377769023E+01
 0.49994597234890009E+00   0.66724795322943E+00  -0.40587505522509E+01
 0.49995193679628891E+00   0.71400036739287E+00  -0.36106368380477E+01
 0.49995735942137121E+00   0.76394072444865E+00  -0.32032399472365E+01
 0.49996228035080420E+00   0.81727423678444E+00  -0.28335426430059E+01
 0.49996673348474446E+00   0.87421762670440E+00  -0.24989959342421E+01
 0.49997074866179458E+00   0.93499953566278E+00  -0.21973563398573E+01
 0.49997435342632901E+00   0.99986091361083E+00  -0.19265530535543E+01
 0.49997757431365081E+00   0.10690553822024E+01  -0.16845913510259E+01
 0.49998043767097267E+00   0.11428495648913E+01  -0.14694908795143E+01
 0.49998297007699216E+00   0.12215233762238E+01  -0.12792541088127E+01
 0.49998519843904443E+00   0.13053702618907E+01  -0.11118590066643E+01
 0.49998714984992199E+00   0.13946973803820E+01  -0.96526976992663E+00
 0.49998885128321291E+00   0.14898257163832E+01  -0.83745968739123E+00
 0.49999032919902464E+00   0.15910901154124E+01  -0.72644073546172E+00
 0.49999160912226870E+00   0.16988392286241E+01  -0.63029523636619E+00
 0.49999271524396038E+00   0.18134353562483E+01  -0.54720578932964E+00
 0.49999367008299500E+00   0.19352541778144E+01  -0.47548066092313E+00
 0.49999449423252063E+00   0.20646843571704E+01  -0.41357282296709E+00
 0.49999520620231186E+00   0.22021270103889E+01  -0.36009178138580E+00
 0.49999582235737089E+00   0.23479950249930E+01  -0.31380817889414E+00
 0.49999635694406486E+00   0.25027122195788E+01  -0.27365182420651E+00
 0.49999682218889308E+00   0.26667123339008E+01  -0.23870426716265E+00
 0.49999722845159789E+00   0.28404378408543E+01  -0.20818729321309E+00
 0.49999758441358932E+00   0.30243385735729E+01  -0.18144876632246E+00
 0.49999789728409372E+00   0.32188701630746E+01  -0.15794714140797E+00
 0.49999817300938881E+00   0.34244922845610E+01  -0.13723574566140E+00
 0.49999841647419974E+00   0.36416667135785E+01  -0.11894764912452E+00
 0.49999863168808689E+00   0.38708551967931E+01  -0.10278166308103E+00
 0.49999882195286527E+00   0.41125171460457E+01  -0.88489763536787E-01
 0.49999899000942671E+00   0.43671071685993E+01  -0.75866062020858E-01
 0.49999913816371405E+00   0.46350724509653E+01  -0.64737342591751E-01
 0.49999926839218839E+00   0.49168500183013E+01  -0.54955139380038E-01
 0.49999938242727410E+00   0.52128638959647E+01  -0.46389318099335E-01
 0.49999948182335163E+00   0.55235222042457E+01  -0.38923118839158E-01
 0.49999956800420003E+00   0.58492142214126E+01  -0.32449592278961E-01
 0.49999964229353638E+00   0.61903074538070E+01  -0.26869305634227E-01
 0.49999970593137971E+00   0.65471447546554E+01  -0.22089113390021E-01
 0.49999976008008234E+00   0.69200415353393E+01  -0.18021704221026E-01
 0.49999980582453818E+00   0.73092831139412E+01  -0.14585585294161E-01
 0.49999984417084092E+00   0.77151222458371E+01  -0.11705183024221E-01
 0.49999987604636620E+00   0.81377768798438E+01  -0.93108368718751E-02
 0.49999990230227565E+00   0.85774281809213E+01  -0.73386112302359E-02
 0.49999992371761692E+00   0.90342188566791E+01  -0.57299874002912E-02
 0.49999994100333145E+00   0.95082518200100E+01  -0.44315626097468E-02
 0.49999995480480747E+00   0.99995892142010E+01  -0.33948581383778E-02
 0.49999996570268868E+00   0.10508251820010E+02  -0.25762586206467E-02
 0.49999997421267178E+00   0.11034218856679E+02  -0.19370272301981E-02
 0.49999998078549057E+00   0.11577428180921E+02  -0.14433068662063E-02
 0.49999998580811356E+00   0.12137776879844E+02  -0.10660301888473E-02
 0.49999998960665815E+00   0.12715122245837E+02  -0.78070073858061E-03
 0.49999999245097421E+00   0.13309283113941E+02  -0.56704861516710E-03
 0.49999999456047972E+00   0.13920041535339E+02  -0.40859211677935E-03
 0.49999999611068247E+00   0.14547144754655E+02  -0.29214792554749E-03
 0.49999999723984034E+00   0.15190307453807E+02  -0.20733069943102E-03
 0.49999999805533818E+00   0.15849214221413E+02  -0.14607419840679E-03
 0.49999999863949152E+00   0.16523522204246E+02  -0.10219525195426E-03
 0.49999999905462972E+00   0.17212863895965E+02  -0.71011947194388E-04
 0.49999999934740913E+00   0.17916850018301E+02  -0.49019687022422E-04
 0.49999999955237678E+00   0.18635072450965E+02  -0.33623442927233E-04
 0.49999999969485209E+00   0.19367107168599E+02  -0.22921338769077E-04
 0.50000000000000000E+00   0.20112517146046E+02  -0.33306690738755E-15
 0.50000000000000000E+00   0.20870855196793E+02   0.21649348980191E-14
 0.50000000000000000E+00   0.21641666713578E+02   0.27200464103316E-14
 0.50000000000000000E+00   0.22424492284561E+02   0.29420910152567E-14
 0.50000000000000000E+00   0.23218870163075E+02   0.28310687127941E-14
 0.50000000000000000E+00   0.24024338573573E+02   0.28310687127941E-14
 0.50000000000000000E+00   0.24840437840854E+02   0.27200464103316E-14
 0.50000000000000000E+00   0.25666712333901E+02   0.25535129566379E-14
 0.50000000000000000E+00   0.26502712219579E+02   0.24424906541753E-14
 0.50000000000000000E+00   0.27347995024993E+02   0.23314683517128E-14
 0.50000000000000000E+00   0.28202127010389E+02   0.22482016248659E-14
 0.50000000000000000E+00   0.29064684357170E+02   0.22204460492503E-14
 0.50000000000000000E+00   0.29935254177814E+02   0.21649348980191E-14
 0.50000000000000000E+00   0.30813435356248E+02   0.21094237467878E-14
 0.50000000000000000E+00   0.31698839228624E+02   0.20261570199409E-14
 0.50000000000000000E+00   0.32591090115412E+02   0.19984014443253E-14
 0.50000000000000000E+00   0.33489825716383E+02   0.19151347174784E-14
 0.50000000000000000E+00   0.34394697380382E+02   0.18873791418628E-14
 0.50000000000000000E+00   0.35305370261891E+02   0.18318679906315E-14
 0.50000000000000000E+00   0.36221523376224E+02   0.17763568394003E-14
 0.50000000000000000E+00   0.37142849564891E+02   0.17486012637846E-14
 0.50000000000000000E+00   0.38069055382202E+02   0.17208456881690E-14
 0.50000000000000000E+00   0.38999860913611E+02   0.16653345369377E-14
 0.50000000000000000E+00   0.39934999535663E+02   0.16653345369377E-14
 0.50000000000000000E+00   0.40874217626704E+02   0.15820678100908E-14
