 0.37599929283775990E+00   0.97578195523695E-18  -0.12386154029488E+05
 0.37602636335023060E+00   0.29483069282768E-04  -0.12382558519481E+05
 0.37611541408737287E+00   0.61082173640461E-04  -0.12370734437311E+05
 0.37627955657675927E+00   0.94949178290611E-04  -0.12348954400624E+05
 0.37653384290429404E+00   0.13124684686428E-03  -0.12315250690070E+05
 0.37689541666895848E+00   0.17014962340302E-03  -0.12267405158359E+05
 0.37738362670676007E+00   0.21184447044981E-03  -0.12202947853634E+05
 0.37802007818418509E+00   0.25653176725507E-03  -0.12119168554162E+05
 0.37882858726929269E+00   0.30442627240692E-03  -0.12013146396233E+05
 0.37983499678620858E+00   0.35575815550320E-03  -0.11881803568902E+05
 0.38106679951580680E+00   0.41077410281323E-03  -0.11721989716714E+05
 0.38255250645789557E+00   0.46973850223137E-03  -0.11530603641911E+05
 0.38432069087118526E+00   0.53293471320370E-03  -0.11304757806421E+05
 0.38639863974673361E+00   0.60066642771546E-03  -0.11041988369759E+05
 0.38881055857066321E+00   0.67325912886222E-03  -0.10740508447219E+05
 0.39157531113805477E+00   0.75106165399386E-03  -0.10399494402984E+05
 0.39470374337233582E+00   0.83444786992019E-03  -0.10019384178138E+05
 0.39819574675708269E+00   0.92381846820159E-03  -0.96021535892223E+04
 0.40203736417114877E+00   0.10196028891215E-02  -0.91515232533884E+04
 0.40619841349563246E+00   0.11222613835509E-02  -0.86730390869597E+04
 0.41063126011587547E+00   0.12322872225722E-02  -0.81739686771819E+04
 0.41527143264826399E+00   0.13502090654347E-02  -0.76629704281831E+04
 0.42004064753759995E+00   0.14765934971652E-02  -0.71495266888432E+04
 0.42485240448600481E+00   0.16120477479678E-02  -0.66431850659014E+04
 0.42961964075642139E+00   0.17572226074079E-02  -0.61527135221244E+04
 0.43426315414387828E+00   0.19128155473023E-02  -0.56853240358152E+04
 0.43871895475003259E+00   0.20795740682274E-02  -0.52461307275441E+04
 0.44294275381080395E+00   0.22582992856177E-02  -0.48379630630082E+04
 0.44691059875715861E+00   0.24498497725618E-02  -0.44615577162054E+04
 0.45061595158128998E+00   0.26551456776172E-02  -0.41160389032447E+04
 0.45406465715934108E+00   0.28751731372654E-02  -0.37995188677526E+04
 0.45726965925950791E+00   0.31109890040199E-02  -0.35096459912832E+04
 0.46024685956095179E+00   0.33637259126873E-02  -0.32439933236482E+04
 0.46301260092347091E+00   0.36345977088734E-02  -0.30002699015761E+04
 0.46558249915672528E+00   0.39249052655295E-02  -0.27763999449941E+04
 0.46797106889175466E+00   0.42360427151559E-02  -0.25705306296716E+04
 0.47019169188629101E+00   0.45695041272231E-02  -0.23810127347640E+04
 0.47225668960669182E+00   0.49268906624595E-02  -0.22063758989364E+04
 0.47417741282481185E+00   0.53099182378730E-02  -0.20453057160016E+04
 0.47596432629670982E+00   0.57204257387563E-02  -0.18966239866450E+04
 0.47762708541316468E+00   0.61603838164655E-02  -0.17592718770199E+04
 0.47917460529055966E+00   0.66319043134761E-02  -0.16322955260156E+04
 0.48061512312870558E+00   0.71372503601200E-02  -0.15148336963425E+04
 0.48195625459055080E+00   0.76788471905016E-02  -0.14061071370510E+04
 0.48320504486376076E+00   0.82592937283951E-02  -0.13054093854306E+04
 0.48436801498091797E+00   0.88813749974526E-02  -0.12120987846493E+04
 0.48545120390355406E+00   0.95480754138094E-02  -0.11255915324305E+04
 0.48646020681362928E+00   0.10262593023187E-01  -0.10453556075402E+04
 0.48740021000293110E+00   0.11028354748868E-01  -0.97090544642148E+03
 0.48827602270489051E+00   0.11849032721462E-01  -0.90179726317946E+03
 0.48909210617347815E+00   0.12728561766261E-01  -0.83762492321938E+03
 0.48985260027924538E+00   0.13671158129094E-01  -0.77801629491533E+03
 0.49056134786247130E+00   0.14681339527142E-01  -0.72263001531911E+03
 0.49122191705714568E+00   0.15763946616981E-01  -0.67115261556619E+03
 0.49183762177661539E+00   0.16924165978315E-01  -0.62329595966724E+03
 0.49241154053170066E+00   0.18167554718499E-01  -0.57879495708221E+03
 0.49294653373456571E+00   0.19500066809896E-01  -0.53740551509558E+03
 0.49344525962625663E+00   0.20928081279553E-01  -0.49890270173670E+03
 0.49391018895233796E+00   0.22458432378533E-01  -0.46307909397286E+03
 0.49434361849918684E+00   0.24098441866553E-01  -0.42974328927126E+03
 0.49474768359304877E+00   0.25855953556357E-01  -0.39871856148257E+03
 0.49512436965470036E+00   0.27739370271550E-01  -0.36984164442948E+03
 0.49547552289433716E+00   0.29757693381404E-01  -0.34296162865870E+03
 0.49580286022393572E+00   0.31920565086455E-01  -0.31793895859502E+03
 0.49610797845766946E+00   0.34238313639551E-01  -0.29464451887083E+03
 0.49639236286484140E+00   0.36722001698414E-01  -0.27295879993769E+03
 0.49665739513408180E+00   0.39383478017693E-01  -0.25277113423494E+03
 0.49690436080210387E+00   0.42235432700963E-01  -0.23397899522670E+03
 0.49713445619497842E+00   0.45291456246181E-01  -0.21648735255117E+03
 0.49734879492454798E+00   0.48566102631601E-01  -0.20020807737930E+03
 0.49754841397713562E+00   0.52074956703276E-01  -0.18505939287529E+03
 0.49773427942601517E+00   0.55834706139791E-01  -0.17096536540690E+03
 0.49790729179313054E+00   0.59863218284852E-01  -0.15785543288174E+03
 0.49806829107925937E+00   0.64179622153785E-01  -0.14566396729786E+03
 0.49821806147523218E+00   0.68804395935657E-01  -0.13432986929487E+03
 0.49835733576005370E+00   0.73759460328728E-01  -0.12379619317483E+03
 0.49848679938499618E+00   0.79068278063012E-01  -0.11400980152003E+03
 0.49860709423624122E+00   0.84755959979821E-01  -0.10492104915063E+03
 0.49871882206281676E+00   0.90849378054143E-01  -0.96483496712308E+02
 0.49882254755194189E+00   0.97377285761297E-01  -0.88653654626832E+02
 0.49891880103109704E+00   0.10437044620442E+00  -0.81390758428606E+02
 0.49900808077607189E+00   0.11186176843355E+00  -0.74656576585768E+02
 0.49909085490803234E+00   0.11988645240026E+00  -0.68415251679764E+02
 0.49916756287194625E+00   0.12848214300340E+00  -0.62633175171248E+02
 0.49923861650596918E+00   0.13768909369134E+00  -0.57278894729130E+02
 0.49930440074036297E+00   0.14755034009334E+00  -0.52323050962454E+02
 0.49936527401066327E+00   0.15811188415740E+00  -0.47738336962989E+02
 0.49942156853973974E+00   0.16942288927237E+00  -0.43499468843329E+02
 0.49947359074120745E+00   0.18153588684917E+00  -0.39583148135015E+02
 0.49952162211274853E+00   0.19450699482699E+00  -0.35967988217629E+02
 0.49956592107606917E+00   0.20839614855590E+00  -0.32634370360408E+02
 0.49960672616983814E+00   0.22326734448556E+00  -0.29564198788361E+02
 0.49964426064812184E+00   0.23918889705942E+00  -0.26740550821368E+02
 0.49967873779344985E+00   0.25623370917446E+00  -0.24147274029047E+02
 0.49971036538339353E+00   0.27447955651526E+00  -0.21768647717858E+02
 0.49973934747338100E+00   0.29400938600797E+00  -0.19589246726684E+02
 0.49976588261300692E+00   0.31491162856155E+00  -0.17594073658875E+02
 0.49979015942237970E+00   0.33728052616913E+00  -0.15768889674545E+02
 0.49981235176502126E+00   0.36121647332923E+00  -0.14100575611826E+02
 0.49983261561433723E+00   0.38682637261280E+00  -0.12577365837359E+02
 0.49985108851557342E+00   0.41422400404472E+00  -0.11188887139159E+02
 0.49986789134581866E+00   0.44353040778554E+00  -0.99260251154915E+01
 0.49988313148444419E+00   0.47487427938818E+00  -0.87806848170886E+01
 0.49989690648093865E+00   0.50839237666158E+00  -0.77455142555067E+01
 0.49990930754557089E+00   0.54422993689737E+00  -0.68136414330844E+01
 0.49992042246045421E+00   0.58254110290335E+00  -0.59784550849307E+01
 0.49993033772142487E+00   0.62348935593563E+00  -0.52334433296611E+01
 0.49993913986472716E+00   0.66724795322943E+00  -0.45720936450630E+01
 0.49994691602412578E+00   0.71400036739287E+00  -0.39878507107595E+01
 0.49995375382152191E+00   0.76394072444865E+00  -0.34741243536080E+01
 0.49995974072874416E+00   0.81727423678444E+00  -0.30243372415811E+01
 0.49996496305574706E+00   0.87421762670440E+00  -0.26320006593876E+01
 0.49996950472387597E+00   0.93499953566278E+00  -0.22908064462018E+01
 0.49997344597407856E+00   0.99986091361083E+00  -0.19947238377883E+01
 0.49997686214098791E+00   0.10690553822024E+01  -0.17380913803038E+01
 0.49997982259716645E+00   0.11428495648913E+01  -0.15156960832202E+01
 0.49998238994051381E+00   0.12215233762238E+01  -0.13228343283398E+01
 0.49998461946534989E+00   0.13053702618907E+01  -0.11553514914548E+01
 0.49998655892801036E+00   0.13946973803820E+01  -0.10096594611787E+01
 0.49998824859604257E+00   0.14898257163832E+01  -0.88273287256958E+00
 0.49998972156337634E+00   0.15910901154124E+01  -0.77208537694337E+00
 0.49999100433152405E+00   0.16988392286241E+01  -0.67572594152788E+00
 0.49999211770534258E+00   0.18134353562483E+01  -0.59209153061596E+00
 0.49999307811302590E+00   0.19352541778144E+01  -0.51994792862812E+00
 0.49999389944607225E+00   0.20646843571704E+01  -0.45825151132899E+00
 0.49999459525913614E+00   0.22021270103889E+01  -0.40598398958470E+00
 0.49999518063411641E+00   0.23479950249930E+01  -0.36201237897965E+00
 0.49999567268984102E+00   0.25027122195788E+01  -0.32505071028554E+00
 0.49999608935359047E+00   0.26667123339008E+01  -0.29375230501703E+00
 0.49999644727212933E+00   0.28404378408543E+01  -0.26686668768482E+00
 0.49999676020822986E+00   0.30243385735729E+01  -0.24336002890524E+00
 0.49999703854688915E+00   0.32188701630746E+01  -0.22245223289491E+00
 0.49999728966927603E+00   0.34244922845610E+01  -0.20358884506263E+00
 0.49999751867786268E+00   0.36416667135785E+01  -0.18638658088661E+00
 0.49999772910852092E+00   0.38708551967931E+01  -0.17057983474579E+00
 0.49999792348187544E+00   0.41125171460457E+01  -0.15597926365011E+00
 0.49999810367756592E+00   0.43671071685993E+01  -0.14244367371205E+00
 0.49999827116601042E+00   0.46350724509653E+01  -0.12986261074845E+00
 0.49999842714116338E+00   0.49168500183013E+01  -0.11814638781890E+00
 0.49999857259122138E+00   0.52128638959647E+01  -0.10722077405130E+00
 0.49999870833445709E+00   0.55235222042457E+01  -0.97024302805187E-01
 0.49999883503859466E+00   0.58492142214126E+01  -0.87506816255548E-01
 0.49999895323526483E+00   0.61903074538070E+01  -0.78628379521392E-01
 0.49999906333596578E+00   0.65471447546554E+01  -0.70358081712594E-01
 0.49999916565224456E+00   0.69200415353393E+01  -0.62672519940902E-01
 0.49999926042021725E+00   0.73092831139412E+01  -0.55553957474589E-01
 0.49999934782785715E+00   0.77151222458371E+01  -0.48988273940846E-01
 0.49999942804256903E+00   0.81377768798438E+01  -0.42962894036008E-01
 0.49999950123632264E+00   0.85774281809213E+01  -0.37464899632785E-01
 0.49999956760593073E+00   0.90342188566791E+01  -0.32479506570780E-01
 0.49999962738680226E+00   0.95082518200100E+01  -0.27989031554240E-01
 0.49999968085951052E+00   0.99995892142010E+01  -0.23972398827030E-01
 0.49999972834958717E+00   0.10508251820010E+02  -0.20405155586235E-01
 0.49999977022188291E+00   0.11034218856679E+02  -0.17259895621965E-01
 0.49999980687141210E+00   0.11577428180921E+02  -0.14506947028926E-01
 0.49999983871271814E+00   0.12137776879844E+02  -0.12115170978581E-01
 0.49999986616946085E+00   0.12715122245837E+02  -0.10052743914071E-01
 0.49999988966527986E+00   0.13309283113941E+02  -0.82878438298556E-02
 0.49999990961629009E+00   0.13920041535339E+02  -0.67892139686317E-02
 0.49999992642504509E+00   0.14547144754655E+02  -0.55266162560588E-02
 0.49999994047559432E+00   0.15190307453807E+02  -0.44712025816276E-02
 0.49999995212932818E+00   0.15849214221413E+02  -0.35958269007716E-02
 0.49999996172151012E+00   0.16523522204246E+02  -0.28753057038423E-02
 0.49999996955858261E+00   0.17212863895965E+02  -0.22866204041536E-02
 0.49999997591640694E+00   0.17916850018301E+02  -0.18090495495942E-02
 0.49999998103955490E+00   0.18635072450965E+02  -0.14242219852763E-02
 0.49999998514166022E+00   0.19367107168599E+02  -0.11160905173000E-02
 0.49999998840671223E+00   0.20112517146046E+02  -0.87083469452709E-03
 0.49999999099109227E+00   0.20870855196793E+02  -0.67670787014584E-03
 0.49999999302611065E+00   0.21641666713578E+02  -0.52384658255489E-03
 0.49999999462081218E+00   0.22424492284561E+02  -0.40405989733272E-03
 0.49999999586484584E+00   0.23218870163075E+02  -0.31061378707259E-03
 0.49999999683124824E+00   0.24024338573573E+02  -0.23802206471990E-03
 0.49999999757903529E+00   0.24840437840854E+02  -0.18185172423185E-03
 0.49999999815554041E+00   0.25666712333901E+02  -0.13854731681445E-03
 0.49999999859847050E+00   0.26502712219579E+02  -0.10527643623726E-03
 0.49999999893768066E+00   0.27347995024993E+02  -0.79796533388077E-04
 0.49999999919667532E+00   0.28202127010389E+02  -0.60342051097173E-04
 0.49999999939386408E+00   0.29064684357170E+02  -0.45530135668381E-04
 0.49999999954359775E+00   0.29935254177814E+02  -0.34282830227383E-04
 0.49999999965701403E+00   0.30813435356248E+02  -0.25763523006928E-04
 0.49999999969931963E+00   0.31698839228624E+02  -0.22585751915216E-04
 0.50000000000000000E+00   0.32591090115412E+02  -0.27755575615629E-15
 0.50000000000000000E+00   0.33489825716383E+02   0.38857805861880E-14
 0.50000000000000000E+00   0.34394697380382E+02   0.54956039718945E-14
 0.50000000000000000E+00   0.35305370261891E+02   0.60507154842071E-14
 0.50000000000000000E+00   0.36221523376224E+02   0.62727600891321E-14
 0.50000000000000000E+00   0.37142849564891E+02   0.62727600891321E-14
 0.50000000000000000E+00   0.38069055382202E+02   0.61617377866696E-14
 0.50000000000000000E+00   0.38999860913611E+02   0.59952043329758E-14
 0.50000000000000000E+00   0.39934999535663E+02   0.59396931817446E-14
 0.50000000000000000E+00   0.40874217626704E+02   0.56621374255883E-14
