 0.22453366244982972E+00   0.97578195523695E-18  -0.46077236031323E+05
 0.22456964761777365E+00   0.29483069282768E-04  -0.46063834316656E+05
 0.22468807189138273E+00   0.61082173640461E-04  -0.46019760667953E+05
 0.22490653591885040E+00   0.94949178290611E-04  -0.45938577275958E+05
 0.22524543863021429E+00   0.13124684686428E-03  -0.45812949314364E+05
 0.22572830054963555E+00   0.17014962340302E-03  -0.45634608686752E+05
 0.22638209272658258E+00   0.21184447044981E-03  -0.45394348954602E+05
 0.22723755024990772E+00   0.25653176725507E-03  -0.45082067903724E+05
 0.22832943863494773E+00   0.30442627240692E-03  -0.44686878228444E+05
 0.22969673530168844E+00   0.35575815550320E-03  -0.44197307577461E+05
 0.23138266633721730E+00   0.41077410281323E-03  -0.43601613184124E+05
 0.23343451854171929E+00   0.46973850223137E-03  -0.42888235485954E+05
 0.23590311904853775E+00   0.53293471320370E-03  -0.42046411288408E+05
 0.23884184490918481E+00   0.60066642771546E-03  -0.41066956654261E+05
 0.24230499650266799E+00   0.67325912886222E-03  -0.39943210893603E+05
 0.24634535193600965E+00   0.75106165399386E-03  -0.38672103687957E+05
 0.25101073259040374E+00   0.83444786992019E-03  -0.37255267074685E+05
 0.25633948053010835E+00   0.92381846820159E-03  -0.35700065321591E+05
 0.26235491277388423E+00   0.10196028891215E-02  -0.34020366224280E+05
 0.26905910975920716E+00   0.11222613835509E-02  -0.32236841169170E+05
 0.27642682296279381E+00   0.12322872225722E-02  -0.30376578893688E+05
 0.28440078698336885E+00   0.13502090654347E-02  -0.28471852299223E+05
 0.29289011507891649E+00   0.14765934971652E-02  -0.26558005545156E+05
 0.30177344068657785E+00   0.16120477479678E-02  -0.24670626184624E+05
 0.31090771503300541E+00   0.17572226074079E-02  -0.22842395947225E+05
 0.32014198380236186E+00   0.19128155473023E-02  -0.21100197069863E+05
 0.32933346603798019E+00   0.20795740682274E-02  -0.19463092559890E+05
 0.33836183234010381E+00   0.22582992856177E-02  -0.17941629938103E+05
 0.34713778663894512E+00   0.24498497725618E-02  -0.16538556367673E+05
 0.35560416142543538E+00   0.26551456776172E-02  -0.15250609004926E+05
 0.36373071488900138E+00   0.28751731372654E-02  -0.14070753196056E+05
 0.37150592786785941E+00   0.31109890040199E-02  -0.12990225460865E+05
 0.37892922118246519E+00   0.33637259126873E-02  -0.11999981677213E+05
 0.38600551276486594E+00   0.36345977088734E-02  -0.11091484746625E+05
 0.39274226073967333E+00   0.39249052655295E-02  -0.10256999800839E+05
 0.39914817307076977E+00   0.42360427151559E-02  -0.94896231902266E+04
 0.40523271475193923E+00   0.45695041272231E-02  -0.87832103668883E+04
 0.41100589727218023E+00   0.49268906624595E-02  -0.81322836695636E+04
 0.41647814590787302E+00   0.53099182378730E-02  -0.75319469614669E+04
 0.42166018873131772E+00   0.57204257387563E-02  -0.69778120275720E+04
 0.42656295678724604E+00   0.61603838164655E-02  -0.64659358015609E+04
 0.43119749409441277E+00   0.66319043134761E-02  -0.59927667136071E+04
 0.43557487724036947E+00   0.71372503601200E-02  -0.55550986488942E+04
 0.43970614431089544E+00   0.76788471905016E-02  -0.51500312768070E+04
 0.44360223279100203E+00   0.82592937283951E-02  -0.47749357356002E+04
 0.44727392599000593E+00   0.88813749974526E-02  -0.44274248378299E+04
 0.45073180748152863E+00   0.95480754138094E-02  -0.41053271070941E+04
 0.45398622300719105E+00   0.10262593023187E-01  -0.38066640741732E+04
 0.45704724926685464E+00   0.11028354748868E-01  -0.35296303563168E+04
 0.45992466900522105E+00   0.11849032721462E-01  -0.32725761217015E+04
 0.46262795180137667E+00   0.12728561766261E-01  -0.30339916055159E+04
 0.46516623997168577E+00   0.13671158129094E-01  -0.28124933974770E+04
 0.46754833900494808E+00   0.14681339527142E-01  -0.26068122650278E+04
 0.46978271196001425E+00   0.15763946616981E-01  -0.24157823137150E+04
 0.47187747726878754E+00   0.16924165978315E-01  -0.22383313176438E+04
 0.47384040940107475E+00   0.18167554718499E-01  -0.20734720794866E+04
 0.47567894186226878E+00   0.19500066809896E-01  -0.19202947020612E+04
 0.47740017201155494E+00   0.20928081279553E-01  -0.17779596725390E+04
 0.47901086720976499E+00   0.22458432378533E-01  -0.16456916762241E+04
 0.48051747183633670E+00   0.24098441866553E-01  -0.15227740696729E+04
 0.48192611476050273E+00   0.25855953556357E-01  -0.14085439525600E+04
 0.48324261692202602E+00   0.27739370271550E-01  -0.13023877837532E+04
 0.48447249878395726E+00   0.29757693381404E-01  -0.12037374888370E+04
 0.48562098757910566E+00   0.31920565086455E-01  -0.11120670029157E+04
 0.48669302449723839E+00   0.34238313639551E-01  -0.10268891830728E+04
 0.48769327225390746E+00   0.36722001698414E-01  -0.94775300941680E+03
 0.48862612381175685E+00   0.39383478017693E-01  -0.87424097492555E+03
 0.48949571328574853E+00   0.42235432700963E-01  -0.80596655059833E+03
 0.49030593004018286E+00   0.45291456246181E-01  -0.74257162026762E+03
 0.49106043637951469E+00   0.48566102631601E-01  -0.68372383136312E+03
 0.49176268785577143E+00   0.52074956703276E-01  -0.62911391775657E+03
 0.49241595336062716E+00   0.55834706139791E-01  -0.57845319452607E+03
 0.49302333090148787E+00   0.59863218284852E-01  -0.53147152015295E+03
 0.49358775565150054E+00   0.64179622153785E-01  -0.48791596555499E+03
 0.49411199988387577E+00   0.68804395935657E-01  -0.44755019659003E+03
 0.49459866820132525E+00   0.73759460328728E-01  -0.41015428896655E+03
 0.49505019358256208E+00   0.79068278063012E-01  -0.37552454037715E+03
 0.49546883898497962E+00   0.84755959979821E-01  -0.34347291239580E+03
 0.49585670648602009E+00   0.90849378054143E-01  -0.31382595000219E+03
 0.49621575304477289E+00   0.97377285761297E-01  -0.28642324864806E+03
 0.49654781011881355E+00   0.10437044620442E+00  -0.26111567751061E+03
 0.49685460374783258E+00   0.11186176843355E+00  -0.23776361226687E+03
 0.49713777193984710E+00   0.11988645240026E+00  -0.21623541144880E+03
 0.49739887687576828E+00   0.12848214300340E+00  -0.19640631762201E+03
 0.49763941038631798E+00   0.13768909369134E+00  -0.17815789331505E+03
 0.49786079233734398E+00   0.14755034009334E+00  -0.16137801273967E+03
 0.49806436307911267E+00   0.15811188415740E+00  -0.14596131661173E+03
 0.49825137306768708E+00   0.16942288927237E+00  -0.13180989146216E+03
 0.49842297498178684E+00   0.18153588684917E+00  -0.11883376951312E+03
 0.49858022506748989E+00   0.19450699482699E+00  -0.10695074108039E+03
 0.49872409841220328E+00   0.20839614855590E+00  -0.96085126780828E+02
 0.49885551464153854E+00   0.22326734448556E+00  -0.86165776689139E+02
 0.49897535933411025E+00   0.23918889705942E+00  -0.77124405978014E+02
 0.49908448494554114E+00   0.25623370917446E+00  -0.68895485429298E+02
 0.49918369104973548E+00   0.27447955651526E+00  -0.61417695060615E+02
 0.49927370219210326E+00   0.29400938600797E+00  -0.54635558315802E+02
 0.49935516200925001E+00   0.31491162856155E+00  -0.48499852288434E+02
 0.49942864764984529E+00   0.33728052616913E+00  -0.42966493409203E+02
 0.49949469611439151E+00   0.36121647332923E+00  -0.37994532076428E+02
 0.49955383122664060E+00   0.38682637261280E+00  -0.33544105931651E+02
 0.49960658300964667E+00   0.41422400404472E+00  -0.29574969338047E+02
 0.49965349557041894E+00   0.44353040778554E+00  -0.26045890132780E+02
 0.49969512315734999E+00   0.47487427938818E+00  -0.22914937169021E+02
 0.49973201652662758E+00   0.50839237666158E+00  -0.20140496887025E+02
 0.49976470333172418E+00   0.54422993689737E+00  -0.17682739179683E+02
 0.49979366723472990E+00   0.58254110290335E+00  -0.15505179315815E+02
 0.49981933120226368E+00   0.62348935593563E+00  -0.13575925592924E+02
 0.49984205114272157E+00   0.66724795322943E+00  -0.11868150412235E+02
 0.49986212535456848E+00   0.71400036739287E+00  -0.10359374196109E+02
 0.49987981909654366E+00   0.76394072444865E+00  -0.90296143885303E+01
 0.49989539023037305E+00   0.81727423678444E+00  -0.78594554639876E+01
 0.49990909517925330E+00   0.87421762670440E+00  -0.68295992409799E+01
 0.49992117220879739E+00   0.93499953566278E+00  -0.59221195628458E+01
 0.49993182233501343E+00   0.99986091361083E+00  -0.51218951608192E+01
 0.49994120489315369E+00   0.10690553822024E+01  -0.44169409684629E+01
 0.49994944644492034E+00   0.11428495648913E+01  -0.37977375942154E+01
 0.49995665360404362E+00   0.12215233762238E+01  -0.32562668279582E+01
 0.49996292321523988E+00   0.13053702618907E+01  -0.27852463312773E+01
 0.49996834796021217E+00   0.13946973803820E+01  -0.23777080923379E+01
 0.49997301806332461E+00   0.14898257163832E+01  -0.20268700012992E+01
 0.49997702058651006E+00   0.15910901154124E+01  -0.17261885811833E+01
 0.49998043774277612E+00   0.16988392286241E+01  -0.14694854707198E+01
 0.49998334527438609E+00   0.18134353562483E+01  -0.12510690716503E+01
 0.49998581148974536E+00   0.19352541778144E+01  -0.10658067388684E+01
 0.49998789713968966E+00   0.20646843571704E+01  -0.90913394266868E+00
 0.49998965598661071E+00   0.22021270103889E+01  -0.77701141315486E+00
 0.49999113571339127E+00   0.23479950249930E+01  -0.66585678308083E+00
 0.49999237877377850E+00   0.25027122195788E+01  -0.57248064982841E+00
 0.49999342291854892E+00   0.26667123339008E+01  -0.49404700636943E+00
 0.49999430137640344E+00   0.28404378408543E+01  -0.42805961921048E+00
 0.49999504287475549E+00   0.30243385735729E+01  -0.37236044132197E+00
 0.49999567173009757E+00   0.32188701630746E+01  -0.32512280489102E+00
 0.49999620813280954E+00   0.34244922845610E+01  -0.28483001329062E+00
 0.49999666861194464E+00   0.36416667135785E+01  -0.25024041777538E+00
 0.49999706658700060E+00   0.38708551967931E+01  -0.22034596321520E+00
 0.49999741291067745E+00   0.41125171460457E+01  -0.19433141315335E+00
 0.49999771634350437E+00   0.43671071685993E+01  -0.17153869426533E+00
 0.49999798394135697E+00   0.46350724509653E+01  -0.15143778517261E+00
 0.49999822136313488E+00   0.49168500183013E+01  -0.13360360334585E+00
 0.49999843311680214E+00   0.52128638959647E+01  -0.11769752241725E+00
 0.49999862276260049E+00   0.55235222042457E+01  -0.10345210681431E+00
 0.49999879308789807E+00   0.58492142214126E+01  -0.90657977282402E-01
 0.49999894626252794E+00   0.61903074538070E+01  -0.79152142192936E-01
 0.49999908397854331E+00   0.65471447546554E+01  -0.68807499327875E-01
 0.49999920757483807E+00   0.69200415353393E+01  -0.59523474848006E-01
 0.49999931814511034E+00   0.73092831139412E+01  -0.51217913293039E-01
 0.49999941662704073E+00   0.77151222458371E+01  -0.43820378907869E-01
 0.49999950387099312E+00   0.81377768798438E+01  -0.37266995022104E-01
 0.49999958068777084E+00   0.85774281809213E+01  -0.31496856772566E-01
 0.49999964787662471E+00   0.90342188566791E+01  -0.26449927252469E-01
 0.49999970623645551E+00   0.95082518200100E+01  -0.22066196024942E-01
 0.49999975656456391E+00   0.99995892142010E+01  -0.18285772943658E-01
 0.49999979964798835E+00   0.10508251820010E+02  -0.15049538839226E-01
 0.49999983625217986E+00   0.11034218856679E+02  -0.12299996185872E-01
 0.49999986711055544E+00   0.11577428180921E+02  -0.99820537827311E-02
 0.49999989291673524E+00   0.12137776879844E+02  -0.80436098430900E-02
 0.49999991431963003E+00   0.12715122245837E+02  -0.64359209995284E-02
 0.49999993192054737E+00   0.13309283113941E+02  -0.51138196587446E-02
 0.49999994627131211E+00   0.13920041535339E+02  -0.40358551735578E-02
 0.49999995787281193E+00   0.14547144754655E+02  -0.31644030836757E-02
 0.49999996717394313E+00   0.15190307453807E+02  -0.24657442942475E-02
 0.49999997457129042E+00   0.15849214221413E+02  -0.19100891453414E-02
 0.49999998040991211E+00   0.16523522204246E+02  -0.14715184012624E-02
 0.49999998498541420E+00   0.17212863895965E+02  -0.11278274776561E-02
 0.49999998854723637E+00   0.17916850018301E+02  -0.86027958869872E-03
 0.49999999130287415E+00   0.18635072450965E+02  -0.65328860894542E-03
 0.49999999342266466E+00   0.19367107168599E+02  -0.49405958982041E-03
 0.49999999504476561E+00   0.20112517146046E+02  -0.37221474138471E-03
 0.49999999628002134E+00   0.20870855196793E+02  -0.27942794477376E-03
 0.49999999721649591E+00   0.21641666713578E+02  -0.20908423900257E-03
 0.49999999792354161E+00   0.22424492284561E+02  -0.15597417679469E-03
 0.49999999845534526E+00   0.23218870163075E+02  -0.11602750210327E-03
 0.49999999885394358E+00   0.24024338573573E+02  -0.86086605604274E-04
 0.49999999915173854E+00   0.24840437840854E+02  -0.63717595071955E-04
 0.49999999937356071E+00   0.25666712333901E+02  -0.47055316485745E-04
 0.49999999953833796E+00   0.26502712219579E+02  -0.34677996135768E-04
 0.49999999966042946E+00   0.27347995024993E+02  -0.25507034593142E-04
 0.49999999969931963E+00   0.28202127010389E+02  -0.22585751309201E-04
 0.50000000000000000E+00   0.29064684357170E+02   0.58575366779223E-12
 0.50000000000000000E+00   0.29935254177814E+02   0.57176485768196E-12
 0.50000000000000000E+00   0.30813435356248E+02   0.55666582454705E-12
 0.50000000000000000E+00   0.31698839228624E+02   0.54134474680723E-12
 0.50000000000000000E+00   0.32591090115412E+02   0.52691184748710E-12
 0.50000000000000000E+00   0.33489825716383E+02   0.51270099277190E-12
 0.50000000000000000E+00   0.34394697380382E+02   0.49937831647640E-12
 0.50000000000000000E+00   0.35305370261891E+02   0.48649972939074E-12
 0.50000000000000000E+00   0.36221523376224E+02   0.47406523151494E-12
 0.50000000000000000E+00   0.37142849564891E+02   0.46229686745392E-12
 0.50000000000000000E+00   0.38069055382202E+02   0.45119463720766E-12
 0.50000000000000000E+00   0.38999860913611E+02   0.44031445156634E-12
 0.50000000000000000E+00   0.39934999535663E+02   0.43010039973979E-12
 0.50000000000000000E+00   0.40874217626704E+02   0.42010839251816E-12
