 0.17896416738937160E+00   0.97578195523695E-18  -0.67373137028462E+05
 0.17899762378710754E+00   0.29483069282768E-04  -0.67353524428106E+05
 0.17910774220241721E+00   0.61082173640461E-04  -0.67289023245366E+05
 0.17931093303203155E+00   0.94949178290611E-04  -0.67170213429128E+05
 0.17962627278065607E+00   0.13124684686428E-03  -0.66986360125276E+05
 0.18007583696356869E+00   0.17014962340302E-03  -0.66725362982336E+05
 0.18068505769583512E+00   0.21184447044981E-03  -0.66373748832491E+05
 0.18148308924176615E+00   0.25653176725507E-03  -0.65916733250710E+05
 0.18250315492631231E+00   0.30442627240692E-03  -0.65338382973076E+05
 0.18378285069064648E+00   0.35575815550320E-03  -0.64621908498690E+05
 0.18536435618768854E+00   0.41077410281323E-03  -0.63750124596826E+05
 0.18729448686962713E+00   0.46973850223137E-03  -0.62706114151871E+05
 0.18962449144328702E+00   0.53293471320370E-03  -0.61474125519111E+05
 0.19240946522223368E+00   0.60066642771546E-03  -0.60040718261624E+05
 0.19570721141188388E+00   0.67325912886222E-03  -0.58396144655968E+05
 0.19957634702688626E+00   0.75106165399386E-03  -0.56535911400128E+05
 0.20407343264308730E+00   0.83444786992019E-03  -0.54462406973843E+05
 0.20924893216662199E+00   0.92381846820159E-03  -0.52186408834806E+05
 0.21514192023110756E+00   0.10196028891215E-02  -0.49728212198011E+05
 0.22177369907700301E+00   0.11222613835509E-02  -0.47118069184058E+05
 0.22914089999803969E+00   0.12322872225722E-02  -0.44395623594495E+05
 0.23720920651813338E+00   0.13502090654347E-02  -0.41608106220354E+05
 0.24590940735035732E+00   0.14765934971652E-02  -0.38807242726348E+05
 0.25513776156944334E+00   0.16120477479678E-02  -0.36045115231361E+05
 0.26476222145442718E+00   0.17572226074079E-02  -0.33369553606272E+05
 0.27463462765353525E+00   0.19128155473023E-02  -0.30819900751049E+05
 0.28460679921864573E+00   0.20795740682274E-02  -0.28424056818170E+05
 0.29454645287698522E+00   0.22582992856177E-02  -0.26197460265231E+05
 0.30434842328201139E+00   0.24498497725618E-02  -0.24144134379414E+05
 0.31393840236733450E+00   0.26551456776172E-02  -0.22259307318218E+05
 0.32326958416124818E+00   0.28751731372654E-02  -0.20532687543127E+05
 0.33231527919417958E+00   0.31109890040199E-02  -0.18951453573050E+05
 0.34106120380515564E+00   0.33637259126873E-02  -0.17502373289653E+05
 0.34949981632134430E+00   0.36345977088734E-02  -0.16172956616794E+05
 0.35762715453067084E+00   0.39249052655295E-02  -0.14951887515206E+05
 0.36544144440904996E+00   0.42360427151559E-02  -0.13829066377647E+05
 0.37294257837009825E+00   0.45695041272231E-02  -0.12795504453635E+05
 0.38013189871942937E+00   0.49268906624595E-02  -0.11843188850919E+05
 0.38701205606969646E+00   0.53099182378730E-02  -0.10964957554276E+05
 0.39358687950815979E+00   0.57204257387563E-02  -0.10154391641966E+05
 0.39986124809826418E+00   0.61603838164655E-02  -0.94057233396025E+04
 0.40584096413693971E+00   0.66319043134761E-02  -0.87137574116851E+04
 0.41153262982296274E+00   0.71372503601200E-02  -0.80738036826070E+04
 0.41694352881546004E+00   0.76788471905016E-02  -0.74816188750628E+04
 0.42208151385925219E+00   0.82592937283951E-02  -0.69333562839761E+04
 0.42695490135574254E+00   0.88813749974526E-02  -0.64255220695090E+04
 0.43157237347731831E+00   0.95480754138094E-02  -0.59549371667605E+04
 0.43594288816410076E+00   0.10262593023187E-01  -0.55187039833493E+04
 0.44007559710733996E+00   0.11028354748868E-01  -0.51141771976307E+04
 0.44397977161613622E+00   0.11849032721462E-01  -0.47389380862663E+04
 0.44766473608568841E+00   0.12728561766261E-01  -0.43907719051903E+04
 0.45113980863867975E+00   0.13671158129094E-01  -0.40676479264197E+04
 0.45441424840076106E+00   0.14681339527142E-01  -0.37677017973701E+04
 0.45749720880269029E+00   0.15763946616981E-01  -0.34892199412230E+04
 0.46039769628511890E+00   0.16924165978315E-01  -0.32306257575504E+04
 0.46312453383121716E+00   0.18167554718499E-01  -0.29904674121857E+04
 0.46568632888564010E+00   0.19500066809896E-01  -0.27674070239819E+04
 0.46809144545583303E+00   0.20928081279553E-01  -0.25602110630385E+04
 0.47034798054520666E+00   0.22458432378533E-01  -0.23677417701655E+04
 0.47246374551674519E+00   0.24098441866553E-01  -0.21889493932965E+04
 0.47444625343238511E+00   0.25855953556357E-01  -0.20228650217601E+04
 0.47630271362559518E+00   0.27739370271550E-01  -0.18685938026264E+04
 0.47804003435765818E+00   0.29757693381404E-01  -0.17253083747246E+04
 0.47966483299013157E+00   0.31920565086455E-01  -0.15922424843136E+04
 0.48118345069798146E+00   0.34238313639551E-01  -0.14686849463537E+04
 0.48260196631832397E+00   0.36722001698414E-01  -0.13539743069389E+04
 0.48392620334637737E+00   0.39383478017693E-01  -0.12474945995361E+04
 0.48516172680337777E+00   0.42235432700963E-01  -0.11486723647880E+04
 0.48631383191417515E+00   0.45291456246181E-01  -0.10569746958891E+04
 0.48738753113841182E+00   0.48566102631601E-01  -0.97190772857864E+03
 0.48838754719422195E+00   0.52074956703276E-01  -0.89301493692488E+03
 0.48931831705787721E+00   0.55834706139791E-01  -0.81987482754660E+03
 0.49018400764116271E+00   0.59863218284852E-01  -0.75209796996821E+03
 0.49098854024020055E+00   0.64179622153785E-01  -0.68932358021453E+03
 0.49173561893123147E+00   0.68804395935657E-01  -0.63121601568061E+03
 0.49242875772031763E+00   0.73759460328728E-01  -0.57746155915610E+03
 0.49307130191805404E+00   0.79068278063012E-01  -0.52776581254147E+03
 0.49366644054692743E+00   0.84755959979821E-01  -0.48185191545992E+03
 0.49421720851829432E+00   0.90849378054143E-01  -0.43945965683529E+03
 0.49472647993021657E+00   0.97377285761297E-01  -0.40034535117226E+03
 0.49519695713891854E+00   0.10437044620442E+00  -0.36428210525326E+03
 0.49563116361335313E+00   0.11186176843355E+00  -0.33105985316410E+03
 0.49603144984991693E+00   0.11988645240026E+00  -0.30048445041110E+03
 0.49640001699903336E+00   0.12848214300340E+00  -0.27237547794693E+03
 0.49673895047180228E+00   0.13768909369134E+00  -0.24656335020485E+03
 0.49705024332719316E+00   0.14755034009334E+00  -0.22288725954333E+03
 0.49733579285233492E+00   0.15811188415740E+00  -0.20119520025905E+03
 0.49759737662494419E+00   0.16942288927237E+00  -0.18134557335828E+03
 0.49783663366950204E+00   0.18153588684917E+00  -0.16320841905876E+03
 0.49805507149285544E+00   0.19450699482699E+00  -0.14666470673467E+03
 0.49825409937328208E+00   0.20839614855590E+00  -0.13160366478994E+03
 0.49843507261097775E+00   0.22326734448556E+00  -0.11791931304294E+03
 0.49859932912338278E+00   0.23918889705942E+00  -0.10550760186897E+03
 0.49874820466482106E+00   0.25623370917446E+00  -0.94265185487805E+02
 0.49888302070466056E+00   0.27447955651526E+00  -0.84090269206534E+02
 0.49900504718333749E+00   0.29400938600797E+00  -0.74885354580870E+02
 0.49911545100531413E+00   0.31491162856155E+00  -0.66561058811323E+02
 0.49921525138488637E+00   0.33728052616913E+00  -0.59039416428110E+02
 0.49930531302733416E+00   0.36121647332923E+00  -0.52254333219735E+02
 0.49938640063122403E+00   0.38682637261280E+00  -0.46147431709556E+02
 0.49945926563896625E+00   0.41422400404472E+00  -0.40661485095449E+02
 0.49952467689952718E+00   0.44353040778554E+00  -0.35738088238097E+02
 0.49958335944899745E+00   0.47487427938818E+00  -0.31322247423584E+02
 0.49963592206022017E+00   0.50839237666158E+00  -0.27367810429719E+02
 0.49968284873975199E+00   0.54422993689737E+00  -0.23838083773932E+02
 0.49972454330850480E+00   0.58254110290335E+00  -0.20702461714895E+02
 0.49976138295816186E+00   0.62348935593563E+00  -0.17932387119759E+02
 0.49979375354453948E+00   0.66724795322943E+00  -0.15498690744973E+02
 0.49982206049976313E+00   0.71400036739287E+00  -0.13370766019803E+02
 0.49984672051233814E+00   0.76394072444865E+00  -0.11517190122301E+02
 0.49986814315674721E+00   0.81727423678444E+00  -0.99071002446975E+01
 0.49988671191061229E+00   0.87421762670440E+00  -0.85116156232795E+01
 0.49990277208708900E+00   0.93499953566278E+00  -0.73047399781160E+01
 0.49991662943602355E+00   0.99986091361083E+00  -0.62634627476775E+01
 0.49992855752714088E+00   0.10690553822024E+01  -0.53672011959931E+01
 0.49993880655780287E+00   0.11428495648913E+01  -0.45971362665025E+01
 0.49994760606755684E+00   0.12215233762238E+01  -0.39360068483169E+01
 0.49995516109800364E+00   0.13053702618907E+01  -0.33683968755110E+01
 0.49996164799440779E+00   0.13946973803820E+01  -0.28810495770397E+01
 0.49996721487620899E+00   0.14898257163832E+01  -0.24628311826876E+01
 0.49997198639782592E+00   0.15910901154124E+01  -0.21043725487933E+01
 0.49997606960604124E+00   0.16988392286241E+01  -0.17976286137834E+01
 0.49997955841677311E+00   0.18134353562483E+01  -0.15355417280603E+01
 0.49998253599193904E+00   0.19352541778144E+01  -0.13118628388194E+01
 0.49998507548037951E+00   0.20646843571704E+01  -0.11210956359904E+01
 0.49998723999381228E+00   0.22021270103889E+01  -0.95849820830784E+00
 0.49998908263335218E+00   0.23479950249930E+01  -0.82008093474135E+00
 0.49999064715331293E+00   0.25027122195788E+01  -0.70255653192789E+00
 0.49999196956930292E+00   0.26667123339008E+01  -0.60321919147927E+00
 0.49999308064386883E+00   0.28404378408543E+01  -0.51975781777537E+00
 0.49999400863616406E+00   0.30243385735729E+01  -0.45004944876922E+00
 0.49999478120319163E+00   0.32188701630746E+01  -0.39201641924666E+00
 0.49999542553948856E+00   0.34244922845610E+01  -0.34361585326939E+00
 0.49999596697667315E+00   0.36416667135785E+01  -0.30294484937220E+00
 0.49999642730387794E+00   0.38708551967931E+01  -0.26836663313807E+00
 0.49999682392286326E+00   0.41125171460457E+01  -0.23857401303241E+00
 0.49999717003270133E+00   0.43671071685993E+01  -0.21257550062474E+00
 0.49999747540791878E+00   0.46350724509653E+01  -0.18963685468196E+00
 0.49999774728870150E+00   0.49168500183013E+01  -0.16921420916826E+00
 0.49999799112071469E+00   0.52128638959647E+01  -0.15089849891317E+00
 0.49999821107872433E+00   0.55235222042457E+01  -0.13437612606744E+00
 0.49999841040673998E+00   0.58492142214126E+01  -0.11940340904117E+00
 0.49999859163439542E+00   0.61903074538070E+01  -0.10579032846779E+00
 0.49999875672273514E+00   0.65471447546554E+01  -0.93389575889569E-01
 0.49999890717593942E+00   0.69200415353393E+01  -0.82088161220172E-01
 0.49999904413929608E+00   0.73092831139412E+01  -0.71800053338761E-01
 0.49999916849149051E+00   0.77151222458371E+01  -0.62459247485002E-01
 0.49999928093152063E+00   0.81377768798438E+01  -0.54013236562648E-01
 0.49999938205660288E+00   0.85774281809213E+01  -0.46417159069098E-01
 0.49999947242640230E+00   0.90342188566791E+01  -0.39628974374242E-01
 0.49999955260986473E+00   0.95082518200100E+01  -0.33605944912232E-01
 0.49999962321305441E+00   0.99995892142010E+01  -0.28302545070813E-01
 0.49999968488899366E+00   0.10508251820010E+02  -0.23669722113862E-01
 0.49999973833288786E+00   0.11034218856679E+02  -0.19655254804351E-01
 0.49999978426774078E+00   0.11577428180921E+02  -0.16204833942751E-01
 0.49999982342579918E+00   0.12137776879844E+02  -0.13263456124053E-01
 0.49999985653044365E+00   0.12715122245837E+02  -0.10776783994928E-01
 0.49999988428139003E+00   0.13309283113941E+02  -0.86922578834834E-02
 0.49999990734407002E+00   0.13920041535339E+02  -0.69598934214339E-02
 0.49999992634256496E+00   0.14547144754655E+02  -0.55328123445699E-02
 0.49999994185487306E+00   0.15190307453807E+02  -0.43675979558304E-02
 0.49999995440952183E+00   0.15849214221413E+02  -0.34245496155441E-02
 0.49999996448313233E+00   0.16523522204246E+02  -0.26678656848560E-02
 0.49999997249904682E+00   0.17212863895965E+02  -0.20657465665392E-02
 0.49999997882731007E+00   0.17916850018301E+02  -0.15903961775998E-02
 0.49999998378617289E+00   0.18635072450965E+02  -0.12179089359483E-02
 0.49999998764504777E+00   0.19367107168599E+02  -0.92804780983924E-03
 0.49999999062861855E+00   0.20112517146046E+02  -0.70393554715542E-03
 0.49999999292169550E+00   0.20870855196793E+02  -0.53169004594134E-03
 0.49999999467439021E+00   0.21641666713578E+02  -0.40003559691337E-03
 0.49999999600725376E+00   0.22424492284561E+02  -0.29991695688292E-03
 0.49999999701611431E+00   0.23218870163075E+02  -0.22413595125181E-03
 0.49999999777645171E+00   0.24024338573573E+02  -0.16702287695125E-03
 0.49999999834722886E+00   0.24840437840854E+02  -0.12414868467614E-03
 0.49999999877416440E+00   0.25666712333901E+02  -0.92079231474695E-04
 0.49999999909246717E+00   0.26502712219579E+02  -0.68169776712423E-04
 0.49999999932908573E+00   0.27347995024993E+02  -0.50396068921543E-04
 0.49999999950452972E+00   0.28202127010389E+02  -0.37217514760268E-04
 0.49999999963432762E+00   0.29064684357170E+02  -0.27467688497929E-04
 0.49999999969931963E+00   0.29935254177814E+02  -0.22585749505311E-04
 0.49999999999999989E+00   0.30813435356248E+02   0.23410162697246E-11
 0.50000000000000000E+00   0.31698839228624E+02   0.22797319587653E-11
 0.50000000000000000E+00   0.32591090115412E+02   0.22191137816208E-11
 0.50000000000000000E+00   0.33489825716383E+02   0.21604940059206E-11
 0.50000000000000000E+00   0.34394697380382E+02   0.21038726316647E-11
 0.50000000000000000E+00   0.35305370261891E+02   0.20494717034580E-11
 0.50000000000000000E+00   0.36221523376224E+02   0.19979573551154E-11
 0.50000000000000000E+00   0.37142849564891E+02   0.19484414082171E-11
 0.50000000000000000E+00   0.38069055382202E+02   0.19013679519730E-11
 0.50000000000000000E+00   0.38999860913611E+02   0.18558488079634E-11
 0.50000000000000000E+00   0.39934999535663E+02   0.18123280653981E-11
 0.50000000000000000E+00   0.40874217626704E+02   0.17705836796722E-11
