 0.38466326469424439E+00   0.97578195523695E-18  -0.11261241942880E+05
 0.38468902130804833E+00   0.29483069282768E-04  -0.11257973298938E+05
 0.38477374798973307E+00   0.61082173640461E-04  -0.11247224143930E+05
 0.38492991284109562E+00   0.94949178290611E-04  -0.11227424127484E+05
 0.38517182153397517E+00   0.13124684686428E-03  -0.11196784416818E+05
 0.38551575592790860E+00   0.17014962340302E-03  -0.11153288516745E+05
 0.38598007523622657E+00   0.21184447044981E-03  -0.11094691017925E+05
 0.38658525511206371E+00   0.25653176725507E-03  -0.11018528084978E+05
 0.38735383207151863E+00   0.30442627240692E-03  -0.10922144389753E+05
 0.38831021233803592E+00   0.35575815550320E-03  -0.10802741925176E+05
 0.38948029432848286E+00   0.41077410281323E-03  -0.10657456734839E+05
 0.39089084565350379E+00   0.46973850223137E-03  -0.10483469551392E+05
 0.39256857026589187E+00   0.53293471320370E-03  -0.10278155343743E+05
 0.39453880356832871E+00   0.60066642771546E-03  -0.10039274260549E+05
 0.39682378862868467E+00   0.67325912886222E-03  -0.97652018648384E+04
 0.39944052290269022E+00   0.75106165399386E-03  -0.94551894003768E+04
 0.40239823065657276E+00   0.83444786992019E-03  -0.91096349988184E+04
 0.40569561846620039E+00   0.92381846820159E-03  -0.87303348600799E+04
 0.40931820938885766E+00   0.10196028891215E-02  -0.83206713659860E+04
 0.41323620971763331E+00   0.11222613835509E-02  -0.78856862606648E+04
 0.41740349955676970E+00   0.12322872225722E-02  -0.74319864429699E+04
 0.42175838378493741E+00   0.13502090654347E-02  -0.69674431900497E+04
 0.42622660311881044E+00   0.14765934971652E-02  -0.65006768190694E+04
 0.43072671461697204E+00   0.16120477479678E-02  -0.60403669719309E+04
 0.43517731998208259E+00   0.17572226074079E-02  -0.55944845228121E+04
 0.43950490932362074E+00   0.19128155473023E-02  -0.51695858142144E+04
 0.44365060611285895E+00   0.20795740682274E-02  -0.47703200450167E+04
 0.44757417769347940E+00   0.22582992856177E-02  -0.43992594549733E+04
 0.45125444215857247E+00   0.24498497725618E-02  -0.40570737458094E+04
 0.45468639816520190E+00   0.26551456776172E-02  -0.37429667482962E+04
 0.45787645076638206E+00   0.28751731372654E-02  -0.34552223180031E+04
 0.46083746038930817E+00   0.31109890040199E-02  -0.31917026173854E+04
 0.46358489368747913E+00   0.33637259126873E-02  -0.29502013250532E+04
 0.46613450202302487E+00   0.36345977088734E-02  -0.27286357435094E+04
 0.46850125667122250E+00   0.39249052655295E-02  -0.25251187956264E+04
 0.47069901943381287E+00   0.42360427151559E-02  -0.23379660905338E+04
 0.47274052798267391E+00   0.45695041272231E-02  -0.21656783303123E+04
 0.47463747531347622E+00   0.49268906624595E-02  -0.20069188153843E+04
 0.47640060292909392E+00   0.53099182378730E-02  -0.18604926221731E+04
 0.47803978781998269E+00   0.57204257387563E-02  -0.17253286499173E+04
 0.47956412064550696E+00   0.61603838164655E-02  -0.16004643100761E+04
 0.48098197577443735E+00   0.66319043134761E-02  -0.14850324417826E+04
 0.48230107413423873E+00   0.71372503601200E-02  -0.13782500852944E+04
 0.48352853972127391E+00   0.76788471905016E-02  -0.12794088112755E+04
 0.48467095051063513E+00   0.82592937283951E-02  -0.11878663585878E+04
 0.48573438440625349E+00   0.88813749974526E-02  -0.11030393772886E+04
 0.48672446078831277E+00   0.95480754138094E-02  -0.10243971089218E+04
 0.48764637814354828E+00   0.10262593023187E-01  -0.95145586481276E+03
 0.48850494820281126E+00   0.11028354748868E-01  -0.88377418631497E+03
 0.48930462695771443E+00   0.11849032721462E-01  -0.82094858992900E+03
 0.49004954288293406E+00   0.12728561766261E-01  -0.76260981576057E+03
 0.49074352265170401E+00   0.13671158129094E-01  -0.70841951058390E+03
 0.49139011459828758E+00   0.14681339527142E-01  -0.65806728735278E+03
 0.49199261015197049E+00   0.15763946616981E-01  -0.61126811177579E+03
 0.49255406344174057E+00   0.16924165978315E-01  -0.56775997387715E+03
 0.49307730924875437E+00   0.18167554718499E-01  -0.52730180856666E+03
 0.49356497946447264E+00   0.19500066809896E-01  -0.48967163435652E+03
 0.49401951819559325E+00   0.20928081279553E-01  -0.45466488366207E+03
 0.49444319564227279E+00   0.22458432378533E-01  -0.42209290174809E+03
 0.49483812086333001E+00   0.24098441866553E-01  -0.39178159444673E+03
 0.49520625353090958E+00   0.25855953556357E-01  -0.36357020737117E+03
 0.49554941476724174E+00   0.27739370271550E-01  -0.33731022155787E+03
 0.49586929714746258E+00   0.29757693381404E-01  -0.31286435235347E+03
 0.49616747394479577E+00   0.31920565086455E-01  -0.29010563997432E+03
 0.49644540768757106E+00   0.34238313639551E-01  -0.26891662155124E+03
 0.49670445809143193E+00   0.36722001698414E-01  -0.24918857566839E+03
 0.49694588942451001E+00   0.39383478017693E-01  -0.23082083144616E+03
 0.49717087735819088E+00   0.42235432700963E-01  -0.21372013513192E+03
 0.49738051535123662E+00   0.45291456246181E-01  -0.19780006797453E+03
 0.49757582061032513E+00   0.48566102631601E-01  -0.18298050989166E+03
 0.49775773966540787E+00   0.52074956703276E-01  -0.16918714411159E+03
 0.49792715359356154E+00   0.55834706139791E-01  -0.15635099860121E+03
 0.49808488292011710E+00   0.59863218284852E-01  -0.14440802069406E+03
 0.49823169222072489E+00   0.64179622153785E-01  -0.13329868191676E+03
 0.49836829444261538E+00   0.68804395935657E-01  -0.12296761058890E+03
 0.49849535495764746E+00   0.73759460328728E-01  -0.11336325034306E+03
 0.49861349535386174E+00   0.79068278063012E-01  -0.10443754327775E+03
 0.49872329696629925E+00   0.84755959979821E-01  -0.96145637010311E+02
 0.49882530414202186E+00   0.90849378054143E-01  -0.88445615425894E+02
 0.49892002722886508E+00   0.97377285761297E-01  -0.81298253403223E+02
 0.49900794527286191E+00   0.10437044620442E+00  -0.74666796210094E+02
 0.49908950840598482E+00   0.11186176843355E+00  -0.68516764566873E+02
 0.49916513990447420E+00   0.11988645240026E+00  -0.62815786529981E+02
 0.49923523789932134E+00   0.12848214300340E+00  -0.57533457292981E+02
 0.49930017672548599E+00   0.13768909369134E+00  -0.52641227663999E+02
 0.49936030790665165E+00   0.14755034009334E+00  -0.48112321243105E+02
 0.49941596079008155E+00   0.15811188415740E+00  -0.43921679017523E+02
 0.49946744287513589E+00   0.16942288927237E+00  -0.40045927939285E+02
 0.49951503992473378E+00   0.18153588684917E+00  -0.36463366636593E+02
 0.49955901601821551E+00   0.19450699482699E+00  -0.33153956232945E+02
 0.49959961380042572E+00   0.20839614855590E+00  -0.30099297026915E+02
 0.49963705529359509E+00   0.22326734448556E+00  -0.27282563408885E+02
 0.49967154371313738E+00   0.23918889705942E+00  -0.24688363815598E+02
 0.49970326664439907E+00   0.25623370917446E+00  -0.22302498873411E+02
 0.49973240052630091E+00   0.27447955651526E+00  -0.20111621804037E+02
 0.49975911559851316E+00   0.29400938600797E+00  -0.18102864490265E+02
 0.49978357965485071E+00   0.31491162856155E+00  -0.16263553729711E+02
 0.49980595889038271E+00   0.33728052616913E+00  -0.14581146270357E+02
 0.49982641533782557E+00   0.36121647332923E+00  -0.13043420362620E+02
 0.49984510219809508E+00   0.38682637261280E+00  -0.11638825602587E+02
 0.49986215935141548E+00   0.41422400404472E+00  -0.10356819175641E+02
 0.49987771083751581E+00   0.44353040778554E+00  -0.91880541306908E+01
 0.49989186481309095E+00   0.47487427938818E+00  -0.81243815810255E+01
 0.49990471546276793E+00   0.50839237666158E+00  -0.71587062591101E+01
 0.49991634596263818E+00   0.54422993689737E+00  -0.62847631522078E+01
 0.49992683169409746E+00   0.58254110290335E+00  -0.54968754922333E+01
 0.49993624317254282E+00   0.62348935593563E+00  -0.47897343035470E+01
 0.49994464840509811E+00   0.66724795322943E+00  -0.41582209491361E+01
 0.49995211456820654E+00   0.71400036739287E+00  -0.35972808446182E+01
 0.49995870900633399E+00   0.76394072444865E+00  -0.31018482204666E+01
 0.49996449961834455E+00   0.81727423678444E+00  -0.26668169135696E+01
 0.49996955473527349E+00   0.87421762670440E+00  -0.22870493838480E+01
 0.49997394261219547E+00   0.93499953566278E+00  -0.19574147324629E+01
 0.49997773066273271E+00   0.99986091361083E+00  -0.16728460625822E+01
 0.49998098456023610E+00   0.10690553822024E+01  -0.14284078657411E+01
 0.49998376731680194E+00   0.11428495648913E+01  -0.12193650843351E+01
 0.49998613843216888E+00   0.12215233762238E+01  -0.10412469376968E+01
 0.49998815318147261E+00   0.13053702618907E+01  -0.88990033138649E+00
 0.49998986208626917E+00   0.13946973803820E+01  -0.76152951382636E+00
 0.49999131058949231E+00   0.14898257163832E+01  -0.65272042794637E+00
 0.49999253893399320E+00   0.15910901154124E+01  -0.56044978292199E+00
 0.49999358222743939E+00   0.16988392286241E+01  -0.48208013841498E+00
 0.49999447066436153E+00   0.18134353562483E+01  -0.41534319397606E+00
 0.49999522986918749E+00   0.19352541778144E+01  -0.35831399801848E+00
 0.49999588132183648E+00   0.20646843571704E+01  -0.30937896140495E+00
 0.49999644282910083E+00   0.22021270103889E+01  -0.26720043634407E+00
 0.49999692900964998E+00   0.23479950249930E+01  -0.23068027567732E+00
 0.49999735176696536E+00   0.25027122195788E+01  -0.19892430140061E+00
 0.49999772073181470E+00   0.26667123339008E+01  -0.17120906316459E+00
 0.49999804366305900E+00   0.28404378408543E+01  -0.14695172807771E+00
 0.49999832680187350E+00   0.30243385735729E+01  -0.12568347084252E+00
 0.49999857517927537E+00   0.32188701630746E+01  -0.10702637196841E+00
 0.49999879287983201E+00   0.34244922845610E+01  -0.90673608004811E-01
 0.49999898326551229E+00   0.36416667135785E+01  -0.76372636069079E-01
 0.49999914916313137E+00   0.38708551967931E+01  -0.63911113230286E-01
 0.49999929301740470E+00   0.41125171460457E+01  -0.53105399363867E-01
 0.49999941701019290E+00   0.43671071685993E+01  -0.43791599775427E-01
 0.49999952314603002E+00   0.46350724509653E+01  -0.35819140436410E-01
 0.49999961330510301E+00   0.49168500183013E+01  -0.29046788315858E-01
 0.49999968926744931E+00   0.52128638959647E+01  -0.23340833625257E-01
 0.49999975271549102E+00   0.55235222042457E+01  -0.18574899339630E-01
 0.49999980522465859E+00   0.58492142214126E+01  -0.14630645467236E-01
 0.49999984825215410E+00   0.61903074538070E+01  -0.11398613021943E-01
 0.49999988313104282E+00   0.65471447546554E+01  -0.87786677746682E-02
 0.49999991107176234E+00   0.69200415353393E+01  -0.66798868562901E-02
 0.49999993316838803E+00   0.73092831139412E+01  -0.50200880917555E-02
 0.49999995040512368E+00   0.77151222458371E+01  -0.37253424342154E-02
 0.49999996365996335E+00   0.81377768798438E+01  -0.27296988560948E-02
 0.49999997370547850E+00   0.85774281809213E+01  -0.19751252371889E-02
 0.49999998120888284E+00   0.90342188566791E+01  -0.14115035156190E-02
 0.49999998673386947E+00   0.95082518200100E+01  -0.99649156155879E-03
 0.49999999074568002E+00   0.99995892142010E+01  -0.69514254730374E-03
 0.49999999361947467E+00   0.10508251820010E+02  -0.47927612599508E-03
 0.49999999565111486E+00   0.11034218856679E+02  -0.32666852721308E-03
 0.49999999706910087E+00   0.11577428180921E+02  -0.22015584440704E-03
 0.49999999804650591E+00   0.12137776879844E+02  -0.14673761943307E-03
 0.49999999871206013E+00   0.12715122245837E+02  -0.96744208412769E-04
 0.49999999915989335E+00   0.13309283113941E+02  -0.63105016712917E-04
 0.49999999945773310E+00   0.13920041535339E+02  -0.40732633620588E-04
 0.49999999965356789E+00   0.14547144754655E+02  -0.26022421268479E-04
 0.50000000000000000E+00   0.15190307453807E+02   0.92148511043888E-14
 0.50000000000000000E+00   0.15849214221413E+02   0.10658141036402E-13
 0.50000000000000000E+00   0.16523522204246E+02   0.10658141036402E-13
 0.50000000000000000E+00   0.17212863895965E+02   0.10436096431476E-13
 0.50000000000000000E+00   0.17916850018301E+02   0.97699626167014E-14
 0.50000000000000000E+00   0.18635072450965E+02   0.95479180117763E-14
 0.50000000000000000E+00   0.19367107168599E+02   0.91038288019263E-14
 0.50000000000000000E+00   0.20112517146046E+02   0.88262730457700E-14
 0.50000000000000000E+00   0.20870855196793E+02   0.85487172896137E-14
 0.50000000000000000E+00   0.21641666713578E+02   0.81046280797636E-14
 0.50000000000000000E+00   0.22424492284561E+02   0.78270723236074E-14
 0.50000000000000000E+00   0.23218870163075E+02   0.76050277186823E-14
 0.50000000000000000E+00   0.24024338573573E+02   0.73829831137573E-14
 0.50000000000000000E+00   0.24840437840854E+02   0.70499162063697E-14
 0.50000000000000000E+00   0.25666712333901E+02   0.68833827526760E-14
 0.50000000000000000E+00   0.26502712219579E+02   0.66613381477509E-14
 0.50000000000000000E+00   0.27347995024993E+02   0.64392935428259E-14
 0.50000000000000000E+00   0.28202127010389E+02   0.62172489379009E-14
 0.50000000000000000E+00   0.29064684357170E+02   0.61062266354384E-14
 0.50000000000000000E+00   0.29935254177814E+02   0.58841820305133E-14
 0.50000000000000000E+00   0.30813435356248E+02   0.57731597280508E-14
 0.50000000000000000E+00   0.31698839228624E+02   0.54956039718945E-14
 0.50000000000000000E+00   0.32591090115412E+02   0.53845816694320E-14
 0.50000000000000000E+00   0.33489825716383E+02   0.52180482157382E-14
 0.50000000000000000E+00   0.34394697380382E+02   0.51625370645070E-14
 0.50000000000000000E+00   0.35305370261891E+02   0.49960036108132E-14
 0.50000000000000000E+00   0.36221523376224E+02   0.48294701571194E-14
 0.50000000000000000E+00   0.37142849564891E+02   0.47739590058882E-14
 0.50000000000000000E+00   0.38069055382202E+02   0.46629367034257E-14
 0.50000000000000000E+00   0.38999860913611E+02   0.44964032497319E-14
 0.50000000000000000E+00   0.39934999535663E+02   0.44408920985006E-14
 0.50000000000000000E+00   0.40874217626704E+02   0.43298697960381E-14
