 0.53137723381257322E-01   0.97578195523695E-18  -0.31584216832931E+06
 0.54513786607274191E-01   0.29483069282768E-04  -0.30692147767098E+06
 0.59026960259471711E-01   0.61082173640461E-04  -0.28058275813796E+06
 0.67196670258614866E-01   0.94949178290611E-04  -0.24190352571593E+06
 0.79149469461675448E-01   0.13124684686428E-03  -0.19970053423584E+06
 0.94194608925827816E-01   0.17014962340302E-03  -0.16180469479082E+06
 0.11094413619022772E+00   0.21184447044981E-03  -0.13170642580569E+06
 0.12812185152093247E+00   0.25653176725507E-03  -0.10901262677361E+06
 0.14509127134294228E+00   0.30442627240692E-03  -0.91870217401319E+05
 0.16166625436165039E+00   0.35575815550320E-03  -0.78600496511192E+05
 0.17780150315353307E+00   0.41077410281323E-03  -0.68059292493305E+05
 0.19347568401192430E+00   0.46973850223137E-03  -0.59502866650761E+05
 0.20867223556039857E+00   0.53293471320370E-03  -0.52434430436768E+05
 0.22337785853509817E+00   0.60066642771546E-03  -0.46509981102348E+05
 0.23758237826076517E+00   0.67325912886222E-03  -0.41483760344122E+05
 0.25127862349568247E+00   0.75106165399386E-03  -0.37175508256779E+05
 0.26446227823192281E+00   0.83444786992019E-03  -0.33449996875555E+05
 0.27713171090293376E+00   0.92381846820159E-03  -0.30203787240009E+05
 0.28928778608544203E+00   0.10196028891215E-02  -0.27356400824598E+05
 0.30093366360039187E+00   0.11222613835509E-02  -0.24844278981545E+05
 0.31207458961540618E+00   0.12322872225722E-02  -0.22616554583416E+05
 0.32271768396412315E+00   0.13502090654347E-02  -0.20632031790926E+05
 0.33287172744970051E+00   0.14765934971652E-02  -0.18856989535034E+05
 0.34254695241554667E+00   0.16120477479678E-02  -0.17263558010736E+05
 0.35175483936713070E+00   0.17572226074079E-02  -0.15828501047680E+05
 0.36050792193286707E+00   0.19128155473023E-02  -0.14532290706179E+05
 0.36881960197449859E+00   0.20795740682274E-02  -0.13358395417098E+05
 0.37670397620958179E+00   0.22582992856177E-02  -0.12292726297498E+05
 0.38417567529891944E+00   0.24498497725618E-02  -0.11323202093659E+05
 0.39124971598545721E+00   0.26551456776172E-02  -0.10439404113341E+05
 0.39794136655104212E+00   0.28751731372654E-02  -0.96323001463256E+04
 0.40426602558424085E+00   0.31109890040199E-02  -0.88940217921877E+04
 0.41023911382506639E+00   0.33637259126873E-02  -0.82176835098416E+04
 0.41587597866866727E+00   0.36345977088734E-02  -0.75972345365576E+04
 0.42119181076648893E+00   0.39249052655295E-02  -0.70273369073235E+04
 0.42620157205630294E+00   0.42360427151559E-02  -0.65032643529362E+04
 0.43091993447759458E+00   0.45695041272231E-02  -0.60208180158175E+04
 0.43536122858183923E+00   0.49268906624595E-02  -0.55762558008313E+04
 0.43953940122395529E+00   0.53099182378730E-02  -0.51662328486245E+04
 0.44346798151769951E+00   0.57204257387563E-02  -0.47877511345659E+04
 0.44716005425023542E+00   0.61603838164655E-02  -0.44381165958740E+04
 0.45062823997620760E+00   0.66319043134761E-02  -0.41149025013241E+04
 0.45388468104637197E+00   0.71372503601200E-02  -0.38159180228661E+04
 0.45694103286758214E+00   0.76788471905016E-02  -0.35391811621348E+04
 0.45980845973743650E+00   0.82592937283951E-02  -0.32828953388386E+04
 0.46249763464628313E+00   0.88813749974526E-02  -0.30454290711832E+04
 0.46501874248996128E+00   0.95480754138094E-02  -0.28252982775336E+04
 0.46738148618733971E+00   0.10262593023187E-01  -0.26211508085725E+04
 0.46959509524634607E+00   0.11028354748868E-01  -0.24317528842441E+04
 0.47166833636990824E+00   0.11849032721462E-01  -0.22559771628489E+04
 0.47360952573839532E+00   0.12728561766261E-01  -0.20927922131926E+04
 0.47542654264719852E+00   0.13671158129094E-01  -0.19412531965645E+04
 0.47712684421662038E+00   0.14681339527142E-01  -0.18004935950343E+04
 0.47871748092590377E+00   0.15763946616981E-01  -0.16697178472942E+04
 0.48020511275376931E+00   0.16924165978315E-01  -0.15481947739830E+04
 0.48159602573404275E+00   0.18167554718499E-01  -0.14352516918838E+04
 0.48289614875672249E+00   0.19500066809896E-01  -0.13302691311883E+04
 0.48411107046209206E+00   0.20928081279553E-01  -0.12326760826863E+04
 0.48524605608831561E+00   0.22458432378533E-01  -0.11419457126410E+04
 0.48630606414152266E+00   0.24098441866553E-01  -0.10575914925948E+04
 0.48729576276212705E+00   0.25855953556357E-01  -0.97916369963613E+03
 0.48821954566267201E+00   0.27739370271550E-01  -0.90624624993641E+03
 0.48908154751188371E+00   0.29757693381404E-01  -0.83845383474858E+03
 0.48988565863834937E+00   0.31920565086455E-01  -0.77542933358390E+03
 0.49063553892748119E+00   0.34238313639551E-01  -0.71684148393028E+03
 0.49133463079022444E+00   0.36722001698414E-01  -0.66238279052184E+03
 0.49198617109559339E+00   0.39383478017693E-01  -0.61176765959151E+03
 0.49259320198751799E+00   0.42235432700963E-01  -0.56473074436989E+03
 0.49315858055769640E+00   0.45291456246181E-01  -0.52102548679909E+03
 0.49368498743044209E+00   0.48566102631601E-01  -0.48042283629774E+03
 0.49417493444401861E+00   0.52074956703276E-01  -0.44271011866468E+03
 0.49463077179245984E+00   0.55834706139791E-01  -0.40769001638986E+03
 0.49505469521175915E+00   0.59863218284852E-01  -0.37517960662646E+03
 0.49544875400133248E+00   0.64179622153785E-01  -0.34500938896294E+03
 0.49581486073742337E+00   0.68804395935657E-01  -0.31702223168238E+03
 0.49615480324803929E+00   0.73759460328728E-01  -0.29107218838792E+03
 0.49647025857548682E+00   0.79068278063012E-01  -0.26702320191806E+03
 0.49676280731313788E+00   0.84755959979821E-01  -0.24474781442170E+03
 0.49703394548949292E+00   0.90849378054143E-01  -0.22412609391715E+03
 0.49728509115393038E+00   0.97377285761297E-01  -0.20504498789860E+03
 0.49751758463247597E+00   0.10437044620442E+00  -0.18739817627509E+03
 0.49773268429135442E+00   0.11186176843355E+00  -0.17108627911269E+03
 0.49793156169557207E+00   0.11988645240026E+00  -0.15601712146944E+03
 0.49811529997551929E+00   0.12848214300340E+00  -0.14210576566881E+03
 0.49828489738988552E+00   0.13768909369134E+00  -0.12927416103527E+03
 0.49844127588348064E+00   0.14755034009334E+00  -0.11745042703893E+03
 0.49858529295713233E+00   0.15811188415740E+00  -0.10656789716593E+03
 0.49871775462845791E+00   0.16942288927237E+00  -0.96564090596099E+02
 0.49883942738150272E+00   0.18153588684917E+00  -0.87379769013616E+02
 0.49895104742944696E+00   0.19450699482699E+00  -0.78958203282262E+02
 0.49905332613728448E+00   0.20839614855590E+00  -0.71244735175164E+02
 0.49914695099889705E+00   0.22326734448556E+00  -0.64186678190740E+02
 0.49923258214378563E+00   0.23918889705942E+00  -0.57733557984403E+02
 0.49931084501771805E+00   0.25623370917446E+00  -0.51837642901561E+02
 0.49938232074174838E+00   0.27447955651526E+00  -0.46454650711530E+02
 0.49944753684334298E+00   0.29400938600797E+00  -0.41544428524951E+02
 0.49950696254594307E+00   0.31491162856155E+00  -0.37071290985027E+02
 0.49956101372141110E+00   0.33728052616913E+00  -0.33003633207935E+02
 0.49961007028886795E+00   0.36121647332923E+00  -0.29312609933198E+02
 0.49965450042174731E+00   0.38682637261280E+00  -0.25970305740477E+02
 0.49969467581701033E+00   0.41422400404472E+00  -0.22948580436908E+02
 0.49973096491933638E+00   0.44353040778554E+00  -0.20219573803272E+02
 0.49976370999673680E+00   0.47487427938818E+00  -0.17757424455774E+02
 0.49979320752693002E+00   0.50839237666158E+00  -0.15539739059504E+02
 0.49981970434880918E+00   0.54422993689737E+00  -0.13547876298987E+02
 0.49984340774438607E+00   0.58254110290335E+00  -0.11766184540616E+02
 0.49986450123152409E+00   0.62348935593563E+00  -0.10180811506903E+02
 0.49988315923986504E+00   0.66724795322943E+00  -0.87785990205377E+01
 0.49989955730742247E+00   0.71400036739287E+00  -0.75463151557136E+01
 0.49991387704032575E+00   0.76394072444865E+00  -0.64702803445515E+01
 0.49992630649295761E+00   0.81727423678444E+00  -0.55363377783502E+01
 0.49993703724393890E+00   0.87421762670440E+00  -0.47300721181592E+01
 0.49994625959986072E+00   0.93499953566278E+00  -0.40371688779573E+01
 0.49995415724498965E+00   0.99986091361083E+00  -0.34438154487906E+01
 0.49996090238672447E+00   0.10690553822024E+01  -0.29370649306261E+01
 0.49996665210688074E+00   0.11428495648913E+01  -0.25051094630763E+01
 0.49997154628153306E+00   0.12215233762238E+01  -0.21374358308714E+01
 0.49997570711871081E+00   0.13053702618907E+01  -0.18248596520170E+01
 0.49997924010209582E+00   0.13946973803820E+01  -0.15594540604069E+01
 0.49998223592451430E+00   0.14898257163832E+01  -0.13344041374140E+01
 0.49998477286066756E+00   0.15910901154124E+01  -0.11438284329068E+01
 0.49998691900752712E+00   0.16988392286241E+01  -0.98261049358360E+00
 0.49998873396720178E+00   0.18134353562483E+01  -0.84627232116306E+00
 0.49999026984796530E+00   0.19352541778144E+01  -0.73089908400005E+00
 0.49999157177642506E+00   0.20646843571704E+01  -0.63310057516214E+00
 0.49999267826424931E+00   0.22021270103889E+01  -0.54998361339548E+00
 0.49999362169673961E+00   0.23479950249930E+01  -0.47911530467535E+00
 0.49999442901937774E+00   0.25027122195788E+01  -0.41847144281139E+00
 0.49999512254582229E+00   0.26667123339008E+01  -0.36637579522253E+00
 0.49999572076265453E+00   0.28404378408543E+01  -0.32143963885296E+00
 0.49999623903608870E+00   0.30243385735729E+01  -0.28250866462465E+00
 0.49999669018029214E+00   0.32188701630746E+01  -0.24862028033885E+00
 0.49999708489089789E+00   0.34244922845610E+01  -0.21897104189518E+00
 0.49999743207055758E+00   0.36416667135785E+01  -0.19289219555510E+00
 0.49999773907954348E+00   0.38708551967931E+01  -0.16983085117889E+00
 0.49999801194058596E+00   0.41125171460457E+01  -0.14933459386488E+00
 0.49999825551920679E+00   0.43671071685993E+01  -0.13103793676307E+00
 0.49999847369241995E+00   0.46350724509653E+01  -0.11464964796617E+00
 0.49999866951161853E+00   0.49168500183013E+01  -0.99940514455685E-01
 0.49999884536035460E+00   0.52128638959647E+01  -0.86731489841279E-01
 0.49999900310451861E+00   0.55235222042457E+01  -0.74882413178407E-01
 0.49999914423078706E+00   0.58492142214126E+01  -0.64281609123950E-01
 0.49999926996873667E+00   0.61903074538070E+01  -0.54836715070684E-01
 0.49999938139241357E+00   0.65471447546554E+01  -0.46467051594405E-01
 0.49999947949823820E+00   0.69200415353393E+01  -0.39097770535244E-01
 0.49999956525784867E+00   0.73092831139412E+01  -0.32655885519797E-01
 0.49999963964673838E+00   0.77151222458371E+01  -0.27068120871766E-01
 0.49999970365202623E+00   0.81377768798438E+01  -0.22260327833390E-01
 0.49999975826492393E+00   0.85774281809213E+01  -0.18158050424844E-01
 0.49999980446473891E+00   0.90342188566791E+01  -0.14687726983531E-01
 0.49999984320104290E+00   0.95082518200100E+01  -0.11778029597903E-01
 0.49999987537882373E+00   0.99995892142010E+01  -0.93609793960163E-02
 0.49999990184866028E+00   0.10508251820010E+02  -0.73726845402216E-02
 0.49999992340135935E+00   0.11034218856679E+02  -0.57537430508150E-02
 0.49999994076512622E+00   0.11577428180921E+02  -0.44494553525687E-02
 0.49999995460348351E+00   0.12137776879844E+02  -0.34099805385646E-02
 0.49999996551322823E+00   0.12715122245837E+02  -0.25904899164604E-02
 0.49999997402278462E+00   0.13309283113941E+02  -0.19512905836261E-02
 0.49999998059180084E+00   0.13920041535339E+02  -0.14578558679821E-02
 0.49999998561265790E+00   0.14547144754655E+02  -0.10807118478076E-02
 0.49999998941407781E+00   0.15190307453807E+02  -0.79516642828303E-03
 0.49999999226652025E+00   0.15849214221413E+02  -0.58090389330023E-03
 0.49999999438877935E+00   0.16523522204246E+02  -0.42148942527831E-03
 0.49999999595511879E+00   0.17212863895965E+02  -0.30383310912030E-03
 0.49999999710237508E+00   0.17916850018301E+02  -0.21765643372640E-03
 0.49999999793660910E+00   0.18635072450965E+02  -0.15499254992490E-03
 0.49999999853905919E+00   0.19367107168599E+02  -0.10973923358115E-03
 0.49999999897127467E+00   0.20112517146046E+02  -0.77273166980918E-04
 0.49999999927942074E+00   0.20870855196793E+02  -0.54126635609775E-04
 0.49999999949780061E+00   0.21641666713578E+02  -0.37722930828821E-04
 0.49999999965168163E+00   0.22424492284561E+02  -0.26164087267411E-04
 0.49999999969931963E+00   0.23218870163075E+02  -0.22585751646265E-04
 0.50000000000000000E+00   0.24024338573573E+02   0.25446311724409E-12
 0.50000000000000000E+00   0.24840437840854E+02   0.24713564528156E-12
 0.50000000000000000E+00   0.25666712333901E+02   0.23980817331903E-12
 0.50000000000000000E+00   0.26502712219579E+02   0.23203661214666E-12
 0.50000000000000000E+00   0.27347995024993E+02   0.22493118478906E-12
 0.50000000000000000E+00   0.28202127010389E+02   0.21838086894377E-12
 0.50000000000000000E+00   0.29064684357170E+02   0.21194157540094E-12
 0.50000000000000000E+00   0.29935254177814E+02   0.20572432646304E-12
 0.50000000000000000E+00   0.30813435356248E+02   0.19995116673499E-12
 0.50000000000000000E+00   0.31698839228624E+02   0.19417800700694E-12
 0.50000000000000000E+00   0.32591090115412E+02   0.18895995879120E-12
 0.50000000000000000E+00   0.33489825716383E+02   0.18385293287793E-12
 0.50000000000000000E+00   0.34394697380382E+02   0.17907897387204E-12
 0.50000000000000000E+00   0.35305370261891E+02   0.17441603716861E-12
 0.50000000000000000E+00   0.36221523376224E+02   0.16997514507011E-12
 0.50000000000000000E+00   0.37142849564891E+02   0.16575629757654E-12
 0.50000000000000000E+00   0.38069055382202E+02   0.16187051699035E-12
 0.50000000000000000E+00   0.38999860913611E+02   0.15787371410170E-12
 0.50000000000000000E+00   0.39934999535663E+02   0.15432100042290E-12
 0.50000000000000000E+00   0.40874217626704E+02   0.15065726444163E-12
