 0.40324498293824645E+00   0.97578195523695E-18  -0.90116407261749E+04
 0.40326762678450517E+00   0.29483069282768E-04  -0.90090258133279E+04
 0.40334211045682905E+00   0.61082173640461E-04  -0.90004265052471E+04
 0.40347938196351069E+00   0.94949178290611E-04  -0.89845865175284E+04
 0.40369198823552316E+00   0.13124684686428E-03  -0.89600747884213E+04
 0.40399418756214711E+00   0.17014962340302E-03  -0.89252781253135E+04
 0.40440202532998903E+00   0.21184447044981E-03  -0.88784002029169E+04
 0.40493335057126867E+00   0.25653176725507E-03  -0.88174699567930E+04
 0.40560774391112225E+00   0.30442627240692E-03  -0.87403631282054E+04
 0.40644632030858330E+00   0.35575815550320E-03  -0.86448413158633E+04
 0.40747136201472495E+00   0.41077410281323E-03  -0.85286133593660E+04
 0.40870573090981699E+00   0.46973850223137E-03  -0.83894238499460E+04
 0.41017200658611230E+00   0.53293471320370E-03  -0.82251727681521E+04
 0.41189130105118937E+00   0.60066642771546E-03  -0.80340682385577E+04
 0.41388171776444971E+00   0.67325912886222E-03  -0.78148107173389E+04
 0.41615645829977943E+00   0.75106165399386E-03  -0.75668012052131E+04
 0.41872164085721542E+00   0.83444786992019E-03  -0.72903582129843E+04
 0.42157398538893165E+00   0.92381846820159E-03  -0.69869187056500E+04
 0.42469863745692410E+00   0.10196028891215E-02  -0.66591885931268E+04
 0.42806753047590174E+00   0.11222613835509E-02  -0.63112012743993E+04
 0.43163878637482328E+00   0.12322872225722E-02  -0.59482422713364E+04
 0.43535766800582820E+00   0.13502090654347E-02  -0.55766086074914E+04
 0.43915945194680661E+00   0.14765934971652E-02  -0.52031965375038E+04
 0.44297423891255694E+00   0.16120477479678E-02  -0.48349497749754E+04
 0.44673318619051089E+00   0.17572226074079E-02  -0.44782450186626E+04
 0.45037507736024257E+00   0.19128155473023E-02  -0.41383273415029E+04
 0.45385179362143557E+00   0.20795740682274E-02  -0.38189161012352E+04
 0.45713137504202933E+00   0.22582992856177E-02  -0.35220690881296E+04
 0.46019803660195768E+00   0.24498497725618E-02  -0.32483220619238E+04
 0.46304949883600499E+00   0.26551456776172E-02  -0.29970380854670E+04
 0.46569282845459531E+00   0.28751731372654E-02  -0.27668442412382E+04
 0.46814023197604421E+00   0.31109890040199E-02  -0.25560302568848E+04
 0.47040583912776313E+00   0.33637259126873E-02  -0.23628310724739E+04
 0.47250379444528295E+00   0.36345977088734E-02  -0.21855805265007E+04
 0.47444740522231410E+00   0.39249052655295E-02  -0.20227689528735E+04
 0.47624889944708138E+00   0.42360427151559E-02  -0.18730488334123E+04
 0.47791944042195483E+00   0.45695041272231E-02  -0.17352207229746E+04
 0.47946921487334127E+00   0.49268906624595E-02  -0.16082152535180E+04
 0.48090752864835029E+00   0.53099182378730E-02  -0.14910764759540E+04
 0.48224289418106270E+00   0.57204257387563E-02  -0.13829474972982E+04
 0.48348310812627909E+00   0.61603838164655E-02  -0.12830582318660E+04
 0.48463532014239441E+00   0.66319043134761E-02  -0.11907149332737E+04
 0.48570609396558773E+00   0.71372503601200E-02  -0.11052912128065E+04
 0.48670146177350132E+00   0.76788471905016E-02  -0.10262203024167E+04
 0.48762697269152316E+00   0.82592937283951E-02  -0.95298836449657E+03
 0.48848773617190711E+00   0.88813749974526E-02  -0.88512868578250E+03
 0.48928846087264827E+00   0.95480754138094E-02  -0.82221662106381E+03
 0.49003348957591941E+00   0.10262593023187E-01  -0.76386517526650E+03
 0.49072683061219879E+00   0.11028354748868E-01  -0.70972113107735E+03
 0.49137218619371947E+00   0.11849032721462E-01  -0.65946164445161E+03
 0.49197297800769924E+00   0.12728561766261E-01  -0.61279124278938E+03
 0.49253237037445785E+00   0.13671158129094E-01  -0.56943917080721E+03
 0.49305329123672686E+00   0.14681339527142E-01  -0.52915703759711E+03
 0.49353845121320095E+00   0.15763946616981E-01  -0.49171672538887E+03
 0.49399036092078741E+00   0.16924165978315E-01  -0.45690852638029E+03
 0.49441134674538723E+00   0.18167554718499E-01  -0.42453947888763E+03
 0.49480356521978702E+00   0.19500066809896E-01  -0.39443187816589E+03
 0.49516901614886127E+00   0.20928081279553E-01  -0.36642194069445E+03
 0.49550955460636115E+00   0.22458432378533E-01  -0.34035860362987E+03
 0.49582690191375467E+00   0.24098441866553E-01  -0.31610244358539E+03
 0.49612265569957481E+00   0.25855953556357E-01  -0.29352470098080E+03
 0.49639829912729561E+00   0.27739370271550E-01  -0.27250639797764E+03
 0.49665520937065172E+00   0.29757693381404E-01  -0.25293753952362E+03
 0.49689466540738286E+00   0.31920565086455E-01  -0.23471638831879E+03
 0.49711785519543972E+00   0.34238313639551E-01  -0.21774880561910E+03
 0.49732588228960745E+00   0.36722001698414E-01  -0.20194765073955E+03
 0.49751977195114361E+00   0.39383478017693E-01  -0.18723223293483E+03
 0.49770047679828466E+00   0.42235432700963E-01  -0.17352781004091E+03
 0.49786888204123209E+00   0.45291456246181E-01  -0.16076512887495E+03
 0.49802581034139071E+00   0.48566102631601E-01  -0.14888000293048E+03
 0.49817202633109209E+00   0.52074956703276E-01  -0.13781292338313E+03
 0.49830824082670072E+00   0.55834706139791E-01  -0.12750869985391E+03
 0.49843511476477947E+00   0.59863218284852E-01  -0.11791612777310E+03
 0.49855326288779284E+00   0.64179622153785E-01  -0.10898767955951E+03
 0.49866325720256910E+00   0.68804395935657E-01  -0.10067921718687E+03
 0.49876563023134918E+00   0.73759460328728E-01  -0.92949724059321E+02
 0.49886087807167773E+00   0.79068278063012E-01  -0.85761054468741E+02
 0.49894946327759176E+00   0.84755959979821E-01  -0.79077699261949E+02
 0.49903181757053877E+00   0.90849378054143E-01  -0.72866566707829E+02
 0.49910834438424734E+00   0.97377285761297E-01  -0.67096777922161E+02
 0.49917942124345593E+00   0.10437044620442E+00  -0.61739476576142E+02
 0.49924540197211759E+00   0.11186176843355E+00  -0.56767652974357E+02
 0.49930661872263493E+00   0.11988645240026E+00  -0.52155982925718E+02
 0.49936338381408113E+00   0.12848214300340E+00  -0.47880682128920E+02
 0.49941599136453541E+00   0.13768909369134E+00  -0.43919377030444E+02
 0.49946471870094211E+00   0.14755034009334E+00  -0.40250993263279E+02
 0.49950982752965561E+00   0.15811188415740E+00  -0.36855662810719E+02
 0.49955156485249941E+00   0.16942288927237E+00  -0.33714650930788E+02
 0.49959016361723024E+00   0.18153588684917E+00  -0.30810303584877E+02
 0.49962584309854341E+00   0.19450699482699E+00  -0.28126015582577E+02
 0.49965880901747195E+00   0.20839614855590E+00  -0.25646218784912E+02
 0.49968925342570009E+00   0.22326734448556E+00  -0.23356388315002E+02
 0.49971735441146059E+00   0.23918889705942E+00  -0.21243062468648E+02
 0.49974327573274890E+00   0.25623370917446E+00  -0.19293868338185E+02
 0.49976716656113612E+00   0.27447955651526E+00  -0.17497539343461E+02
 0.49978916163010240E+00   0.29400938600797E+00  -0.15843902557966E+02
 0.49980938220326643E+00   0.31491162856155E+00  -0.14323804602725E+02
 0.49982793831858641E+00   0.33728052616913E+00  -0.12928941835165E+02
 0.49984493253160234E+00   0.36121647332923E+00  -0.11651578084409E+02
 0.49986046467454159E+00   0.38682637261280E+00  -0.10484186259634E+02
 0.49987463611298777E+00   0.41422400404472E+00  -0.94191279224943E+01
 0.49988755144175046E+00   0.44353040778554E+00  -0.84485254482321E+01
 0.49989931648790070E+00   0.47487427938818E+00  -0.75644117458099E+01
 0.49991003358285097E+00   0.50839237666158E+00  -0.67590851660697E+01
 0.49991979655797175E+00   0.54422993689737E+00  -0.60254851277464E+01
 0.49992868759181081E+00   0.58254110290335E+00  -0.53574285866314E+01
 0.49993677657535718E+00   0.62348935593563E+00  -0.47496573277249E+01
 0.49994412244495029E+00   0.66724795322943E+00  -0.41977374791717E+01
 0.49995077552827216E+00   0.71400036739287E+00  -0.36978829860702E+01
 0.49995678010590744E+00   0.76394072444865E+00  -0.32467629599659E+01
 0.49996217670697435E+00   0.81727423678444E+00  -0.28413290651753E+01
 0.49996700391872578E+00   0.87421762670440E+00  -0.24786794610784E+01
 0.49997129965242132E+00   0.93499953566278E+00  -0.21559636204930E+01
 0.49997510189441419E+00   0.99986091361083E+00  -0.18703258380614E+01
 0.49997844901337474E+00   0.10690553822024E+01  -0.16188820929977E+01
 0.49998137971286899E+00   0.11428495648913E+01  -0.13987235588950E+01
 0.49998393272414610E+00   0.12215233762238E+01  -0.12069396326328E+01
 0.49998614633193977E+00   0.13053702618907E+01  -0.10406535099061E+01
 0.49998805781857691E+00   0.13946973803820E+01  -0.89706390019943E+00
 0.49998970289999478E+00   0.14898257163832E+01  -0.77348735308348E+00
 0.49999111521255457E+00   0.15910901154124E+01  -0.66739677273450E+00
 0.49999232589312403E+00   0.16988392286241E+01  -0.57645293065777E+00
 0.49999336327818139E+00   0.18134353562483E+01  -0.49852704248121E+00
 0.49999425273201958E+00   0.19352541778144E+01  -0.43171365171806E+00
 0.49999501660064849E+00   0.20646843571704E+01  -0.37433407534700E+00
 0.49999567427755232E+00   0.22021270103889E+01  -0.32493145111201E+00
 0.49999624236044937E+00   0.23479950249930E+01  -0.28225895200193E+00
 0.49999673487470386E+00   0.25027122195788E+01  -0.24526299662793E+00
 0.49999716353870388E+00   0.26667123339008E+01  -0.21306330930836E+00
 0.49999753804874769E+00   0.28404378408543E+01  -0.18493151625352E+00
 0.49999786636497656E+00   0.30243385735729E+01  -0.16026966438553E+00
 0.49999815498476241E+00   0.32188701630746E+01  -0.13858968332231E+00
 0.49999840919486549E+00   0.34244922845610E+01  -0.11949444278818E+00
 0.49999863329789884E+00   0.36416667135785E+01  -0.10266074033990E+00
 0.49999883081172036E+00   0.38708551967931E+01  -0.87824323148408E-01
 0.49999900464212443E+00   0.41125171460457E+01  -0.74766915508919E-01
 0.49999915722979305E+00   0.43671071685993E+01  -0.63305180159776E-01
 0.49999929067226678E+00   0.46350724509653E+01  -0.53281555986086E-01
 0.49999940682129229E+00   0.49168500183013E+01  -0.44556945548755E-01
 0.49999950735581633E+00   0.52128638959647E+01  -0.37005231933600E-01
 0.49999959383152404E+00   0.55235222042457E+01  -0.30509557527702E-01
 0.49999966770921495E+00   0.58492142214126E+01  -0.24960192442992E-01
 0.49999973036617013E+00   0.61903074538070E+01  -0.20253680649170E-01
 0.49999978309632254E+00   0.65471447546554E+01  -0.16292827030157E-01
 0.49999982710568541E+00   0.69200415353393E+01  -0.12987040833047E-01
 0.49999986350848763E+00   0.73092831139412E+01  -0.10252625834507E-01
 0.49999989332695521E+00   0.77151222458371E+01  -0.80127967692467E-02
 0.49999991749465145E+00   0.81377768798438E+01  -0.61974284213266E-02
 0.49999993686121197E+00   0.85774281809213E+01  -0.47426998508893E-02
 0.49999995219606574E+00   0.90342188566791E+01  -0.35908149670758E-02
 0.49999996419000442E+00   0.95082518200100E+01  -0.26898845688422E-02
 0.49999997345513081E+00   0.99995892142010E+01  -0.19939302316265E-02
 0.49999998052469807E+00   0.10508251820010E+02  -0.14628963758972E-02
 0.49999998585433941E+00   0.11034218856679E+02  -0.10625578707306E-02
 0.49999998982551386E+00   0.11577428180921E+02  -0.76426125204943E-03
 0.49999999275118756E+00   0.12137776879844E+02  -0.54449791512612E-03
 0.49999999488320701E+00   0.12715122245837E+02  -0.38435028756001E-03
 0.49999999642058379E+00   0.13309283113941E+02  -0.26886952523908E-03
 0.49999999751794033E+00   0.13920041535339E+02  -0.18644106892429E-03
 0.49999999829353836E+00   0.14547144754655E+02  -0.12818167077622E-03
 0.49999999883651280E+00   0.15190307453807E+02  -0.87395893665909E-04
 0.49999999921313026E+00   0.15849214221413E+02  -0.59106090639749E-04
 0.49999999947202267E+00   0.16523522204246E+02  -0.39659276479254E-04
 0.49999999964844366E+00   0.17212863895965E+02  -0.26407327288425E-04
 0.49999999999999989E+00   0.17916850018301E+02   0.13322676295502E-14
 0.50000000000000000E+00   0.18635072450965E+02   0.41078251911131E-14
 0.50000000000000000E+00   0.19367107168599E+02   0.47739590058882E-14
 0.50000000000000000E+00   0.20112517146046E+02   0.48294701571194E-14
 0.50000000000000000E+00   0.20870855196793E+02   0.47184478546569E-14
 0.50000000000000000E+00   0.21641666713578E+02   0.45519144009631E-14
 0.50000000000000000E+00   0.22424492284561E+02   0.43853809472694E-14
 0.50000000000000000E+00   0.23218870163075E+02   0.42188474935756E-14
 0.50000000000000000E+00   0.24024338573573E+02   0.41078251911131E-14
 0.50000000000000000E+00   0.24840437840854E+02   0.39968028886506E-14
 0.50000000000000000E+00   0.25666712333901E+02   0.38857805861880E-14
 0.50000000000000000E+00   0.26502712219579E+02   0.37747582837255E-14
 0.50000000000000000E+00   0.27347995024993E+02   0.36082248300318E-14
 0.50000000000000000E+00   0.28202127010389E+02   0.34972025275692E-14
 0.50000000000000000E+00   0.29064684357170E+02   0.34416913763380E-14
 0.50000000000000000E+00   0.29935254177814E+02   0.33306690738755E-14
 0.50000000000000000E+00   0.30813435356248E+02   0.32196467714130E-14
 0.50000000000000000E+00   0.31698839228624E+02   0.31086244689504E-14
 0.50000000000000000E+00   0.32591090115412E+02   0.30253577421036E-14
 0.50000000000000000E+00   0.33489825716383E+02   0.29698465908723E-14
 0.50000000000000000E+00   0.34394697380382E+02   0.28865798640254E-14
 0.50000000000000000E+00   0.35305370261891E+02   0.28033131371785E-14
 0.50000000000000000E+00   0.36221523376224E+02   0.27200464103316E-14
 0.50000000000000000E+00   0.37142849564891E+02   0.26645352591004E-14
 0.50000000000000000E+00   0.38069055382202E+02   0.25812685322535E-14
 0.50000000000000000E+00   0.38999860913611E+02   0.25535129566379E-14
 0.50000000000000000E+00   0.39934999535663E+02   0.24980018054066E-14
 0.50000000000000000E+00   0.40874217626704E+02   0.24424906541753E-14
