 0.15287881107381385E+00   0.97578195523695E-18  -0.85277247408941E+05
 0.15290973652285683E+00   0.29483069282768E-04  -0.85252404472392E+05
 0.15301153531807185E+00   0.61082173640461E-04  -0.85170698711713E+05
 0.15319939984920053E+00   0.94949178290611E-04  -0.85020199956322E+05
 0.15349102346730137E+00   0.13124684686428E-03  -0.84787309334632E+05
 0.15390692306074399E+00   0.17014962340302E-03  -0.84456698782868E+05
 0.15447079739502970E+00   0.21184447044981E-03  -0.84011301938804E+05
 0.15520990598990836E+00   0.25653176725507E-03  -0.83432390967104E+05
 0.15615544370617462E+00   0.30442627240692E-03  -0.82699782987679E+05
 0.15734289621623831E+00   0.35575815550320E-03  -0.81792210476599E+05
 0.15881233454596688E+00   0.41077410281323E-03  -0.80687904694212E+05
 0.16060859316888565E+00   0.46973850223137E-03  -0.79365436578607E+05
 0.16278124782988845E+00   0.53293471320370E-03  -0.77804853468750E+05
 0.16538427581729681E+00   0.60066642771546E-03  -0.75989130446364E+05
 0.16847524036267189E+00   0.67325912886222E-03  -0.73905920335494E+05
 0.17211379828237222E+00   0.75106165399386E-03  -0.71549531965378E+05
 0.17635929762893612E+00   0.83444786992019E-03  -0.68922991594633E+05
 0.18126723379608162E+00   0.92381846820159E-03  -0.66039952117682E+05
 0.18688440692145927E+00   0.10196028891215E-02  -0.62926122920186E+05
 0.19324282264010523E+00   0.11222613835509E-02  -0.59619826164626E+05
 0.20035275180806467E+00   0.12322872225722E-02  -0.56171280821090E+05
 0.20819591920822297E+00   0.13502090654347E-02  -0.52640316651780E+05
 0.21672042249783516E+00   0.14765934971652E-02  -0.49092457406385E+05
 0.22583941170521088E+00   0.16120477479678E-02  -0.45593678662093E+05
 0.23543535247664593E+00   0.17572226074079E-02  -0.42204569958294E+05
 0.24537047608954501E+00   0.19128155473023E-02  -0.38974970651739E+05
 0.25550187048849049E+00   0.20795740682274E-02  -0.35940225806943E+05
 0.26569745455186872E+00   0.22582992856177E-02  -0.33119895452071E+05
 0.27584819452226839E+00   0.24498497725618E-02  -0.30519080144885E+05
 0.28587329517573679E+00   0.26551456776172E-02  -0.28131739689707E+05
 0.29571818196075939E+00   0.28751731372654E-02  -0.25944842028595E+05
 0.30534799518107525E+00   0.31109890040199E-02  -0.23942150262593E+05
 0.31474028924480080E+00   0.33637259126873E-02  -0.22106907086621E+05
 0.32387949658348392E+00   0.36345977088734E-02  -0.20423294810224E+05
 0.33275380152793227E+00   0.39249052655295E-02  -0.18876982492009E+05
 0.34135378879441863E+00   0.42360427151559E-02  -0.17455179566372E+05
 0.34967197922422588E+00   0.45695041272231E-02  -0.16146502029931E+05
 0.35770267505104358E+00   0.49268906624595E-02  -0.14940801350864E+05
 0.36544187339605483E+00   0.53099182378730E-02  -0.13829006063007E+05
 0.37288718071564986E+00   0.57204257387563E-02  -0.12802985144272E+05
 0.38003771724024327E+00   0.61603838164655E-02  -0.11855431461993E+05
 0.38689401236345905E+00   0.66319043134761E-02  -0.10979762125694E+05
 0.39345789347229021E+00   0.71372503601200E-02  -0.10170032958392E+05
 0.39973237064431377E+00   0.76788471905016E-02  -0.94208648006034E+04
 0.40572151938021833E+00   0.82592937283951E-02  -0.87273797805655E+04
 0.41143036324107285E+00   0.88813749974526E-02  -0.80851460211461E+04
 0.41686475794512662E+00   0.95480754138094E-02  -0.74901295250686E+04
 0.42203127816629521E+00   0.10262593023187E-01  -0.69386521989332E+04
 0.42693710798431878E+00   0.11028354748868E-01  -0.64273551531333E+04
 0.43158993568513049E+00   0.11849032721462E-01  -0.59531665565601E+04
 0.43599785342258468E+00   0.12728561766261E-01  -0.55132734371624E+04
 0.44016926215683039E+00   0.13671158129094E-01  -0.51050969053412E+04
 0.44411278231153289E+00   0.14681339527142E-01  -0.47262703387570E+04
 0.44783717077144763E+00   0.15763946616981E-01  -0.43746201056840E+04
 0.45135124518460690E+00   0.16924165978315E-01  -0.40481484218502E+04
 0.45466381699356173E+00   0.18167554718499E-01  -0.37450179393373E+04
 0.45778363502934938E+00   0.19500066809896E-01  -0.34635376717420E+04
 0.46071934149987726E+00   0.20928081279553E-01  -0.32021498981164E+04
 0.46347944125951512E+00   0.22458432378533E-01  -0.29594178013353E+04
 0.46607228293853015E+00   0.24098441866553E-01  -0.27340138132778E+04
 0.46850604716227934E+00   0.25855953556357E-01  -0.25247089241516E+04
 0.47078873434274210E+00   0.27739370271550E-01  -0.23303634261297E+04
 0.47292814484063467E+00   0.29757693381404E-01  -0.21499195083948E+04
 0.47493184887529183E+00   0.31920565086455E-01  -0.19823957277375E+04
 0.47680715038830074E+00   0.34238313639551E-01  -0.18268828357764E+04
 0.47856105389621806E+00   0.36722001698414E-01  -0.16825400999282E+04
 0.48020024331354888E+00   0.39383478017693E-01  -0.15485913202749E+04
 0.48173107751894101E+00   0.42235432700963E-01  -0.14243201280202E+04
 0.48315960205899317E+00   0.45291456246181E-01  -0.13090645976596E+04
 0.48449157233686935E+00   0.48566102631601E-01  -0.12022115190007E+04
 0.48573248171967687E+00   0.52074956703276E-01  -0.11031908075113E+04
 0.48688758785350672E+00   0.55834706139791E-01  -0.10114705241337E+04
 0.48796193150676442E+00   0.59863218284852E-01  -0.92655288234543E+03
 0.48896034415987671E+00   0.64179622153785E-01  -0.84797146752322E+03
 0.48988744333939860E+00   0.68804395935657E-01  -0.77528968027589E+03
 0.49074761849462456E+00   0.73759460328728E-01  -0.70810013013079E+03
 0.49154501483233431E+00   0.79068278063012E-01  -0.64602436410684E+03
 0.49228352650546553E+00   0.84755959979821E-01  -0.58871202777472E+03
 0.49296681012525800E+00   0.90849378054143E-01  -0.53583861133918E+03
 0.49359831981632196E+00   0.97377285761297E-01  -0.48710169876313E+03
 0.49418134709289013E+00   0.10437044620442E+00  -0.44221701194408E+03
 0.49471903818752527E+00   0.11186176843355E+00  -0.40091633038299E+03
 0.49521437661513357E+00   0.11988645240026E+00  -0.36294817476997E+03
 0.49567015076420939E+00   0.12848214300340E+00  -0.32807969398595E+03
 0.49608894095763872E+00   0.13768909369134E+00  -0.29609711075300E+03
 0.49647314375070994E+00   0.14755034009334E+00  -0.26680338854562E+03
 0.49682502413328039E+00   0.15811188415740E+00  -0.24001385327010E+03
 0.49714677123122475E+00   0.16942288927237E+00  -0.21555163143184E+03
 0.49744053358641616E+00   0.18153588684917E+00  -0.19324470704982E+03
 0.49770841957558243E+00   0.19450699482699E+00  -0.17292566686761E+03
 0.49795246168497709E+00   0.20839614855590E+00  -0.15443420499963E+03
 0.49817455846569353E+00   0.22326734448556E+00  -0.13762132231268E+03
 0.49837642396052972E+00   0.23918889705942E+00  -0.12235296186455E+03
 0.49855958320985444E+00   0.25623370917446E+00  -0.10851017142949E+03
 0.49872543094076388E+00   0.27447955651526E+00  -0.95984520669560E+02
 0.49887530636973126E+00   0.29400938600797E+00  -0.84672341769506E+02
 0.49901049974149048E+00   0.31491162856155E+00  -0.74474152782604E+02
 0.49913218402430676E+00   0.33728052616913E+00  -0.65299733660513E+02
 0.49924136068810437E+00   0.36121647332923E+00  -0.57072136221671E+02
 0.49933887996274234E+00   0.38682637261280E+00  -0.49726086411117E+02
 0.49942551356465403E+00   0.41422400404472E+00  -0.43202452058518E+02
 0.49950202963802937E+00   0.44353040778554E+00  -0.37442564037140E+02
 0.49956923777513590E+00   0.47487427938818E+00  -0.32384803539176E+02
 0.49962799624897597E+00   0.50839237666158E+00  -0.27964038824216E+02
 0.49967918901752911E+00   0.54422993689737E+00  -0.24113336589057E+02
 0.49972368695437885E+00   0.58254110290335E+00  -0.20766858195269E+02
 0.49976230880263112E+00   0.62348935593563E+00  -0.17862775587403E+02
 0.49979579433609800E+00   0.66724795322943E+00  -0.15345269825912E+02
 0.49982479597886464E+00   0.71400036739287E+00  -0.13165144040424E+02
 0.49984988648563033E+00   0.76394072444865E+00  -0.11279232207791E+02
 0.49987157248370384E+00   0.81727423678444E+00  -0.96493706172491E+01
 0.49989030306102245E+00   0.87421762670440E+00  -0.82417443600177E+01
 0.49990647109159192E+00   0.93499953566278E+00  -0.70267815114163E+01
 0.49992041352137762E+00   0.99986091361083E+00  -0.59791267672258E+01
 0.49993241631522084E+00   0.10690553822024E+01  -0.50772659362546E+01
 0.49994272373192589E+00   0.11428495648913E+01  -0.43028261947580E+01
 0.49995154816526993E+00   0.12215233762238E+01  -0.36398346272491E+01
 0.49995907762602176E+00   0.13053702618907E+01  -0.30741545997691E+01
 0.49996548018814546E+00   0.13946973803820E+01  -0.25931506192085E+01
 0.49997090622495627E+00   0.14898257163832E+01  -0.21855195011237E+01
 0.49997548964629074E+00   0.15910901154124E+01  -0.18411967800902E+01
 0.49997934903149066E+00   0.16988392286241E+01  -0.15512710942837E+01
 0.49998258900631387E+00   0.18134353562483E+01  -0.13078803634185E+01
 0.49998530175974054E+00   0.19352541778144E+01  -0.11040975520734E+01
 0.49998756841086350E+00   0.20646843571704E+01  -0.93382776880632E+00
 0.49998946002990496E+00   0.22021270103889E+01  -0.79173140371530E+00
 0.49999103834872094E+00   0.23479950249930E+01  -0.67317063364555E+00
 0.49999235636157513E+00   0.25027122195788E+01  -0.57416420215105E+00
 0.49999345900945757E+00   0.26667123339008E+01  -0.49133594810989E+00
 0.49999438401457696E+00   0.28404378408543E+01  -0.42185207251352E+00
 0.49999516280904055E+00   0.30243385735729E+01  -0.36335134414520E+00
 0.49999582145499377E+00   0.32188701630746E+01  -0.31387595747350E+00
 0.49999638147470393E+00   0.34244922845610E+01  -0.27180916265421E+00
 0.49999686055585590E+00   0.36416667135785E+01  -0.23582227456105E+00
 0.49999727313652359E+00   0.38708551967931E+01  -0.20483072379860E+00
 0.49999763089427396E+00   0.41125171460457E+01  -0.17795731145995E+00
 0.49999794316728435E+00   0.43671071685993E+01  -0.15450057259946E+00
 0.49999821732945254E+00   0.46350724509653E+01  -0.13390659672513E+00
 0.49999845913263707E+00   0.49168500183013E+01  -0.11574331824085E+00
 0.49999867302122802E+00   0.52128638959647E+01  -0.99676885912013E-01
 0.49999886241880342E+00   0.55235222042457E+01  -0.85450129547857E-01
 0.49999902998376627E+00   0.58492142214126E+01  -0.72863357031274E-01
 0.49999917782998521E+00   0.61903074538070E+01  -0.61757780318890E-01
 0.49999930770889317E+00   0.65471447546554E+01  -0.52001836725147E-01
 0.49999942115078294E+00   0.69200415353393E+01  -0.43480575232381E-01
 0.49999951956501892E+00   0.73092831139412E+01  -0.36088128896729E-01
 0.49999960430149465E+00   0.77151222458371E+01  -0.29723098350949E-01
 0.49999967667867773E+00   0.81377768798438E+01  -0.24286445111693E-01
 0.49999973798643205E+00   0.85774281809213E+01  -0.19681279548825E-01
 0.49999978947361984E+00   0.90342188566791E+01  -0.15813792100765E-01
 0.49999983233040951E+00   0.95082518200100E+01  -0.12594582228529E-01
 0.49999986767290600E+00   0.99995892142010E+01  -0.99398127776222E-02
 0.49999989653384591E+00   0.10508251820010E+02  -0.77719090146857E-02
 0.49999991985918452E+00   0.11034218856679E+02  -0.60198148745512E-02
 0.49999993850810098E+00   0.11577428180921E+02  -0.46189925723903E-02
 0.49999995325383423E+00   0.12137776879844E+02  -0.35113598338574E-02
 0.49999996478413922E+00   0.12715122245837E+02  -0.26452555637988E-02
 0.49999997370168464E+00   0.13309283113941E+02  -0.19754099871321E-02
 0.49999998052545225E+00   0.13920041535339E+02  -0.14628395232501E-02
 0.49999998569404253E+00   0.14547144754655E+02  -0.10745984880005E-02
 0.49999998957116121E+00   0.15190307453807E+02  -0.78336694274483E-03
 0.49999999245294402E+00   0.15849214221413E+02  -0.56690050998842E-03
 0.49999999457642069E+00   0.16523522204246E+02  -0.40739459991457E-03
 0.49999999612835178E+00   0.17212863895965E+02  -0.29082059428021E-03
 0.49999999725379562E+00   0.17916850018301E+02  -0.20628237790365E-03
 0.49999999806395867E+00   0.18635072450965E+02  -0.14542660851635E-03
 0.49999999864308631E+00   0.19367107168599E+02  -0.10192517980423E-03
 0.49999999905430420E+00   0.20112517146046E+02  -0.71036358534116E-04
 0.49999999934443817E+00   0.20870855196793E+02  -0.49242820462592E-04
 0.49999999954789764E+00   0.21641666713578E+02  -0.33959870127553E-04
 0.49999999968974734E+00   0.22424492284561E+02  -0.23304765270460E-04
 0.50000000000000000E+00   0.23218870163075E+02   0.85003115657400E-11
 0.50000000000000000E+00   0.24024338573573E+02   0.82183149174853E-11
 0.50000000000000000E+00   0.24840437840854E+02   0.79487527671063E-11
 0.50000000000000000E+00   0.25666712333901E+02   0.76934014714425E-11
 0.50000000000000000E+00   0.26502712219579E+02   0.74504846736545E-11
 0.50000000000000000E+00   0.27347995024993E+02   0.72208905521620E-11
 0.50000000000000000E+00   0.28202127010389E+02   0.70019545717059E-11
 0.50000000000000000E+00   0.29064684357170E+02   0.67941208214961E-11
 0.50000000000000000E+00   0.29935254177814E+02   0.65965011231128E-11
 0.50000000000000000E+00   0.30813435356248E+02   0.64090954765561E-11
 0.50000000000000000E+00   0.31698839228624E+02   0.62292393465668E-11
 0.50000000000000000E+00   0.32591090115412E+02   0.60587090899844E-11
 0.50000000000000000E+00   0.33489825716383E+02   0.58961724391793E-11
 0.50000000000000000E+00   0.34394697380382E+02   0.57411853049416E-11
 0.50000000000000000E+00   0.35305370261891E+02   0.55933035980615E-11
 0.50000000000000000E+00   0.36221523376224E+02   0.54516391401194E-11
 0.50000000000000000E+00   0.37142849564891E+02   0.53166360203249E-11
 0.50000000000000000E+00   0.38069055382202E+02   0.51874060602586E-11
 0.50000000000000000E+00   0.38999860913611E+02   0.50637272153153E-11
 0.50000000000000000E+00   0.39934999535663E+02   0.49449333516804E-11
 0.50000000000000000E+00   0.40874217626704E+02   0.48310244693539E-11
