 0.34493269924176945E+00   0.97578195523695E-18  -0.16884383450667E+05
 0.34496376617896529E+00   0.29483069282768E-04  -0.16879480472676E+05
 0.34506597165035535E+00   0.61082173640461E-04  -0.16863356654839E+05
 0.34525439329572044E+00   0.94949178290611E-04  -0.16833656494336E+05
 0.34554637397164756E+00   0.13124684686428E-03  -0.16787696717857E+05
 0.34596171672415449E+00   0.17014962340302E-03  -0.16722452563723E+05
 0.34652284599393846E+00   0.21184447044981E-03  -0.16634555906498E+05
 0.34725490799376157E+00   0.25653176725507E-03  -0.16520310972660E+05
 0.34818577349772861E+00   0.30442627240692E-03  -0.16375734750133E+05
 0.34934589619144996E+00   0.35575815550320E-03  -0.16196630205495E+05
 0.35076796593854531E+00   0.41077410281323E-03  -0.15978701379679E+05
 0.35248628341090504E+00   0.46973850223137E-03  -0.15717719345438E+05
 0.35453577110592471E+00   0.53293471320370E-03  -0.15409746528696E+05
 0.35695053078885736E+00   0.60066642771546E-03  -0.15051423124319E+05
 0.35976186554354878E+00   0.67325912886222E-03  -0.14640312448848E+05
 0.36299571606241704E+00   0.75106165399386E-03  -0.14175291340976E+05
 0.36666952844404932E+00   0.83444786992019E-03  -0.13656956973363E+05
 0.37078868788821356E+00   0.92381846820159E-03  -0.13088003624333E+05
 0.37534282672781016E+00   0.10196028891215E-02  -0.12473504849438E+05
 0.38030253643448725E+00   0.11222613835509E-02  -0.11821023252977E+05
 0.38561723883140697E+00   0.12322872225722E-02  -0.11140469177243E+05
 0.39121511252374552E+00   0.13502090654347E-02  -0.10443649538072E+05
 0.39700589496865624E+00   0.14765934971652E-02  -0.97434948171556E+04
 0.40288695800150087E+00   0.16120477479678E-02  -0.90530244884148E+04
 0.40875224819503625E+00   0.17572226074079E-02  -0.83841948783022E+04
 0.41450266187198931E+00   0.19128155473023E-02  -0.77468405187807E+04
 0.42005560086984989E+00   0.20795740682274E-02  -0.71479352284625E+04
 0.42535134206974834E+00   0.22582992856177E-02  -0.65913373887674E+04
 0.43035473142367509E+00   0.24498497725618E-02  -0.60780515754415E+04
 0.43505231502206365E+00   0.26551456776172E-02  -0.56068835595068E+04
 0.43944655932012699E+00   0.28751731372654E-02  -0.51752591516006E+04
 0.44354946837503711E+00   0.31109890040199E-02  -0.47799716260629E+04
 0.44737742732208968E+00   0.33637259126873E-02  -0.44177115359316E+04
 0.45094798086978605E+00   0.36345977088734E-02  -0.40853548757157E+04
 0.45427827677212729E+00   0.39249052655295E-02  -0.37800710773330E+04
 0.45738451279694559E+00   0.42360427151559E-02  -0.34993336102262E+04
 0.46028182767018405E+00   0.45695041272231E-02  -0.32408935927679E+04
 0.46298433498099578E+00   0.49268906624595E-02  -0.30027460518037E+04
 0.46550518763889609E+00   0.53099182378730E-02  -0.27830986906993E+04
 0.46785664348083345E+00   0.57204257387563E-02  -0.25803449612268E+04
 0.47005012690517589E+00   0.61603838164655E-02  -0.23930410994433E+04
 0.47209628619013966E+00   0.66319043134761E-02  -0.22198865007422E+04
 0.47400504676254013E+00   0.71372503601200E-02  -0.20597068819935E+04
 0.47578566071193507E+00   0.76788471905016E-02  -0.19114397775012E+04
 0.47744675282479643E+00   0.82592937283951E-02  -0.17741219977765E+04
 0.47899636339210483E+00   0.88813749974526E-02  -0.16468787461278E+04
 0.48044198802432014E+00   0.95480754138094E-02  -0.15289141411598E+04
 0.48179061468993567E+00   0.10262593023187E-01  -0.14195029361796E+04
 0.48304875817764609E+00   0.11028354748868E-01  -0.13179832613597E+04
 0.48422249216738678E+00   0.11849032721462E-01  -0.12237502429432E+04
 0.48531747908203143E+00   0.12728561766261E-01  -0.11362503770804E+04
 0.48633899787923751E+00   0.13671158129094E-01  -0.10549765550610E+04
 0.48729196993170970E+00   0.14681339527142E-01  -0.97946365255093E+03
 0.48818098313390912E+00   0.15763946616981E-01  -0.90928460858182E+03
 0.48901031436387471E+00   0.16924165978315E-01  -0.84404693097489E+03
 0.48978395042026279E+00   0.18167554718499E-01  -0.78338957401834E+03
 0.49050560754683753E+00   0.19500066809896E-01  -0.72698014187197E+03
 0.49117874964939501E+00   0.20928081279553E-01  -0.67451237761546E+03
 0.49180660530334203E+00   0.22458432378533E-01  -0.62570390329578E+03
 0.49239218364379883E+00   0.24098441866553E-01  -0.58029418094368E+03
 0.49293828922402338E+00   0.25855953556357E-01  -0.53804266846135E+03
 0.49344753592203311E+00   0.27739370271550E-01  -0.49872714765648E+03
 0.49392235996941686E+00   0.29757693381404E-01  -0.46214220461169E+03
 0.49436503217031635E+00   0.31920565086455E-01  -0.42809784511914E+03
 0.49477766937229789E+00   0.34238313639551E-01  -0.39641823015067E+03
 0.49516224524418301E+00   0.36722001698414E-01  -0.36694051833476E+03
 0.49552060040874557E+00   0.39383478017693E-01  -0.33951380422537E+03
 0.49585445197042655E+00   0.42235432700963E-01  -0.31399814281556E+03
 0.49616540246982999E+00   0.45291456246181E-01  -0.29026365230284E+03
 0.49645494828776932E+00   0.48566102631601E-01  -0.26818968857730E+03
 0.49672448751217158E+00   0.52074956703276E-01  -0.24766408628632E+03
 0.49697532727145621E+00   0.55834706139791E-01  -0.22858246263231E+03
 0.49720869052851385E+00   0.59863218284852E-01  -0.21084758126375E+03
 0.49742572232070753E+00   0.64179622153785E-01  -0.19436877469410E+03
 0.49762749542426632E+00   0.68804395935657E-01  -0.17906142457224E+03
 0.49781501541721690E+00   0.73759460328728E-01  -0.16484649975483E+03
 0.49798922511521615E+00   0.79068278063012E-01  -0.15165015237927E+03
 0.49815100836158899E+00   0.84755959979821E-01  -0.13940337184254E+03
 0.49830119316980048E+00   0.90849378054143E-01  -0.12804169551638E+03
 0.49844055424815159E+00   0.97377285761297E-01  -0.11750497282721E+03
 0.49856981498904107E+00   0.10437044620442E+00  -0.10773717552753E+03
 0.49868964908608882E+00   0.11186176843355E+00  -0.98686241031294E+02
 0.49880068205662043E+00   0.11988645240026E+00  -0.90303927219610E+02
 0.49890349308647419E+00   0.12848214300340E+00  -0.82545646753520E+02
 0.49899861773683690E+00   0.13768909369134E+00  -0.75370239825210E+02
 0.49908655205502450E+00   0.14755034009334E+00  -0.68739644250632E+02
 0.49916775834473648E+00   0.15811188415740E+00  -0.62618443490707E+02
 0.49924267214012830E+00   0.16942288927237E+00  -0.56973326787217E+02
 0.49931170893003146E+00   0.18153588684917E+00  -0.51772570663792E+02
 0.49937526851494851E+00   0.19450699482699E+00  -0.46985700797794E+02
 0.49943373536730090E+00   0.20839614855590E+00  -0.42583456309511E+02
 0.49948747512243519E+00   0.22326734448556E+00  -0.38538046198107E+02
 0.49953682925817311E+00   0.23918889705942E+00  -0.34823542585232E+02
 0.49958211071658659E+00   0.25623370917446E+00  -0.31416203429811E+02
 0.49962360237195791E+00   0.27447955651526E+00  -0.28294581619417E+02
 0.49966155874612617E+00   0.29400938600797E+00  -0.25439390502943E+02
 0.49969621022255734E+00   0.31491162856155E+00  -0.22833182350422E+02
 0.49972776856620515E+00   0.33728052616913E+00  -0.20459929495661E+02
 0.49975643263124320E+00   0.36121647332923E+00  -0.18304592148517E+02
 0.49978239342734376E+00   0.38682637261280E+00  -0.16352735087363E+02
 0.49980583802154688E+00   0.41422400404472E+00  -0.14590232382269E+02
 0.49982695200557159E+00   0.44353040778554E+00  -0.13003080302306E+02
 0.49984592045235943E+00   0.47487427938818E+00  -0.11577324008972E+02
 0.49986292743418442E+00   0.50839237666158E+00  -0.10299092506441E+02
 0.49987815428922416E+00   0.54422993689737E+00  -0.91547277433324E+01
 0.49989177690922437E+00   0.58254110290335E+00  -0.81309873457913E+01
 0.49990396237994866E+00   0.62348935593563E+00  -0.72152960455696E+01
 0.49991486534414342E+00   0.66724795322943E+00  -0.63960180226848E+01
 0.49992462449341690E+00   0.71400036739287E+00  -0.56627196348981E+01
 0.49993335967948771E+00   0.76394072444865E+00  -0.50063856942287E+01
 0.49994117035252505E+00   0.81727423678444E+00  -0.44195361285112E+01
 0.49994813644273228E+00   0.87421762670440E+00  -0.38961591846063E+01
 0.49995432312789129E+00   0.93499953566278E+00  -0.34313528024391E+01
 0.49995979003935254E+00   0.99986091361083E+00  -0.30206326763971E+01
 0.49996460194057973E+00   0.10690553822024E+01  -0.26591298313721E+01
 0.49996883386532454E+00   0.11428495648913E+01  -0.23412045270470E+01
 0.49997256604946028E+00   0.12215233762238E+01  -0.20608269333879E+01
 0.49997587306265290E+00   0.13053702618907E+01  -0.18123934925019E+01
 0.49997881578970127E+00   0.13946973803820E+01  -0.15913291588413E+01
 0.49998143991400168E+00   0.14898257163832E+01  -0.13942011814614E+01
 0.49998377886845469E+00   0.15910901154124E+01  -0.12184973157558E+01
 0.49998585805831508E+00   0.16988392286241E+01  -0.10623085249191E+01
 0.49998769849164454E+00   0.18134353562483E+01  -0.92405621408255E+00
 0.49998931925110901E+00   0.19352541778144E+01  -0.80230652257173E+00
 0.49999073887958800E+00   0.20646843571704E+01  -0.69566622081136E+00
 0.49999197595045608E+00   0.22021270103889E+01  -0.60273985897423E+00
 0.49999304910416681E+00   0.23479950249930E+01  -0.52212700821920E+00
 0.49999397678429380E+00   0.25027122195788E+01  -0.45244207900402E+00
 0.49999477684684057E+00   0.26667123339008E+01  -0.39234365966497E+00
 0.49999546616169038E+00   0.28404378408543E+01  -0.34056444606802E+00
 0.49999606027882382E+00   0.30243385735729E+01  -0.29593630697781E+00
 0.49999657319546414E+00   0.32188701630746E+01  -0.25740776909518E+00
 0.49999701723357587E+00   0.34244922845610E+01  -0.22405321375450E+00
 0.49999740301941531E+00   0.36416667135785E+01  -0.19507440892430E+00
 0.49999773954682086E+00   0.38708551967931E+01  -0.16979575192658E+00
 0.49999803430197820E+00   0.41125171460457E+01  -0.14765489506957E+00
 0.49999829342769980E+00   0.43671071685993E+01  -0.12819040391184E+00
 0.49999852190808192E+00   0.46350724509653E+01  -0.11102788522118E+00
 0.49999872375832699E+00   0.49168500183013E+01  -0.95865727372701E-01
 0.49999890220846488E+00   0.52128638959647E+01  -0.82461299258906E-01
 0.49999905987306614E+00   0.55235222042457E+01  -0.70618201689149E-01
 0.49999919890158367E+00   0.58492142214126E+01  -0.60174974061692E-01
 0.49999932110580231E+00   0.61903074538070E+01  -0.50995520607186E-01
 0.49999942806232917E+00   0.65471447546554E+01  -0.42961411633463E-01
 0.49999952118945790E+00   0.69200415353393E+01  -0.35966109664612E-01
 0.49999960179934522E+00   0.73092831139412E+01  -0.29911050164096E-01
 0.49999967112824306E+00   0.77151222458371E+01  -0.24703370429267E-01
 0.49999973034931466E+00   0.81377768798438E+01  -0.20254946974808E-01
 0.49999978057382316E+00   0.85774281809213E+01  -0.16482306140784E-01
 0.49999982284675037E+00   0.90342188566791E+01  -0.13306953177561E-01
 0.49999985814186332E+00   0.95082518200100E+01  -0.10655742786861E-01
 0.49999988735914569E+00   0.99995892142010E+01  -0.84610720048923E-02
 0.49999991132512200E+00   0.10508251820010E+02  -0.66608558936307E-02
 0.49999993079489174E+00   0.11034218856679E+02  -0.51983746684581E-02
 0.49999994645425266E+00   0.11577428180921E+02  -0.40221142458692E-02
 0.49999995892093790E+00   0.12137776879844E+02  -0.30856732316011E-02
 0.49999996874503927E+00   0.12715122245837E+02  -0.23477311983315E-02
 0.49999997640941046E+00   0.13309283113941E+02  -0.17720183422152E-02
 0.49999998233097875E+00   0.13920041535339E+02  -0.13272169398602E-02
 0.49999998686355435E+00   0.14547144754655E+02  -0.98675039454577E-03
 0.49999999030222830E+00   0.15190307453807E+02  -0.72845277957778E-03
 0.49999999288905833E+00   0.15849214221413E+02  -0.53414182672096E-03
 0.49999999481952923E+00   0.16523522204246E+02  -0.38913359209702E-03
 0.49999999624925856E+00   0.17212863895965E+02  -0.28173879148963E-03
 0.49999999730050237E+00   0.17916850018301E+02  -0.20277410628489E-03
 0.49999999806815232E+00   0.18635072450965E+02  -0.14511171342924E-03
 0.49999999862504618E+00   0.19367107168599E+02  -0.10328036165930E-03
 0.49999999902652309E+00   0.20112517146046E+02  -0.73123230399430E-04
 0.49999999931422889E+00   0.20870855196793E+02  -0.51512064355053E-04
 0.49999999951922780E+00   0.21641666713578E+02  -0.36113466432841E-04
 0.49999999966449882E+00   0.22424492284561E+02  -0.25201364023175E-04
 0.49999999999999989E+00   0.23218870163075E+02   0.20095036745715E-13
 0.50000000000000000E+00   0.24024338573573E+02   0.23647750424516E-13
 0.50000000000000000E+00   0.24840437840854E+02   0.24313884239291E-13
 0.50000000000000000E+00   0.25666712333901E+02   0.23980817331903E-13
 0.50000000000000000E+00   0.26502712219579E+02   0.23425705819591E-13
 0.50000000000000000E+00   0.27347995024993E+02   0.22759572004816E-13
 0.50000000000000000E+00   0.28202127010389E+02   0.22093438190041E-13
 0.50000000000000000E+00   0.29064684357170E+02   0.21316282072803E-13
 0.50000000000000000E+00   0.29935254177814E+02   0.20650148258028E-13
 0.50000000000000000E+00   0.30813435356248E+02   0.20150547896947E-13
 0.50000000000000000E+00   0.31698839228624E+02   0.19539925233403E-13
 0.50000000000000000E+00   0.32591090115412E+02   0.19040324872321E-13
 0.50000000000000000E+00   0.33489825716383E+02   0.18540724511240E-13
 0.50000000000000000E+00   0.34394697380382E+02   0.18041124150159E-13
 0.50000000000000000E+00   0.35305370261891E+02   0.17541523789077E-13
 0.50000000000000000E+00   0.36221523376224E+02   0.17097434579227E-13
 0.50000000000000000E+00   0.37142849564891E+02   0.16653345369377E-13
 0.50000000000000000E+00   0.38069055382202E+02   0.16375789613221E-13
 0.50000000000000000E+00   0.38999860913611E+02   0.15931700403371E-13
 0.50000000000000000E+00   0.39934999535663E+02   0.15598633495983E-13
 0.50000000000000000E+00   0.40874217626704E+02   0.15154544286133E-13
