 0.14496257297770515E+00   0.97578195523695E-18  -0.91985123242738E+05
 0.14499257403683222E+00   0.29483069282768E-04  -0.91958318953794E+05
 0.14509133379732952E+00   0.61082173640461E-04  -0.91870160868796E+05
 0.14527359704760731E+00   0.94949178290611E-04  -0.91707777966160E+05
 0.14555654623844830E+00   0.13124684686428E-03  -0.91456497125205E+05
 0.14596011808432383E+00   0.17014962340302E-03  -0.91099779748386E+05
 0.14650735942430221E+00   0.21184447044981E-03  -0.90619212019924E+05
 0.14722480722618819E+00   0.25653176725507E-03  -0.89994587215206E+05
 0.14814286799172446E+00   0.30442627240692E-03  -0.89204128781073E+05
 0.14929618519767807E+00   0.35575815550320E-03  -0.88224889864616E+05
 0.15072395515387516E+00   0.41077410281323E-03  -0.87033382862849E+05
 0.15247013950825516E+00   0.46973850223137E-03  -0.85606486715262E+05
 0.15458349474743685E+00   0.53293471320370E-03  -0.83922673405631E+05
 0.15711730613530356E+00   0.60066642771546E-03  -0.81963573921773E+05
 0.16012867227178931E+00   0.67325912886222E-03  -0.79715866459158E+05
 0.16367714239840814E+00   0.75106165399386E-03  -0.77173410911186E+05
 0.16782247245533494E+00   0.83444786992019E-03  -0.74339473085615E+05
 0.17262126037867490E+00   0.92381846820159E-03  -0.71228784679414E+05
 0.17812228400050378E+00   0.10196028891215E-02  -0.67869086045651E+05
 0.18436054858382422E+00   0.11222613835509E-02  -0.64301726403820E+05
 0.19135040821315799E+00   0.12322872225722E-02  -0.60580891327724E+05
 0.19907867017343073E+00   0.13502090654347E-02  -0.56771136207066E+05
 0.20749923236672752E+00   0.14765934971652E-02  -0.52943160146814E+05
 0.21653127364771677E+00   0.16120477479678E-02  -0.49168149859359E+05
 0.22606288214039427E+00   0.17572226074079E-02  -0.45511480816045E+05
 0.23596086627720853E+00   0.19128155473023E-02  -0.42026929526390E+05
 0.24608538429892540E+00   0.20795740682274E-02  -0.38752633770100E+05
 0.25630577199923293E+00   0.22582992856177E-02  -0.35709699906960E+05
 0.26651294208374232E+00   0.24498497725618E-02  -0.32903633071201E+05
 0.27662496788302698E+00   0.26551456776172E-02  -0.30327917886418E+05
 0.28658548827391184E+00   0.28751731372654E-02  -0.27968494899631E+05
 0.29635752035904789E+00   0.31109890040199E-02  -0.25807846572890E+05
 0.30591633724082190E+00   0.33637259126873E-02  -0.23827893633688E+05
 0.31524401037160238E+00   0.36345977088734E-02  -0.22011570338035E+05
 0.32432631860191735E+00   0.39249052655295E-02  -0.20343414770484E+05
 0.33315142359158206E+00   0.42360427151559E-02  -0.18809626671539E+05
 0.34170943439785711E+00   0.45695041272231E-02  -0.17397923026043E+05
 0.34999228226565615E+00   0.49268906624595E-02  -0.16097353433568E+05
 0.35799366166288404E+00   0.53099182378730E-02  -0.14898129169981E+05
 0.36570896892400190E+00   0.57204257387563E-02  -0.13791475761440E+05
 0.37313522707047053E+00   0.61603838164655E-02  -0.12769507221588E+05
 0.38027099763763333E+00   0.66319043134761E-02  -0.11825118547112E+05
 0.38711628200785619E+00   0.71372503601200E-02  -0.10951893467010E+05
 0.39367241477327858E+00   0.76788471905016E-02  -0.10144024983692E+05
 0.39994195146253597E+00   0.82592937283951E-02  -0.93962466961888E+04
 0.40592855272297934E+00   0.88813749974526E-02  -0.87037732584266E+04
 0.41163686678344563E+00   0.95480754138094E-02  -0.80622486164220E+04
 0.41707241175727983E+00   0.10262593023187E-01  -0.74677009015482E+04
 0.42224145910882360E+00   0.11028354748868E-01  -0.69165030430830E+04
 0.42715091943102668E+00   0.11849032721462E-01  -0.64053383094639E+04
 0.43180823160406046E+00   0.12728561766261E-01  -0.59311700989403E+04
 0.43622125646393778E+00   0.13671158129094E-01  -0.54912153798523E+04
 0.44039817633698475E+00   0.14681339527142E-01  -0.50829212314253E+04
 0.44434740218491686E+00   0.15763946616981E-01  -0.47039439629094E+04
 0.44807749055829055E+00   0.16924165978315E-01  -0.43521303043682E+04
 0.45159707280266864E+00   0.18167554718499E-01  -0.40255001920491E+04
 0.45491479850921857E+00   0.19500066809896E-01  -0.37222307567706E+04
 0.45803929346427547E+00   0.20928081279553E-01  -0.34406413099598E+04
 0.46097912914624106E+00   0.22458432378533E-01  -0.31791794144827E+04
 0.46374279712233846E+00   0.24098441866553E-01  -0.29364084333053E+04
 0.46633867988879568E+00   0.25855953556357E-01  -0.27109970694317E+04
 0.46877501215827555E+00   0.27739370271550E-01  -0.25017111682783E+04
 0.47105983313726751E+00   0.29757693381404E-01  -0.23074075009063E+04
 0.47320093728090928E+00   0.31920565086455E-01  -0.21270287108238E+04
 0.47520583395245636E+00   0.34238313639551E-01  -0.19595984388994E+04
 0.47708172398314996E+00   0.36722001698414E-01  -0.18042159121951E+04
 0.47883549559200095E+00   0.39383478017693E-01  -0.16600497736788E+04
 0.48047373675556559E+00   0.42235432700963E-01  -0.15263313675561E+04
 0.48200275777930701E+00   0.45291456246181E-01  -0.14023479430258E+04
 0.48342861667207165E+00   0.48566102631601E-01  -0.12874363043077E+04
 0.48475714036433104E+00   0.52074956703276E-01  -0.11809773780777E+04
 0.48599393632332366E+00   0.55834706139791E-01  -0.10823920378526E+04
 0.48714439155914691E+00   0.59863218284852E-01  -0.99113833106420E+03
 0.48821365951681467E+00   0.64179622153785E-01  -0.90670998783288E+03
 0.48920663998551572E+00   0.68804395935657E-01  -0.82863574439519E+03
 0.49012796224061855E+00   0.73759460328728E-01  -0.75647864179396E+03
 0.49098198451524011E+00   0.79068278063012E-01  -0.68983426540548E+03
 0.49177281840608361E+00   0.84755959979821E-01  -0.62832726572894E+03
 0.49250437119745183E+00   0.90849378054143E-01  -0.57160671887124E+03
 0.49318038023186989E+00   0.97377285761297E-01  -0.51934231912025E+03
 0.49380441320050927E+00   0.10437044620442E+00  -0.47122337111047E+03
 0.49437983667719182E+00   0.11186176843355E+00  -0.42696033423577E+03
 0.49490978594163343E+00   0.11988645240026E+00  -0.38628633743466E+03
 0.49539716876768231E+00   0.12848214300340E+00  -0.34895616399128E+03
 0.49584470856147256E+00   0.13768909369134E+00  -0.31474232544699E+03
 0.49625500657843430E+00   0.14755034009334E+00  -0.28342979387677E+03
 0.49663059457197617E+00   0.15811188415740E+00  -0.25481157002912E+03
 0.49697395530938338E+00   0.16942288927237E+00  -0.22868677567795E+03
 0.49728750172098091E+00   0.18153588684917E+00  -0.20486193481551E+03
 0.49757352224217910E+00   0.19450699482699E+00  -0.18315483841543E+03
 0.49783411876869044E+00   0.20839614855590E+00  -0.16339897336811E+03
 0.49807117890803598E+00   0.22326734448556E+00  -0.14544536226981E+03
 0.49828641536664614E+00   0.23918889705942E+00  -0.12915935118548E+03
 0.49848144803792621E+00   0.25623370917446E+00  -0.11441421902692E+03
 0.49865784075748276E+00   0.27447955651526E+00  -0.10108826374692E+03
 0.49881704734893922E+00   0.29400938600797E+00  -0.89068762347427E+02
 0.49896034021577973E+00   0.31491162856155E+00  -0.78257246117459E+02
 0.49908881051708354E+00   0.33728052616913E+00  -0.68569377738015E+02
 0.49920344113106307E+00   0.36121647332923E+00  -0.59929361425106E+02
 0.49930519778733218E+00   0.38682637261280E+00  -0.52263013633973E+02
 0.49939509167095286E+00   0.41422400404472E+00  -0.45493006378355E+02
 0.49947419537817661E+00   0.44353040778554E+00  -0.39537634863754E+02
 0.49954361664353236E+00   0.47487427938818E+00  -0.34312765899467E+02
 0.49960444678302163E+00   0.50839237666158E+00  -0.29735686451894E+02
 0.49965770559248762E+00   0.54422993689737E+00  -0.25729216250343E+02
 0.49970430329263443E+00   0.58254110290335E+00  -0.22224538019331E+02
 0.49974503257955472E+00   0.62348935593563E+00  -0.19161766650424E+02
 0.49978058817532250E+00   0.66724795322943E+00  -0.16488455944226E+02
 0.49981159278646381E+00   0.71400036739287E+00  -0.14157629550364E+02
 0.49983860632911453E+00   0.76394072444865E+00  -0.12127074499777E+02
 0.49986211834205702E+00   0.81727423678444E+00  -0.10359901216127E+02
 0.49988254308806768E+00   0.87421762670440E+00  -0.88249032088641E+01
 0.49990022904380654E+00   0.93499953566278E+00  -0.74958371272750E+01
 0.49991547744339848E+00   0.99986091361083E+00  -0.63500242651363E+01
 0.49992855956304394E+00   0.10690553822024E+01  -0.53670482215372E+01
 0.49993972724214047E+00   0.11428495648913E+01  -0.45279618318176E+01
 0.49994921658863911E+00   0.12215233762238E+01  -0.38150068450272E+01
 0.49995724739074521E+00   0.13053702618907E+01  -0.32116565756970E+01
 0.49996402098412623E+00   0.13946973803820E+01  -0.27027748573684E+01
 0.49996971847389504E+00   0.14898257163832E+01  -0.22747485646748E+01
 0.49997450015805373E+00   0.15910901154124E+01  -0.19155300792083E+01
 0.49997850617900752E+00   0.16988392286241E+01  -0.16145876833779E+01
 0.49998185799239248E+00   0.18134353562483E+01  -0.13627947153176E+01
 0.49998466016544085E+00   0.19352541778144E+01  -0.11522940986770E+01
 0.49998700217159409E+00   0.20646843571704E+01  -0.97636325548937E+00
 0.49998896006222565E+00   0.22021270103889E+01  -0.82928832705647E+00
 0.49999059803557111E+00   0.23479950249930E+01  -0.70624617339290E+00
 0.49999196994876982E+00   0.25027122195788E+01  -0.60319068785508E+00
 0.49999312077747032E+00   0.26667123339008E+01  -0.51674308156581E+00
 0.49999408798470668E+00   0.28404378408543E+01  -0.44408900533423E+00
 0.49999490275015224E+00   0.30243385735729E+01  -0.38288617560222E+00
 0.49999559102816415E+00   0.32188701630746E+01  -0.33118487243759E+00
 0.49999617442920530E+00   0.34244922845610E+01  -0.28736171254434E+00
 0.49999667093980377E+00   0.36416667135785E+01  -0.25006555637335E+00
 0.49999709550650784E+00   0.38708551967931E+01  -0.21817363510078E+00
 0.49999746051118443E+00   0.41125171460457E+01  -0.19075584205960E+00
 0.49999777616224167E+00   0.43671071685993E+01  -0.16704534153756E+00
 0.49999805082196774E+00   0.46350724509653E+01  -0.14641397744174E+00
 0.49999829128580303E+00   0.49168500183013E+01  -0.12835129349704E+00
 0.49999850302550453E+00   0.52128638959647E+01  -0.11244626626253E+00
 0.49999869040482559E+00   0.55235222042457E+01  -0.98371103200940E-01
 0.49999885687338907E+00   0.58492142214126E+01  -0.85866678988435E-01
 0.49999900514187201E+00   0.61903074538070E+01  -0.74729375927177E-01
 0.49999913733951273E+00   0.65471447546554E+01  -0.64799252315185E-01
 0.49999925515344101E+00   0.69200415353393E+01  -0.55949576330216E-01
 0.49999935994850730E+00   0.73092831139412E+01  -0.48077824795817E-01
 0.49999945286619152E+00   0.77151222458371E+01  -0.41098253528073E-01
 0.49999953490174825E+00   0.81377768798438E+01  -0.34936102377486E-01
 0.49999960695987378E+00   0.85774281809213E+01  -0.29523413753614E-01
 0.49999966989061340E+00   0.90342188566791E+01  -0.24796335384101E-01
 0.49999972450867330E+00   0.95082518200100E+01  -0.20693669639122E-01
 0.49999977160039266E+00   0.99995892142010E+01  -0.17156349845022E-01
 0.49999981192304077E+00   0.10508251820010E+02  -0.14127493001151E-01
 0.49999984620067539E+00   0.11034218856679E+02  -0.11552710896783E-01
 0.49999987511961619E+00   0.11577428180921E+02  -0.93804500897976E-02
 0.49999989932506278E+00   0.12137776879844E+02  -0.75622459839151E-02
 0.49999991941904148E+00   0.12715122245837E+02  -0.60528769477859E-02
 0.49999993595913428E+00   0.13309283113941E+02  -0.48104598715071E-02
 0.49999994945738041E+00   0.13920041535339E+02  -0.37965326458353E-02
 0.49999996037912631E+00   0.14547144754655E+02  -0.29761405071529E-02
 0.49999996914203831E+00   0.15190307453807E+02  -0.23179102279522E-02
 0.49999997611571878E+00   0.15849214221413E+02  -0.17940789304323E-02
 0.49999998162232773E+00   0.16523522204246E+02  -0.13804474219459E-02
 0.49999998593839279E+00   0.17212863895965E+02  -0.10562441764614E-02
 0.49999998929774436E+00   0.17916850018301E+02  -0.80390491667259E-03
 0.49999999189532141E+00   0.18635072450965E+02  -0.60878671123366E-03
 0.49999999389151156E+00   0.19367107168599E+02  -0.45884195549384E-03
 0.49999999541668960E+00   0.20112517146046E+02  -0.34427750018384E-03
 0.49999999657567207E+00   0.20870855196793E+02  -0.25721998645567E-03
 0.49999999745188883E+00   0.21641666713578E+02  -0.19140256340799E-03
 0.49999999811114387E+00   0.22424492284561E+02  -0.14188231584367E-03
 0.49999999860491018E+00   0.23218870163075E+02  -0.10479282816833E-03
 0.49999999897314551E+00   0.24024338573573E+02  -0.77132666310487E-04
 0.49999999924665173E+00   0.24840437840854E+02  -0.56588123504842E-04
 0.49999999944901985E+00   0.25666712333901E+02  -0.41387145454763E-04
 0.49999999959821012E+00   0.26502712219579E+02  -0.30180645472999E-04
 0.49999999969931985E+00   0.27347995024993E+02  -0.22585741705328E-04
 0.50000000000000000E+00   0.28202127010389E+02   0.99023012012367E-11
 0.50000000000000000E+00   0.29064684357170E+02   0.96131991256243E-11
 0.50000000000000000E+00   0.29935254177814E+02   0.93351992802582E-11
 0.50000000000000000E+00   0.30813435356248E+02   0.90700780219777E-11
 0.50000000000000000E+00   0.31698839228624E+02   0.88165030831533E-11
 0.50000000000000000E+00   0.32591090115412E+02   0.85749185529949E-11
 0.50000000000000000E+00   0.33489825716383E+02   0.83453244315024E-11
 0.50000000000000000E+00   0.34394697380382E+02   0.81263884510463E-11
 0.50000000000000000E+00   0.35305370261891E+02   0.79167783439971E-11
 0.50000000000000000E+00   0.36221523376224E+02   0.77160500211448E-11
 0.50000000000000000E+00   0.37142849564891E+02   0.75250916609093E-11
 0.50000000000000000E+00   0.38069055382202E+02   0.73421269064511E-11
 0.50000000000000000E+00   0.38999860913611E+02   0.71667116685603E-11
 0.50000000000000000E+00   0.39934999535663E+02   0.69992900364468E-11
 0.50000000000000000E+00   0.40874217626704E+02   0.68376415640614E-11
