 0.21042726271335938E+00   0.97578195523695E-18  -0.51683868291225E+05
 0.21046272314877063E+00   0.29483069282768E-04  -0.51668832155949E+05
 0.21057942552347414E+00   0.61082173640461E-04  -0.51619383109313E+05
 0.21079472930697923E+00   0.94949178290611E-04  -0.51528298430956E+05
 0.21112877222386650E+00   0.13124684686428E-03  -0.51387348635784E+05
 0.21160479977376889E+00   0.17014962340302E-03  -0.51187257198891E+05
 0.21224950624767766E+00   0.21184447044981E-03  -0.50917694882489E+05
 0.21309336760729913E+00   0.25653176725507E-03  -0.50567327368958E+05
 0.21417093615269500E+00   0.30442627240692E-03  -0.50123939517695E+05
 0.21552106271292401E+00   0.35575815550320E-03  -0.49574659781447E+05
 0.21718698942918260E+00   0.41077410281323E-03  -0.48906313218162E+05
 0.21921623642295823E+00   0.46973850223137E-03  -0.48105930431591E+05
 0.22166017713145494E+00   0.53293471320370E-03  -0.47161435518080E+05
 0.22457316541431394E+00   0.60066642771546E-03  -0.46062524437576E+05
 0.22801104530618885E+00   0.67325912886222E-03  -0.44801724133706E+05
 0.23202885126308759E+00   0.75106165399386E-03  -0.43375589805419E+05
 0.23667751009388588E+00   0.83444786992019E-03  -0.41785952510339E+05
 0.24199941350232243E+00   0.92381846820159E-03  -0.40041074644552E+05
 0.24802288036108366E+00   0.10196028891215E-02  -0.38156515309687E+05
 0.25475580994625247E+00   0.11222613835509E-02  -0.36155466974989E+05
 0.26217925784471552E+00   0.12322872225722E-02  -0.34068322136786E+05
 0.27024219443636643E+00   0.13502090654347E-02  -0.31931289739351E+05
 0.27885916085613532E+00   0.14765934971652E-02  -0.29784024589024E+05
 0.28791260906133326E+00   0.16120477479678E-02  -0.27666454616176E+05
 0.29726104219944088E+00   0.17572226074079E-02  -0.25615247592983E+05
 0.30675250402046017E+00   0.19128155473023E-02  -0.23660564564693E+05
 0.31624087664797035E+00   0.20795740682274E-02  -0.21823793793693E+05
 0.32560083342150203E+00   0.22582992856177E-02  -0.20116769588266E+05
 0.33473731105412363E+00   0.24498497725618E-02  -0.18542574642467E+05
 0.34358740007564065E+00   0.26551456776172E-02  -0.17097548726152E+05
 0.35211562780804573E+00   0.28751731372654E-02  -0.15773799838060E+05
 0.36030590672921942E+00   0.31109890040199E-02  -0.14561496339344E+05
 0.36815369079059274E+00   0.33637259126873E-02  -0.13450491749947E+05
 0.37566040939266127E+00   0.36345977088734E-02  -0.12431208473163E+05
 0.38283041438893772E+00   0.39249052655295E-02  -0.11494969003176E+05
 0.38966963825582812E+00   0.42360427151559E-02  -0.10634028446961E+05
 0.39618507743446563E+00   0.45695041272231E-02  -0.98414936090676E+04
 0.40238456751568574E+00   0.49268906624595E-02  -0.91112195252401E+04
 0.40827663705619460E+00   0.53099182378730E-02  -0.84377136825663E+04
 0.41387038158285455E+00   0.57204257387563E-02  -0.78160534308441E+04
 0.41917534723298339E+00   0.61603838164655E-02  -0.72418155418370E+04
 0.42420142316661241E+00   0.66319043134761E-02  -0.67110159990736E+04
 0.42895874300732145E+00   0.71372503601200E-02  -0.62200583238906E+04
 0.43345759547652218E+00   0.76788471905016E-02  -0.57656890464907E+04
 0.43770834421052535E+00   0.82592937283951E-02  -0.53449591832258E+04
 0.44172135659706790E+00   0.88813749974526E-02  -0.49551907839983E+04
 0.44550694134239488E+00   0.95480754138094E-02  -0.45939477768897E+04
 0.44907529437905719E+00   0.10262593023187E-01  -0.42590104692967E+04
 0.45243645264525956E+00   0.11028354748868E-01  -0.39483531725145E+04
 0.45560025520573150E+00   0.11849032721462E-01  -0.36601245049154E+04
 0.45857631113859876E+00   0.12728561766261E-01  -0.33926300015659E+04
 0.46137397357981136E+00   0.13671158129094E-01  -0.31443167183889E+04
 0.46400231929397789E+00   0.14681339527142E-01  -0.29137595692200E+04
 0.46647013312628527E+00   0.15763946616981E-01  -0.26996491761761E+04
 0.46878589668376180E+00   0.16924165978315E-01  -0.25007810490933E+04
 0.47095778059579663E+00   0.18167554718499E-01  -0.23160459394377E+04
 0.47299363971542013E+00   0.19500066809896E-01  -0.21444212387706E+04
 0.47490101064811785E+00   0.20928081279553E-01  -0.19849633119618E+04
 0.47668711104020023E+00   0.22458432378533E-01  -0.18368006709696E+04
 0.47835884013343999E+00   0.24098441866553E-01  -0.16991279058850E+04
 0.47992278020997703E+00   0.25855953556357E-01  -0.15712002954486E+04
 0.48138519872763735E+00   0.27739370271550E-01  -0.14523290185040E+04
 0.48275205119633618E+00   0.29757693381404E-01  -0.13418768799642E+04
 0.48402898517466791E+00   0.31920565086455E-01  -0.12392544499220E+04
 0.48522134613888768E+00   0.34238313639551E-01  -0.11439164954080E+04
 0.48633418628307451E+00   0.36722001698414E-01  -0.10553585698834E+04
 0.48737227731944699E+00   0.39383478017693E-01  -0.97311363367032E+03
 0.48834012773502478E+00   0.42235432700963E-01  -0.89674863398204E+03
 0.48924200349756819E+00   0.45291456246181E-01  -0.82586109238699E+03
 0.49008194916982439E+00   0.48566102631601E-01  -0.76007590714199E+03
 0.49086380489920400E+00   0.52074956703276E-01  -0.69904269113951E+03
 0.49159121532170402E+00   0.55834706139791E-01  -0.64243391777789E+03
 0.49226762959149262E+00   0.59863218284852E-01  -0.58994390035448E+03
 0.49289629597434798E+00   0.64179622153785E-01  -0.54128830931128E+03
 0.49348025701223086E+00   0.68804395935657E-01  -0.49620374439720E+03
 0.49402235067050876E+00   0.73759460328728E-01  -0.45444693621895E+03
 0.49452521994879672E+00   0.79068278063012E-01  -0.41579338416404E+03
 0.49499133016130120E+00   0.84755959979821E-01  -0.38003549044074E+03
 0.49542299089408398E+00   0.90849378054143E-01  -0.34698041578300E+03
 0.49582237881487479E+00   0.97377285761297E-01  -0.31644794204914E+03
 0.49619155768011436E+00   0.10437044620442E+00  -0.28826861075347E+03
 0.49653249262757099E+00   0.11186176843355E+00  -0.26228234807163E+03
 0.49684705693950454E+00   0.11988645240026E+00  -0.23833770310949E+03
 0.49713703089586009E+00   0.12848214300340E+00  -0.21629171818852E+03
 0.49740409420600140E+00   0.13768909369134E+00  -0.19601031001498E+03
 0.49764981585439649E+00   0.14755034009334E+00  -0.17736886541654E+03
 0.49787564762846021E+00   0.15811188415740E+00  -0.16025257439548E+03
 0.49808292856523856E+00   0.16942288927237E+00  -0.14455595349954E+03
 0.49827290401619451E+00   0.18153588684917E+00  -0.13018128281326E+03
 0.49844675308722480E+00   0.19450699482699E+00  -0.11703643144264E+03
 0.49860560766199508E+00   0.20839614855590E+00  -0.10503333918158E+03
 0.49875054869794089E+00   0.22326734448556E+00  -0.94088228345523E+02
 0.49888258440654598E+00   0.23918889705942E+00  -0.84123188982219E+02
 0.49900263119991517E+00   0.25623370917446E+00  -0.75067557664385E+02
 0.49911151450406072E+00   0.27447955651526E+00  -0.66857802332224E+02
 0.49920999038595215E+00   0.29400938600797E+00  -0.59435846433965E+02
 0.49929877727895583E+00   0.31491162856155E+00  -0.52746642509775E+02
 0.49937858520516526E+00   0.33728052616913E+00  -0.46735943836535E+02
 0.49945013363914748E+00   0.36121647332923E+00  -0.41348938173669E+02
 0.49951415407883443E+00   0.38682637261280E+00  -0.36530036467260E+02
 0.49957137760259407E+00   0.41422400404472E+00  -0.32223792818778E+02
 0.49962251089541410E+00   0.44353040778554E+00  -0.28376692042426E+02
 0.49966820671922596E+00   0.47487427938818E+00  -0.24939354790410E+02
 0.49970903722215032E+00   0.50839237666158E+00  -0.21868529160357E+02
 0.49974548130074714E+00   0.54422993689737E+00  -0.19128026407035E+02
 0.49977793800186010E+00   0.58254110290335E+00  -0.16687700855908E+02
 0.49980676717393524E+00   0.62348935593563E+00  -0.14520384515976E+02
 0.49983233072508776E+00   0.66724795322943E+00  -0.12598779803459E+02
 0.49985499491274477E+00   0.71400036739287E+00  -0.10895283777440E+02
 0.49987509442264799E+00   0.76394072444865E+00  -0.93846844732656E+01
 0.49989290128924324E+00   0.81727423678444E+00  -0.80464926123360E+01
 0.49990862439017203E+00   0.87421762670440E+00  -0.68649756764717E+01
 0.49992242973964840E+00   0.93499953566278E+00  -0.58276299999597E+01
 0.49993446343997705E+00   0.99986091361083E+00  -0.49234542786510E+01
 0.49994486771431779E+00   0.10690553822024E+01  -0.41417437663311E+01
 0.49995378840885041E+00   0.11428495648913E+01  -0.34715258425238E+01
 0.49996137588709361E+00   0.12215233762238E+01  -0.29014921991625E+01
 0.49996778203442516E+00   0.13053702618907E+01  -0.24202233007931E+01
 0.49997315573730428E+00   0.13946973803820E+01  -0.20165274446006E+01
 0.49997763848110155E+00   0.14898257163832E+01  -0.16797709359124E+01
 0.49998136097055490E+00   0.15910901154124E+01  -0.14001314926692E+01
 0.49998444107709050E+00   0.16988392286241E+01  -0.11687520438126E+01
 0.49998698301908712E+00   0.18134353562483E+01  -0.97780198475085E+00
 0.49998907748278687E+00   0.19352541778144E+01  -0.82046784449645E+00
 0.49999080235047766E+00   0.20646843571704E+01  -0.69089839804228E+00
 0.49999222375709679E+00   0.22021270103889E+01  -0.58412515919270E+00
 0.49999339728585063E+00   0.23479950249930E+01  -0.49597247018962E+00
 0.49999436919411355E+00   0.25027122195788E+01  -0.42296534621211E+00
 0.49999517761326967E+00   0.26667123339008E+01  -0.36223929864096E+00
 0.49999585369147165E+00   0.28404378408543E+01  -0.31145446154022E+00
 0.49999642265777139E+00   0.30243385735729E+01  -0.26871563513156E+00
 0.49999690479069125E+00   0.32188701630746E+01  -0.23249951503080E+00
 0.49999731627968669E+00   0.34244922845610E+01  -0.20158997198248E+00
 0.49999766997487832E+00   0.36416667135785E+01  -0.17502172801136E+00
 0.49999797602736606E+00   0.38708551967931E+01  -0.15203225394950E+00
 0.49999824242787905E+00   0.41125171460457E+01  -0.13202130512393E+00
 0.49999847545476689E+00   0.43671071685993E+01  -0.11451726799474E+00
 0.49999868004350051E+00   0.46350724509653E+01  -0.99149403425255E-01
 0.49999886008942940E+00   0.49168500183013E+01  -0.85625103847869E-01
 0.49999901869415886E+00   0.52128638959647E+01  -0.73711385848155E-01
 0.49999915836411069E+00   0.55235222042457E+01  -0.63219974704586E-01
 0.49999928116807352E+00   0.58492142214126E+01  -0.53995469576265E-01
 0.49999938885914846E+00   0.61903074538070E+01  -0.45906183259139E-01
 0.49999948296563607E+00   0.65471447546554E+01  -0.38837315061201E-01
 0.49999956485512143E+00   0.69200415353393E+01  -0.32686136856813E-01
 0.49999963577619355E+00   0.73092831139412E+01  -0.27358859280663E-01
 0.49999969688262746E+00   0.77151222458371E+01  -0.22768815165754E-01
 0.49999974924516866E+00   0.81377768798438E+01  -0.18835574353540E-01
 0.49999979385595383E+00   0.85774281809213E+01  -0.15484611582480E-01
 0.49999983162988887E+00   0.90342188566791E+01  -0.12647202891254E-01
 0.49999986340599412E+00   0.95082518200100E+01  -0.10260324620179E-01
 0.49999988995010491E+00   0.99995892142010E+01  -0.82664505074330E-02
 0.49999991195888233E+00   0.10508251820010E+02  -0.66132503694956E-02
 0.49999993006426208E+00   0.11034218856679E+02  -0.52532559911089E-02
 0.49999994483738780E+00   0.11577428180921E+02  -0.41435655486293E-02
 0.49999995679154846E+00   0.12137776879844E+02  -0.32456230777935E-02
 0.49999996638423033E+00   0.12715122245837E+02  -0.25250642366887E-02
 0.49999997401880880E+00   0.13309283113941E+02  -0.19515892881410E-02
 0.49999998004647583E+00   0.13920041535339E+02  -0.14988182490256E-02
 0.49999998476883256E+00   0.14547144754655E+02  -0.11440962232396E-02
 0.49999998844129456E+00   0.15190307453807E+02  -0.86823752672061E-03
 0.49999999127722256E+00   0.15849214221413E+02  -0.65521547481628E-03
 0.49999999345253576E+00   0.16523522204246E+02  -0.49181582524804E-03
 0.49999999511052035E+00   0.17212863895965E+02  -0.36727553978055E-03
 0.49999999636656967E+00   0.17916850018301E+02  -0.27292681230495E-03
 0.49999999731264699E+00   0.18635072450965E+02  -0.20186177790427E-03
 0.49999999802133943E+00   0.19367107168599E+02  -0.14862801229798E-03
 0.49999999854943200E+00   0.20112517146046E+02  -0.10896009638506E-03
 0.49999999894098107E+00   0.20870855196793E+02  -0.79548713814770E-04
 0.49999999922990473E+00   0.21641666713578E+02  -0.57846074523304E-04
 0.49999999944212842E+00   0.22424492284561E+02  -0.41904793854020E-04
 0.49999999959733399E+00   0.23218870163075E+02  -0.30246463794459E-04
 0.49999999969931963E+00   0.24024338573573E+02  -0.22585750836246E-04
 0.49999999999999989E+00   0.24840437840854E+02   0.10427214647279E-11
 0.50000000000000000E+00   0.25666712333901E+02   0.10125233984581E-11
 0.50000000000000000E+00   0.26502712219579E+02   0.98188124297849E-12
 0.50000000000000000E+00   0.27347995024993E+02   0.95212726591853E-12
 0.50000000000000000E+00   0.28202127010389E+02   0.92348351188321E-12
 0.50000000000000000E+00   0.29064684357170E+02   0.89617202547743E-12
 0.50000000000000000E+00   0.29935254177814E+02   0.87041485130612E-12
 0.50000000000000000E+00   0.30813435356248E+02   0.84554585555452E-12
 0.50000000000000000E+00   0.31698839228624E+02   0.82178708282754E-12
 0.50000000000000000E+00   0.32591090115412E+02   0.79958262233504E-12
 0.50000000000000000E+00   0.33489825716383E+02   0.77804429565731E-12
 0.50000000000000000E+00   0.34394697380382E+02   0.75761619200421E-12
 0.50000000000000000E+00   0.35305370261891E+02   0.73785422216588E-12
 0.50000000000000000E+00   0.36221523376224E+02   0.71942451995710E-12
 0.50000000000000000E+00   0.37142849564891E+02   0.70143890695817E-12
 0.50000000000000000E+00   0.38069055382202E+02   0.68456351698387E-12
 0.50000000000000000E+00   0.38999860913611E+02   0.66813221621942E-12
 0.50000000000000000E+00   0.39934999535663E+02   0.65258909387467E-12
 0.50000000000000000E+00   0.40874217626704E+02   0.63726801613484E-12
