 0.17707446542903357E+00   0.97578195523695E-18  -0.68492937584166E+05
 0.17710776497751252E+00   0.29483069282768E-04  -0.68472998089192E+05
 0.17721736789086889E+00   0.61082173640461E-04  -0.68407421690084E+05
 0.17741960950724978E+00   0.94949178290611E-04  -0.68286631412852E+05
 0.17773348153088953E+00   0.13124684686428E-03  -0.68099713427417E+05
 0.17818096462296837E+00   0.17014962340302E-03  -0.67834365666159E+05
 0.17878738647264963E+00   0.21184447044981E-03  -0.67476890389889E+05
 0.17958178877072106E+00   0.25653176725507E-03  -0.67012256724082E+05
 0.18059727666688158E+00   0.30442627240692E-03  -0.66424265813760E+05
 0.18187132664382705E+00   0.35575815550320E-03  -0.65695848292314E+05
 0.18344600421943952E+00   0.41077410281323E-03  -0.64809532468757E+05
 0.18536802565413815E+00   0.46973850223137E-03  -0.63748119237635E+05
 0.18768856878410092E+00   0.53293471320370E-03  -0.62495594393762E+05
 0.19046270421170794E+00   0.60066642771546E-03  -0.61038293467856E+05
 0.19374827931941932E+00   0.67325912886222E-03  -0.59366306261232E+05
 0.19760405160684519E+00   0.75106165399386E-03  -0.57475064586484E+05
 0.20208684917874453E+00   0.83444786992019E-03  -0.55366996754876E+05
 0.20724756131537928E+00   0.92381846820159E-03  -0.53053059896569E+05
 0.21312587090511603E+00   0.10196028891215E-02  -0.50553887556171E+05
 0.21974388187414090E+00   0.11222613835509E-02  -0.47900236161929E+05
 0.22709920587262244E+00   0.12322872225722E-02  -0.45132410380442E+05
 0.23515863516472876E+00   0.13502090654347E-02  -0.42298428344544E+05
 0.24385410521764411E+00   0.14765934971652E-02  -0.39450877997618E+05
 0.25308293678503058E+00   0.16120477479678E-02  -0.36642709694239E+05
 0.26271392615086858E+00   0.17572226074079E-02  -0.33922550679454E+05
 0.27259943375608686E+00   0.19128155473023E-02  -0.31330399780832E+05
 0.28259142820271810E+00   0.20795740682274E-02  -0.28894622364077E+05
 0.29255743486829094E+00   0.22582992856177E-02  -0.26630914400337E+05
 0.30239184529977137E+00   0.24498497725618E-02  -0.24543366431829E+05
 0.31201976686162902E+00   0.26551456776172E-02  -0.22627127280323E+05
 0.32139375960004180E+00   0.28751731372654E-02  -0.20871734072240E+05
 0.33048650485018000E+00   0.31109890040199E-02  -0.19264151821866E+05
 0.33928311496967445E+00   0.33637259126873E-02  -0.17790928058201E+05
 0.34777547214426408E+00   0.36345977088734E-02  -0.16439364714518E+05
 0.35595906443677439E+00   0.39249052655295E-02  -0.15197957320869E+05
 0.36383159482508198E+00   0.42360427151559E-02  -0.14056438102913E+05
 0.37139246163310896E+00   0.45695041272231E-02  -0.13005668643491E+05
 0.37864254464638053E+00   0.49268906624595E-02  -0.12037502629898E+05
 0.38558406576497423E+00   0.53099182378730E-02  -0.11144658784925E+05
 0.39222046070397842E+00   0.57204257387563E-02  -0.10320611281735E+05
 0.39855625131803302E+00   0.61603838164655E-02  -0.95594962598369E+04
 0.40459691904122597E+00   0.66319043134761E-02  -0.88560319009266E+04
 0.41034878118121276E+00   0.71372503601200E-02  -0.82054498198843E+04
 0.41581887163090814E+00   0.76788471905016E-02  -0.76034359289923E+04
 0.42101482725535061E+00   0.82592937283951E-02  -0.70460792692160E+04
 0.42594478090745902E+00   0.88813749974526E-02  -0.65298275723428E+04
 0.43061726173800918E+00   0.95480754138094E-02  -0.60514485354552E+04
 0.43504110319728706E+00   0.10262593023187E-01  -0.56079959657606E+04
 0.43922535888221048E+00   0.11028354748868E-01  -0.51967800977370E+04
 0.44317922616629707E+00   0.11849032721462E-01  -0.48153415024373E+04
 0.44691197736363464E+00   0.12728561766261E-01  -0.44614281056048E+04
 0.45043289802560366E+00   0.13671158129094E-01  -0.41329749107485E+04
 0.45375123185553268E+00   0.14681339527142E-01  -0.38280860882158E+04
 0.45687613165929819E+00   0.15763946616981E-01  -0.35450191434251E+04
 0.45981661574020533E+00   0.16924165978315E-01  -0.32821709177820E+04
 0.46258152920995665E+00   0.18167554718499E-01  -0.30380652046799E+04
 0.46517950984383200E+00   0.19500066809896E-01  -0.28113417800400E+04
 0.46761895837687883E+00   0.20928081279553E-01  -0.26007466515852E+04
 0.46990801352473388E+00   0.22458432378533E-01  -0.24051233239762E+04
 0.47205453247951057E+00   0.24098441866553E-01  -0.22234048619961E+04
 0.47406607804435108E+00   0.25855953556357E-01  -0.20546065225384E+04
 0.47594991364568123E+00   0.27739370271550E-01  -0.18978187410195E+04
 0.47771300678035444E+00   0.29757693381404E-01  -0.17522003313887E+04
 0.47936203968263730E+00   0.31920565086455E-01  -0.16169719147547E+04
 0.48090342338760772E+00   0.34238313639551E-01  -0.14914098054307E+04
 0.48234330922872715E+00   0.36722001698414E-01  -0.13748407488873E+04
 0.48368759210720352E+00   0.39383478017693E-01  -0.12666378715877E+04
 0.48494190357771438E+00   0.42235432700963E-01  -0.11662179028386E+04
 0.48611159829240608E+00   0.45291456246181E-01  -0.10730393032312E+04
 0.48720174120353793E+00   0.48566102631601E-01  -0.98660065476302E+03
 0.48821710282127190E+00   0.52074956703276E-01  -0.90643870553120E+03
 0.48916216637471188E+00   0.55834706139791E-01  -0.83212575352870E+03
 0.49004114637794843E+00   0.59863218284852E-01  -0.76326640085405E+03
 0.49085801489047232E+00   0.64179622153785E-01  -0.69949395561459E+03
 0.49161653030965830E+00   0.68804395935657E-01  -0.64046686237586E+03
 0.49232026351085362E+00   0.73759460328728E-01  -0.58586553511064E+03
 0.49297261704675888E+00   0.79068278063012E-01  -0.53538989205542E+03
 0.49357683465260999E+00   0.84755959979821E-01  -0.48875777221763E+03
 0.49413600046647088E+00   0.90849378054143E-01  -0.44570424919673E+03
 0.49465303026715146E+00   0.97377285761297E-01  -0.40598164127488E+03
 0.49513066053754562E+00   0.10437044620442E+00  -0.36935975614667E+03
 0.49557144426369487E+00   0.11186176843355E+00  -0.33562568120982E+03
 0.49597776229697377E+00   0.11988645240026E+00  -0.30458244662401E+03
 0.49635185192556835E+00   0.12848214300340E+00  -0.27604644218678E+03
 0.49669584027641600E+00   0.13768909369134E+00  -0.24984453442465E+03
 0.49701176077851084E+00   0.14755034009334E+00  -0.22581253139784E+03
 0.49730154148744110E+00   0.15811188415740E+00  -0.20379582519560E+03
 0.49756697940070777E+00   0.16942288927237E+00  -0.18365111863779E+03
 0.49780972805821927E+00   0.18153588684917E+00  -0.16524715976805E+03
 0.49803131388588562E+00   0.19450699482699E+00  -0.14846332102194E+03
 0.49823317558457836E+00   0.20839614855590E+00  -0.13318646524125E+03
 0.49841670864806492E+00   0.22326734448556E+00  -0.11930745724312E+03
 0.49858329689941006E+00   0.23918889705942E+00  -0.10671868434430E+03
 0.49873431929939394E+00   0.25623370917446E+00  -0.95313462538025E+02
 0.49887112855643173E+00   0.27447955651526E+00  -0.84987579365532E+02
 0.49899500668544727E+00   0.29400938600797E+00  -0.75642577022601E+02
 0.49910711218408038E+00   0.31491162856155E+00  -0.67189665875770E+02
 0.49920844465122544E+00   0.33728052616913E+00  -0.59552323111155E+02
 0.49929985924381637E+00   0.36121647332923E+00  -0.52665141922110E+02
 0.49938214073274606E+00   0.38682637261280E+00  -0.46468205521295E+02
 0.49945608018175847E+00   0.41422400404472E+00  -0.40901282111814E+02
 0.49952246838968739E+00   0.44353040778554E+00  -0.35904298085274E+02
 0.49958201765482901E+00   0.47487427938818E+00  -0.31423205377893E+02
 0.49963530917224874E+00   0.50839237666158E+00  -0.27413914978382E+02
 0.49968280981698848E+00   0.54422993689737E+00  -0.23841011197887E+02
 0.49972492626279397E+00   0.58254110290335E+00  -0.20673664236259E+02
 0.49976205507918181E+00   0.62348935593563E+00  -0.17881852292151E+02
 0.49979460977992030E+00   0.66724795322943E+00  -0.15434321252855E+02
 0.49982302382692773E+00   0.71400036739287E+00  -0.13298353869507E+02
 0.49984773697999579E+00   0.76394072444865E+00  -0.11440791010618E+02
 0.49986917484888627E+00   0.81727423678444E+00  -0.98295634879254E+01
 0.49988773083151106E+00   0.87421762670440E+00  -0.84350443746819E+01
 0.49990375692346151E+00   0.93499953566278E+00  -0.72307349095545E+01
 0.49991756530698928E+00   0.99986091361083E+00  -0.61931410532321E+01
 0.49992943672298240E+00   0.10690553822024E+01  -0.53011412363133E+01
 0.49993962761998778E+00   0.11428495648913E+01  -0.45354468056485E+01
 0.49994837062577285E+00   0.12215233762238E+01  -0.38785647566555E+01
 0.49995587053339469E+00   0.13053702618907E+01  -0.33150978266558E+01
 0.49996230202242953E+00   0.13946973803820E+01  -0.28319144884284E+01
 0.49996781213586317E+00   0.14898257163832E+01  -0.24179619188673E+01
 0.49997252582205165E+00   0.15910901154124E+01  -0.20638489531930E+01
 0.49997655148229159E+00   0.16988392286241E+01  -0.17614288277301E+01
 0.49997998472603594E+00   0.18134353562483E+01  -0.15035167208011E+01
 0.49998291012084412E+00   0.19352541778144E+01  -0.12837580321700E+01
 0.49998540160102040E+00   0.20646843571704E+01  -0.10965974880032E+01
 0.49998752240908784E+00   0.22021270103889E+01  -0.93728338467313E+00
 0.49998932530868889E+00   0.23479950249930E+01  -0.80185147852299E+00
 0.49999085356150968E+00   0.25027122195788E+01  -0.68705151220669E+00
 0.49999214287298288E+00   0.26667123339008E+01  -0.59020099277217E+00
 0.49999322410635416E+00   0.28404378408543E+01  -0.50898127258962E+00
 0.49999412600017334E+00   0.30243385735729E+01  -0.44123338853928E+00
 0.49999487673991605E+00   0.32188701630746E+01  -0.38483998629415E+00
 0.49999550368779039E+00   0.34244922845610E+01  -0.33774560156973E+00
 0.49999603181347280E+00   0.36416667135785E+01  -0.29807452580762E+00
 0.49999648216852877E+00   0.38708551967931E+01  -0.26424539158692E+00
 0.49999687132198573E+00   0.41125171460457E+01  -0.23501356159867E+00
 0.49999721174864353E+00   0.43671071685993E+01  -0.20944195357885E+00
 0.49999751268052350E+00   0.46350724509653E+01  -0.18683707810630E+00
 0.49999778098412712E+00   0.49168500183013E+01  -0.16668313946271E+00
 0.49999802185589337E+00   0.52128638959647E+01  -0.14858979375021E+00
 0.49999823930205500E+00   0.55235222042457E+01  -0.13225610288645E+00
 0.49999843644699893E+00   0.58492142214126E+01  -0.11744737102516E+00
 0.49999861573045690E+00   0.61903074538070E+01  -0.10398033198006E+00
 0.49999877904347922E+00   0.65471447546554E+01  -0.91712935048111E-01
 0.49999892783602062E+00   0.69200415353393E+01  -0.80536263399591E-01
 0.49999906321348409E+00   0.73092831139412E+01  -0.70367281928428E-01
 0.49999918602832794E+00   0.77151222458371E+01  -0.61141955978029E-01
 0.49999929696595602E+00   0.81377768798438E+01  -0.52808799603024E-01
 0.49999939662083465E+00   0.85774281809213E+01  -0.45323157889688E-01
 0.49999948555819185E+00   0.90342188566791E+01  -0.38642572377250E-01
 0.49999956435786364E+00   0.95082518200100E+01  -0.32723487477418E-01
 0.49999963363910621E+00   0.99995892142010E+01  -0.27519386690252E-01
 0.49999969406778855E+00   0.10508251820010E+02  -0.22980252293931E-01
 0.49999974634968575E+00   0.11034218856679E+02  -0.19053069137653E-01
 0.49999979121504290E+00   0.11577428180921E+02  -0.15682984091133E-01
 0.49999982939981541E+00   0.12137776879844E+02  -0.12814715183520E-01
 0.49999986162797794E+00   0.12715122245837E+02  -0.10393880461456E-01
 0.49999988859744093E+00   0.13309283113941E+02  -0.83680558726904E-02
 0.49999991097013974E+00   0.13920041535339E+02  -0.66875196723641E-02
 0.49999992936548954E+00   0.14547144754655E+02  -0.53057441114817E-02
 0.49999994435595901E+00   0.15190307453807E+02  -0.41797278685838E-02
 0.49999995646385498E+00   0.15849214221413E+02  -0.32702375541107E-02
 0.49999996615903136E+00   0.16523522204246E+02  -0.25419798460797E-02
 0.49999997385769829E+00   0.17212863895965E+02  -0.19636909069618E-02
 0.49999997992263179E+00   0.17916850018301E+02  -0.15081206305920E-02
 0.49999998466492729E+00   0.18635072450965E+02  -0.11519009305050E-02
 0.49999998834718340E+00   0.19367107168599E+02  -0.87530657442958E-03
 0.49999999118779237E+00   0.20112517146046E+02  -0.66193294510342E-03
 0.49999999336590939E+00   0.20870855196793E+02  -0.49832269622385E-03
 0.49999999502668319E+00   0.21641666713578E+02  -0.37357292535134E-03
 0.49999999628639602E+00   0.22424492284561E+02  -0.27894902603265E-03
 0.49999999723726796E+00   0.23218870163075E+02  -0.20752385583966E-03
 0.49999999795177341E+00   0.24024338573573E+02  -0.15385345736796E-03
 0.49999999848640386E+00   0.24840437840854E+02  -0.11369445340081E-03
 0.49999999888486624E+00   0.25666712333901E+02  -0.83763773512047E-04
 0.49999999918074833E+00   0.26502712219579E+02  -0.61538458252741E-04
 0.49999999939970208E+00   0.27347995024993E+02  -0.45091639359729E-04
 0.49999999956120822E+00   0.28202127010389E+02  -0.32960041012053E-04
 0.49999999967998238E+00   0.29064684357170E+02  -0.24038269915927E-04
 0.49999999999999989E+00   0.29935254177814E+02   0.25712765250319E-11
 0.50000000000000000E+00   0.30813435356248E+02   0.25042190543445E-11
 0.50000000000000000E+00   0.31698839228624E+02   0.24356072714227E-11
 0.50000000000000000E+00   0.32591090115412E+02   0.23705482021796E-11
 0.50000000000000000E+00   0.33489825716383E+02   0.23074875343809E-11
 0.50000000000000000E+00   0.34394697380382E+02   0.22466473126315E-11
 0.50000000000000000E+00   0.35305370261891E+02   0.21886936707460E-11
 0.50000000000000000E+00   0.36221523376224E+02   0.21334045641197E-11
 0.50000000000000000E+00   0.37142849564891E+02   0.20805579481475E-11
 0.50000000000000000E+00   0.38069055382202E+02   0.20301538228296E-11
 0.50000000000000000E+00   0.38999860913611E+02   0.19813040097461E-11
 0.50000000000000000E+00   0.39934999535663E+02   0.19351187319216E-11
 0.50000000000000000E+00   0.40874217626704E+02   0.18904877663317E-11
