 0.14250360524009120E+00   0.97578195523695E-18  -0.94220447261977E+05
 0.14253330430299838E+00   0.29483069282768E-04  -0.94192989199073E+05
 0.14263107119797577E+00   0.61082173640461E-04  -0.94102680272602E+05
 0.14281150423734490E+00   0.94949178290611E-04  -0.93936335912079E+05
 0.14309161847729562E+00   0.13124684686428E-03  -0.93678924882162E+05
 0.14349116015876590E+00   0.17014962340302E-03  -0.93313505057753E+05
 0.14403296152061451E+00   0.21184447044981E-03  -0.92821213476054E+05
 0.14474332085493286E+00   0.25653176725507E-03  -0.92181350438957E+05
 0.14565238302486760E+00   0.30442627240692E-03  -0.91371608165618E+05
 0.14679451020992074E+00   0.35575815550320E-03  -0.90368480023785E+05
 0.14820860392689170E+00   0.41077410281323E-03  -0.89147905457164E+05
 0.14993832775556670E+00   0.46973850223137E-03  -0.87686199411845E+05
 0.15203215246184229E+00   0.53293471320370E-03  -0.85961308766626E+05
 0.15454311251960551E+00   0.60066642771546E-03  -0.83954416500949E+05
 0.15752812175909708E+00   0.67325912886222E-03  -0.81651875969104E+05
 0.16104665142582422E+00   0.75106165399386E-03  -0.79047397468870E+05
 0.16515853672424941E+00   0.83444786992019E-03  -0.76144326724330E+05
 0.16992067024233931E+00   0.92381846820159E-03  -0.72957755118534E+05
 0.17538239995579014E+00   0.10196028891215E-02  -0.69516100098127E+05
 0.18157962821750009E+00   0.11222613835509E-02  -0.65861720024342E+05
 0.18852795985594339E+00   0.12322872225722E-02  -0.62050122810547E+05
 0.19621578877662846E+00   0.13502090654347E-02  -0.58147439204948E+05
 0.20459885545341905E+00   0.14765934971652E-02  -0.54226093585108E+05
 0.21359828939636530E+00   0.16120477479678E-02  -0.50359009860307E+05
 0.22310403828893044E+00   0.17572226074079E-02  -0.46613158954694E+05
 0.23298447131648919E+00   0.19128155473023E-02  -0.43043629888007E+05
 0.24310085019742445E+00   0.20795740682274E-02  -0.39689491449724E+05
 0.25332309457275443E+00   0.22582992856177E-02  -0.36572365523671E+05
 0.26354222474241384E+00   0.24498497725618E-02  -0.33697892156816E+05
 0.27367606068259215E+00   0.26551456776172E-02  -0.31059397606138E+05
 0.28366775848958103E+00   0.28751731372654E-02  -0.28642479953379E+05
 0.29347972624584390E+00   0.31109890040199E-02  -0.26429194753069E+05
 0.30308656224627673E+00   0.33637259126873E-02  -0.24401022020883E+05
 0.31246962548113688E+00   0.36345977088734E-02  -0.22540479910128E+05
 0.32161395785740743E+00   0.39249052655295E-02  -0.20831729399746E+05
 0.33050696928024748E+00   0.42360427151559E-02  -0.19260633521854E+05
 0.33913801217584694E+00   0.45695041272231E-02  -0.17814609418118E+05
 0.34749826640515274E+00   0.49268906624595E-02  -0.16482439198848E+05
 0.35558068986719982E+00   0.53099182378730E-02  -0.15254094830073E+05
 0.36337996571588616E+00   0.57204257387563E-02  -0.14120587110650E+05
 0.37089243457273718E+00   0.61603838164655E-02  -0.13073836846496E+05
 0.37811601248408416E+00   0.66319043134761E-02  -0.12106564735530E+05
 0.38505009708929150E+00   0.71372503601200E-02  -0.11212196886861E+05
 0.39169546452411774E+00   0.76788471905016E-02  -0.10384783453675E+05
 0.39805415942347350E+00   0.82592937283951E-02  -0.96189283221335E+04
 0.40412938017149980E+00   0.88813749974526E-02  -0.89097281695777E+04
 0.40992536130609625E+00   0.95480754138094E-02  -0.82527195023724E+04
 0.41544725474730082E+00   0.10262593023187E-01  -0.76438325212214E+04
 0.42070101131574977E+00   0.11028354748868E-01  -0.70793508501294E+04
 0.42569326387544942E+00   0.11849032721462E-01  -0.65558763117191E+04
 0.43043121341538515E+00   0.12728561766261E-01  -0.60702980411682E+04
 0.43492251951698385E+00   0.13671158129094E-01  -0.56197653071251E+04
 0.43917519695969776E+00   0.14681339527142E-01  -0.52016634546537E+04
 0.44319752065475249E+00   0.15763946616981E-01  -0.48135924110114E+04
 0.44699794149428668E+00   0.16924165978315E-01  -0.44533472186524E+04
 0.45058501567384174E+00   0.18167554718499E-01  -0.41189001161798E+04
 0.45396734900324637E+00   0.19500066809896E-01  -0.38083838250518E+04
 0.45715355516982498E+00   0.20928081279553E-01  -0.35200759518571E+04
 0.46015222314516557E+00   0.22458432378533E-01  -0.32523847463688E+04
 0.46297188567402237E+00   0.24098441866553E-01  -0.30038367094508E+04
 0.46562098078990721E+00   0.25855953556357E-01  -0.27730665024496E+04
 0.46810780306361566E+00   0.27739370271550E-01  -0.25588091793664E+04
 0.47044044879907693E+00   0.29757693381404E-01  -0.23598941500457E+04
 0.47262676499008138E+00   0.31920565086455E-01  -0.21752398816613E+04
 0.47467431215598449E+00   0.34238313639551E-01  -0.20038484049945E+04
 0.47659034674614908E+00   0.36722001698414E-01  -0.18447991197751E+04
 0.47838182285344566E+00   0.39383478017693E-01  -0.16972419021936E+04
 0.48005540834564270E+00   0.42235432700963E-01  -0.15603898816113E+04
 0.48161750820761789E+00   0.45291456246181E-01  -0.14335124120478E+04
 0.48307428754592963E+00   0.48566102631601E-01  -0.13159287633606E+04
 0.48443168770028483E+00   0.52074956703276E-01  -0.12070029588135E+04
 0.48569543088440315E+00   0.55834706139791E-01  -0.11061400212502E+04
 0.48687101176033692E+00   0.59863218284852E-01  -0.10127836580936E+04
 0.48796367850910716E+00   0.64179622153785E-01  -0.92641510167499E+03
 0.48897841113492557E+00   0.68804395935657E-01  -0.84655243819380E+03
 0.48991990944643249E+00   0.73759460328728E-01  -0.77274942057963E+03
 0.49079260335536889E+00   0.79068278063012E-01  -0.70459277706634E+03
 0.49160068818930014E+00   0.84755959979821E-01  -0.64169782180165E+03
 0.49234816793919173E+00   0.90849378054143E-01  -0.58370370073651E+03
 0.49303887588011691E+00   0.97377285761297E-01  -0.53027060876484E+03
 0.49367645647866132E+00   0.10437044620442E+00  -0.48108015145977E+03
 0.49426432814652638E+00   0.11186176843355E+00  -0.43583727656510E+03
 0.49480566553967098E+00   0.11988645240026E+00  -0.39427077791247E+03
 0.49530342363211521E+00   0.12848214300340E+00  -0.35613069055476E+03
 0.49576039491538509E+00   0.13768909369134E+00  -0.32118327229124E+03
 0.49617927232120218E+00   0.14755034009334E+00  -0.28920567449193E+03
 0.49656268975025875E+00   0.15811188415740E+00  -0.25998242568688E+03
 0.49691322273866378E+00   0.16942288927237E+00  -0.23330501929380E+03
 0.49723334776906342E+00   0.18153588684917E+00  -0.20897467921828E+03
 0.49752537776595152E+00   0.19450699482699E+00  -0.18680694398712E+03
 0.49779141072886252E+00   0.20839614855590E+00  -0.16663525970655E+03
 0.49803333519765070E+00   0.22326734448556E+00  -0.14831028717428E+03
 0.49825290175123810E+00   0.23918889705942E+00  -0.13169425657371E+03
 0.49845179427917369E+00   0.25623370917446E+00  -0.11665540008562E+03
 0.49863161585114191E+00   0.27447955651526E+00  -0.10306888228087E+03
 0.49879380982960475E+00   0.29400938600797E+00  -0.90822629837399E+02
 0.49893962039788253E+00   0.31491162856155E+00  -0.79820182390911E+02
 0.49907013979894554E+00   0.33728052616913E+00  -0.69977015661995E+02
 0.49918640277492726E+00   0.36121647332923E+00  -0.61213336901652E+02
 0.49928946961453358E+00   0.38682637261280E+00  -0.53447770222339E+02
 0.49938046437907874E+00   0.41422400404472E+00  -0.46594437801446E+02
 0.49946056327600252E+00   0.44353040778554E+00  -0.40563801585761E+02
 0.49953094665699160E+00   0.47487427938818E+00  -0.35266241739774E+02
 0.49959273733597614E+00   0.50839237666158E+00  -0.30616660929120E+02
 0.49964695003217069E+00   0.54422993689737E+00  -0.26538249854197E+02
 0.49969447169067921E+00   0.58254110290335E+00  -0.22963932157714E+02
 0.49973607717107787E+00   0.62348935593563E+00  -0.19835154940982E+02
 0.49977246087446248E+00   0.66724795322943E+00  -0.17099487980745E+02
 0.49980425306399362E+00   0.71400036739287E+00  -0.14709380024309E+02
 0.49983201186057230E+00   0.76394072444865E+00  -0.12622747524964E+02
 0.49985621272185010E+00   0.81727423678444E+00  -0.10803754606969E+02
 0.49987725493623020E+00   0.87421762670440E+00  -0.92223160694872E+01
 0.49989548194445138E+00   0.93499953566278E+00  -0.78525634206404E+01
 0.49991120217138468E+00   0.99986091361083E+00  -0.66712746429961E+01
 0.49992470199044070E+00   0.10690553822024E+01  -0.56568966239745E+01
 0.49993624996983205E+00   0.11428495648913E+01  -0.47892235451989E+01
 0.49994609555846253E+00   0.12215233762238E+01  -0.40494935586636E+01
 0.49995446603093963E+00   0.13053702618907E+01  -0.34206165945333E+01
 0.49996156444569806E+00   0.13946973803820E+01  -0.28873263391428E+01
 0.49996756977359791E+00   0.14898257163832E+01  -0.24361694229990E+01
 0.49997263890973043E+00   0.15910901154124E+01  -0.20553533866363E+01
 0.49997690942231959E+00   0.16988392286241E+01  -0.17345394933790E+01
 0.49998050187945375E+00   0.18134353562483E+01  -0.14646674322579E+01
 0.49998352129970081E+00   0.19352541778144E+01  -0.12378459674269E+01
 0.49998605808091556E+00   0.20646843571704E+01  -0.10472828825923E+01
 0.49998818903797393E+00   0.22021270103889E+01  -0.88720681566947E+00
 0.49998997887533314E+00   0.23479950249930E+01  -0.75275648647808E+00
 0.49999148198295273E+00   0.25027122195788E+01  -0.63984567806078E+00
 0.49999274424263751E+00   0.26667123339008E+01  -0.54502746861856E+00
 0.49999380458698861E+00   0.28404378408543E+01  -0.46537707108360E+00
 0.49999469620693748E+00   0.30243385735729E+01  -0.39840108727984E+00
 0.49999544743029761E+00   0.32188701630746E+01  -0.34197148592858E+00
 0.49999608235455573E+00   0.34244922845610E+01  -0.29427804967303E+00
 0.49999662132566897E+00   0.36416667135785E+01  -0.25379239528173E+00
 0.49999708133634807E+00   0.38708551967931E+01  -0.21923804588931E+00
 0.49999747639144893E+00   0.41125171460457E+01  -0.18956297688527E+00
 0.49999781786490360E+00   0.43671071685993E+01  -0.16391279952414E+00
 0.49999811485578483E+00   0.46350724509653E+01  -0.14160401110110E+00
 0.49999837454079293E+00   0.49168500183013E+01  -0.12209751504248E+00
 0.49999860251537909E+00   0.52128638959647E+01  -0.10497299536545E+00
 0.49999880311425082E+00   0.55235222042457E+01  -0.89904840432848E-01
 0.49999897970266138E+00   0.58492142214126E+01  -0.76640261725823E-01
 0.49999913493155057E+00   0.61903074538070E+01  -0.64980128163723E-01
 0.49999927095161634E+00   0.65471447546554E+01  -0.54762885615464E-01
 0.49999938958351137E+00   0.69200415353393E+01  -0.45851772228408E-01
 0.49999949244366237E+00   0.73092831139412E+01  -0.38125367261644E-01
 0.49999958102784969E+00   0.77151222458371E+01  -0.31471312839033E-01
 0.49999965675762359E+00   0.81377768798438E+01  -0.25782827263777E-01
 0.49999972099747531E+00   0.85774281809213E+01  -0.20957415151344E-01
 0.49999977505268289E+00   0.90342188566791E+01  -0.16897029195773E-01
 0.49999982015808753E+00   0.95082518200100E+01  -0.13508913169458E-01
 0.49999985746626702E+00   0.99995892142010E+01  -0.10706490245198E-01
 0.49999988804004086E+00   0.10508251820010E+02  -0.84099259396213E-02
 0.49999991285028267E+00   0.11034218856679E+02  -0.65462924242192E-02
 0.49999993277723664E+00   0.11577428180921E+02  -0.50494696217216E-02
 0.49999994861282993E+00   0.12137776879844E+02  -0.38599714320222E-02
 0.49999996106247230E+00   0.12715122245837E+02  -0.29248106239148E-02
 0.49999997074632929E+00   0.13309283113941E+02  -0.21974031331862E-02
 0.49999997820101166E+00   0.13920041535339E+02  -0.16374411672828E-02
 0.49999998388268951E+00   0.14547144754655E+02  -0.12106592745891E-02
 0.49999998817212749E+00   0.15190307453807E+02  -0.88845613846633E-03
 0.49999999138150986E+00   0.15849214221413E+02  -0.64738189174030E-03
 0.49999999376249854E+00   0.16523522204246E+02  -0.46853282124104E-03
 0.49999999551481866E+00   0.17212863895965E+02  -0.33690648841134E-03
 0.49999999679472767E+00   0.17916850018301E+02  -0.24076552838981E-03
 0.49999999772289633E+00   0.18635072450965E+02  -0.17104570177739E-03
 0.49999999839141579E+00   0.19367107168599E+02  -0.12082956173654E-03
 0.49999999886980745E+00   0.20112517146046E+02  -0.84894943569225E-04
 0.49999999921003424E+00   0.20870855196793E+02  -0.59338659207597E-04
 0.49999999945057644E+00   0.21641666713578E+02  -0.41270222550072E-04
 0.49999999961968611E+00   0.22424492284561E+02  -0.28567468452589E-04
 0.49999999969931991E+00   0.23218870163075E+02  -0.22585738440828E-04
 0.50000000000000022E+00   0.24024338573573E+02   0.13018031097545E-10
 0.50000000000000022E+00   0.24840437840854E+02   0.12591261366879E-10
 0.50000000000000022E+00   0.25666712333901E+02   0.12187140185915E-10
 0.50000000000000022E+00   0.26502712219579E+02   0.11803003019395E-10
 0.50000000000000022E+00   0.27347995024993E+02   0.11438405778108E-10
 0.50000000000000022E+00   0.28202127010389E+02   0.11092016194425E-10
 0.50000000000000000E+00   0.29064684357170E+02   0.10762502000716E-10
 0.50000000000000000E+00   0.29935254177814E+02   0.10449863196982E-10
 0.50000000000000000E+00   0.30813435356248E+02   0.10152323426382E-10
 0.50000000000000000E+00   0.31698839228624E+02   0.98681063320782E-11
 0.50000000000000000E+00   0.32591090115412E+02   0.95976560032796E-11
 0.50000000000000000E+00   0.33489825716383E+02   0.93409724399862E-11
 0.50000000000000000E+00   0.34394697380382E+02   0.90945029285194E-11
 0.50000000000000000E+00   0.35305370261891E+02   0.88600238257186E-11
 0.50000000000000000E+00   0.36221523376224E+02   0.86357587747443E-11
 0.50000000000000000E+00   0.37142849564891E+02   0.84217077755966E-11
 0.50000000000000000E+00   0.38069055382202E+02   0.82169826498557E-11
 0.50000000000000000E+00   0.38999860913611E+02   0.80211393083118E-11
 0.50000000000000000E+00   0.39934999535663E+02   0.78337336617551E-11
 0.50000000000000000E+00   0.40874217626704E+02   0.76529893533461E-11
