 0.26712795255892832E-01   0.97578195523695E-18  -0.66543370519327E+06
 0.27446689711473942E-01   0.29483069282768E-04  -0.64663648226523E+06
 0.29869631631181576E-01   0.61082173640461E-04  -0.59113653693608E+06
 0.34318671496965769E-01   0.94949178290611E-04  -0.50963320771463E+06
 0.40978410029960423E-01   0.13124684686428E-03  -0.42070470348493E+06
 0.49625753794536140E-01   0.17014962340302E-03  -0.34085195328537E+06
 0.59617799119024456E-01   0.21184447044981E-03  -0.27742984003716E+06
 0.70288659680897037E-01   0.25653176725507E-03  -0.22961005613947E+06
 0.81277736407221829E-01   0.30442627240692E-03  -0.19348789660373E+06
 0.92468545211900441E-01   0.35575815550320E-03  -0.16552609105141E+06
 0.10382438764541807E+00   0.41077410281323E-03  -0.14331369986948E+06
 0.11532005268885795E+00   0.46973850223137E-03  -0.12528355368928E+06
 0.12693004596968843E+00   0.53293471320370E-03  -0.11038884358187E+06
 0.13862784635593989E+00   0.60066642771546E-03  -0.97904703081255E+05
 0.15038610716879941E+00   0.67325912886222E-03  -0.87313281630682E+05
 0.16217690748756294E+00   0.75106165399386E-03  -0.78234743834337E+05
 0.17397201541379539E+00   0.83444786992019E-03  -0.70384143601757E+05
 0.18574315757515372E+00   0.92381846820159E-03  -0.63543519305594E+05
 0.19746228940307881E+00   0.10196028891215E-02  -0.57543290663962E+05
 0.20910186070395106E+00   0.11222613835509E-02  -0.52249530379319E+05
 0.22063507120152398E+00   0.12322872225722E-02  -0.47555054354265E+05
 0.23203611107428018E+00   0.13502090654347E-02  -0.43373057609690E+05
 0.24328038201850299E+00   0.14765934971652E-02  -0.39632485894282E+05
 0.25434469501367235E+00   0.16120477479678E-02  -0.36274614717242E+05
 0.26520744171780236E+00   0.17572226074079E-02  -0.33250483625664E+05
 0.27584873724089543E+00   0.19128155473023E-02  -0.30518946245425E+05
 0.28625053289697300E+00   0.20795740682274E-02  -0.28045170291307E+05
 0.29639669838234445E+00   0.22582992856177E-02  -0.25799470876639E+05
 0.30627307363596734E+00   0.24498497725618E-02  -0.23756393787376E+05
 0.31586749137774783E+00   0.26551456776172E-02  -0.21893988374872E+05
 0.32516977196909680E+00   0.28751731372654E-02  -0.20193225814182E+05
 0.33417169278043302E+00   0.31109890040199E-02  -0.18637529895210E+05
 0.34286693467275536E+00   0.33637259126873E-02  -0.17212395722518E+05
 0.35125100850174978E+00   0.36345977088734E-02  -0.15905077669326E+05
 0.35932116473572523E+00   0.39249052655295E-02  -0.14704332320791E+05
 0.36707628935063757E+00   0.42360427151559E-02  -0.13600205402372E+05
 0.37451678913788278E+00   0.45695041272231E-02  -0.12583854134679E+05
 0.38164446944744268E+00   0.49268906624595E-02  -0.11647398306896E+05
 0.38846240720575953E+00   0.53099182378730E-02  -0.10783794773330E+05
 0.39497482181029542E+00   0.57204257387563E-02  -0.99867311641929E+04
 0.40118694622647899E+00   0.61603838164655E-02  -0.92505354439425E+04
 0.40710490031192670E+00   0.66319043134761E-02  -0.85700986080694E+04
 0.41273556808007639E+00   0.71372503601200E-02  -0.79408083260678E+04
 0.41808648030141654E+00   0.76788471905016E-02  -0.73584917473557E+04
 0.42316570353401606E+00   0.82592937283951E-02  -0.68193660126385E+04
 0.42798173638282544E+00   0.88813749974526E-02  -0.63199952742381E+04
 0.43254341351418057E+00   0.95480754138094E-02  -0.58572532393667E+04
 0.43685981770159421E+00   0.10262593023187E-01  -0.54282904209972E+04
 0.44094019995365163E+00   0.11028354748868E-01  -0.50305054201612E+04
 0.44479390757638709E+00   0.11849032721462E-01  -0.46615196775556E+04
 0.44843031985253889E+00   0.12728561766261E-01  -0.43191552261193E+04
 0.45185879088067205E+00   0.13671158129094E-01  -0.40014150534611E+04
 0.45508859901168236E+00   0.14681339527142E-01  -0.37064657463682E+04
 0.45812890225411473E+00   0.15763946616981E-01  -0.34326221410088E+04
 0.46098869900167966E+00   0.16924165978315E-01  -0.31783337429626E+04
 0.46367679347927326E+00   0.18167554718499E-01  -0.29421727112924E+04
 0.46620176542542408E+00   0.19500066809896E-01  -0.27228232202495E+04
 0.46857194375022004E+00   0.20928081279553E-01  -0.25190720202182E+04
 0.47079538424450029E+00   0.22458432378533E-01  -0.23298000157479E+04
 0.47287985185905629E+00   0.24098441866553E-01  -0.21539746645687E+04
 0.47483280854548504E+00   0.25855953556357E-01  -0.19906429841576E+04
 0.47666140795020834E+00   0.27739370271550E-01  -0.18389249482950E+04
 0.47837249801335308E+00   0.29757693381404E-01  -0.16980070939309E+04
 0.47997263131252510E+00   0.31920565086455E-01  -0.15671362710279E+04
 0.48146808068506991E+00   0.34238313639551E-01  -0.14456136610963E+04
 0.48286485502476201E+00   0.36722001698414E-01  -0.13327893998191E+04
 0.48416870899140529E+00   0.39383478017693E-01  -0.12280582225390E+04
 0.48538514245714598E+00   0.42235432700963E-01  -0.11308563770136E+04
 0.48651939057718552E+00   0.45291456246181E-01  -0.10406596489791E+04
 0.48757641051616468E+00   0.48566102631601E-01  -0.95698195800158E+03
 0.48856087278019894E+00   0.52074956703276E-01  -0.87937385770204E+03
 0.48947716297032395E+00   0.55834706139791E-01  -0.80742046640592E+03
 0.49032939549999821E+00   0.59863218284852E-01  -0.74073870079273E+03
 0.49112143691294735E+00   0.64179622153785E-01  -0.67897398939627E+03
 0.49185693419453347E+00   0.68804395935657E-01  -0.62179680962350E+03
 0.49253934287419432E+00   0.73759460328728E-01  -0.56889942928719E+03
 0.49317195023111732E+00   0.79068278063012E-01  -0.51999318736555E+03
 0.49375789011091648E+00   0.84755959979821E-01  -0.47480655359840E+03
 0.49430014760299451E+00   0.90849378054143E-01  -0.43308407311529E+03
 0.49480155419624744E+00   0.97377285761297E-01  -0.39458612410583E+03
 0.49526477710580308E+00   0.10437044620442E+00  -0.35908918705394E+03
 0.49569230989183832E+00   0.11186176843355E+00  -0.32638606999106E+03
 0.49608647367188208E+00   0.11988645240026E+00  -0.29628537695436E+03
 0.49644943570272182E+00   0.12848214300340E+00  -0.26860970737570E+03
 0.49678324172311256E+00   0.13768909369134E+00  -0.24319286741108E+03
 0.49708984445262494E+00   0.14755034009334E+00  -0.21987743164375E+03
 0.49737110821482888E+00   0.15811188415740E+00  -0.19851416383381E+03
 0.49762878846645320E+00   0.16942288927237E+00  -0.17896336834449E+03
 0.49786450841665142E+00   0.18153588684917E+00  -0.16109647586190E+03
 0.49807975735194121E+00   0.19450699482699E+00  -0.14479599934844E+03
 0.49827591710304975E+00   0.20839614855590E+00  -0.12995338304623E+03
 0.49845430468373725E+00   0.22326734448556E+00  -0.11646565765417E+03
 0.49861621257106220E+00   0.23918889705942E+00  -0.10423230185456E+03
 0.49876293130863925E+00   0.25623370917446E+00  -0.93153459950860E+02
 0.49889574629172084E+00   0.27447955651526E+00  -0.83130120250685E+02
 0.49901590844621624E+00   0.29400938600797E+00  -0.74066267066271E+02
 0.49912458647010738E+00   0.31491162856155E+00  -0.65872422405853E+02
 0.49922281740183200E+00   0.33728052616913E+00  -0.58469312093578E+02
 0.49931148277766418E+00   0.36121647332923E+00  -0.51789604887345E+02
 0.49939134002581470E+00   0.38682637261280E+00  -0.45775498207006E+02
 0.49946310516620951E+00   0.41422400404472E+00  -0.40372454674300E+02
 0.49952751425539016E+00   0.44353040778554E+00  -0.35524554390908E+02
 0.49958529222615800E+00   0.47487427938818E+00  -0.31176824311546E+02
 0.49963707263044810E+00   0.50839237666158E+00  -0.27281259041673E+02
 0.49968336234790034E+00   0.54422993689737E+00  -0.23799454934383E+02
 0.49972457035047341E+00   0.58254110290335E+00  -0.20700428225204E+02
 0.49976106072380083E+00   0.62348935593563E+00  -0.17956615054889E+02
 0.49979319492067847E+00   0.66724795322943E+00  -0.15540686735198E+02
 0.49982135082509227E+00   0.71400036739287E+00  -0.13424111611634E+02
 0.49984592072891015E+00   0.76394072444865E+00  -0.11577303182118E+02
 0.49986729625974696E+00   0.81727423678444E+00  -0.99707489873379E+01
 0.49988584957985743E+00   0.87421762670440E+00  -0.85764194792487E+01
 0.49990191902832787E+00   0.93499953566278E+00  -0.73688429257762E+01
 0.49991580444473982E+00   0.99986091361083E+00  -0.63254531288295E+01
 0.49992777249463105E+00   0.10690553822024E+01  -0.54261862289305E+01
 0.49993806626117243E+00   0.11428495648913E+01  -0.46527576911732E+01
 0.49994691056469387E+00   0.12215233762238E+01  -0.39882608950066E+01
 0.49995450947137604E+00   0.13053702618907E+01  -0.34173529586972E+01
 0.49996104080755910E+00   0.13946973803820E+01  -0.29266657543515E+01
 0.49996665431764198E+00   0.14898257163832E+01  -0.25049433713732E+01
 0.49997147502082023E+00   0.15910901154124E+01  -0.21427892158000E+01
 0.49997560897451754E+00   0.16988392286241E+01  -0.18322325104780E+01
 0.49997914837614188E+00   0.18134353562483E+01  -0.15663446660382E+01
 0.49998217465782158E+00   0.19352541778144E+01  -0.13390065362553E+01
 0.49998475971617573E+00   0.20646843571704E+01  -0.11448158434758E+01
 0.49998696607444265E+00   0.22021270103889E+01  -0.97907485211379E+00
 0.49998884683973394E+00   0.23479950249930E+01  -0.83779346534464E+00
 0.49999044612496024E+00   0.25027122195788E+01  -0.71765744258970E+00
 0.49999180033132329E+00   0.26667123339008E+01  -0.61593199508418E+00
 0.49999294033570163E+00   0.28404378408543E+01  -0.53029742701654E+00
 0.49999389411934042E+00   0.30243385735729E+01  -0.45865164262460E+00
 0.49999468883803722E+00   0.32188701630746E+01  -0.39895461808446E+00
 0.49999535133116524E+00   0.34244922845610E+01  -0.34919014992946E+00
 0.49999590700179652E+00   0.36416667135785E+01  -0.30744996437603E+00
 0.49999637813155645E+00   0.38708551967931E+01  -0.27206028905327E+00
 0.49999678282607118E+00   0.41125171460457E+01  -0.24166105806185E+00
 0.49999713498330578E+00   0.43671071685993E+01  -0.21520828311450E+00
 0.49999744495361143E+00   0.46350724509653E+01  -0.19192446819127E+00
 0.49999772040386858E+00   0.49168500183013E+01  -0.17123369496626E+00
 0.49999796707904676E+00   0.52128638959647E+01  -0.15270441533497E+00
 0.49999818936039286E+00   0.55235222042457E+01  -0.13600752112311E+00
 0.49999839063606832E+00   0.58492142214126E+01  -0.12088850248654E+00
 0.49999857353912863E+00   0.61903074538070E+01  -0.10714957131649E+00
 0.49999874010672929E+00   0.65471447546554E+01  -0.94637701938984E-01
 0.49999889189947799E+00   0.69200415353393E+01  -0.83235665607303E-01
 0.49999903010360464E+00   0.73092831139412E+01  -0.72854355748229E-01
 0.49999915562578645E+00   0.77151222458371E+01  -0.63425664969483E-01
 0.49999926918203896E+00   0.81377768798438E+01  -0.54895807834840E-01
 0.49999937137760708E+00   0.85774281809213E+01  -0.47219319752982E-01
 0.49999946277336532E+00   0.90342188566791E+01  -0.40354069249493E-01
 0.49999954393494161E+00   0.95082518200100E+01  -0.34257567947224E-01
 0.49999961546277943E+00   0.99995892142010E+01  -0.28884712425296E-01
 0.49999967800390227E+00   0.10508251820010E+02  -0.24186900550133E-01
 0.49999973224856858E+00   0.11034218856679E+02  -0.20112282671939E-01
 0.49999977891671532E+00   0.11577428180921E+02  -0.16606779923931E-01
 0.49999981873964527E+00   0.12137776879844E+02  -0.13615459808864E-01
 0.49999985244170686E+00   0.12715122245837E+02  -0.11083912293547E-01
 0.49999988072503970E+00   0.13309283113941E+02  -0.89593956101339E-02
 0.49999990425846730E+00   0.13920041535339E+02  -0.71916706251587E-02
 0.49999992367004775E+00   0.14547144754655E+02  -0.57335603402260E-02
 0.49999993954210986E+00   0.15190307453807E+02  -0.45413227892306E-02
 0.49999995240774642E+00   0.15849214221413E+02  -0.35749143867787E-02
 0.49999996274830977E+00   0.16523522204246E+02  -0.27981781025859E-02
 0.49999997099196558E+00   0.17212863895965E+02  -0.21789520303228E-02
 0.49999997751357644E+00   0.17916850018301E+02  -0.16890781932597E-02
 0.49999998263609080E+00   0.18635072450965E+02  -0.13042981487796E-02
 0.49999998663338519E+00   0.19367107168599E+02  -0.10040395470310E-02
 0.49999998973427862E+00   0.20112517146046E+02  -0.77111450035217E-03
 0.49999999212732016E+00   0.20870855196793E+02  -0.59136007910254E-03
 0.49999999396592221E+00   0.21641666713578E+02  -0.45325265078988E-03
 0.49999999537347845E+00   0.22424492284561E+02  -0.34752340807520E-03
 0.49999999644819898E+00   0.23218870163075E+02  -0.26679527802287E-03
 0.49999999726749017E+00   0.24024338573573E+02  -0.20525384049241E-03
 0.49999999789180272E+00   0.24840437840854E+02  -0.15835831585509E-03
 0.49999999836793080E+00   0.25666712333901E+02  -0.12259372730572E-03
 0.49999999873179202E+00   0.26502712219579E+02  -0.95262117514316E-04
 0.49999999901073711E+00   0.27347995024993E+02  -0.74309022750185E-04
 0.49999999922544797E+00   0.28202127010389E+02  -0.58180906727046E-04
 0.49999999939147854E+00   0.29064684357170E+02  -0.45709439030261E-04
 0.49999999952048668E+00   0.29935254177814E+02  -0.36018922407566E-04
 0.49999999962120401E+00   0.30813435356248E+02  -0.28453488428948E-04
 0.49999999969931985E+00   0.31698839228624E+02  -0.22585744710701E-04
 0.50000000000000000E+00   0.32591090115412E+02   0.70183858724704E-11
 0.50000000000000000E+00   0.33489825716383E+02   0.68405281439254E-11
 0.50000000000000000E+00   0.34394697380382E+02   0.66657790398494E-11
 0.50000000000000000E+00   0.35305370261891E+02   0.64963590062916E-11
 0.50000000000000000E+00   0.36221523376224E+02   0.63329341770668E-11
 0.50000000000000000E+00   0.37142849564891E+02   0.61768368198045E-11
 0.50000000000000000E+00   0.38069055382202E+02   0.60271787560850E-11
 0.50000000000000000E+00   0.38999860913611E+02   0.58832938520936E-11
 0.50000000000000000E+00   0.39934999535663E+02   0.57456261970401E-11
 0.50000000000000000E+00   0.40874217626704E+02   0.56135096571097E-11
