 0.15014544122194223E+00   0.97578195523695E-18  -0.87513435370855E+05
 0.15017605577228976E+00   0.29483069282768E-04  -0.87487938646240E+05
 0.15027683246642090E+00   0.61082173640461E-04  -0.87404082145854E+05
 0.15046281328635042E+00   0.94949178290611E-04  -0.87249622049923E+05
 0.15075152001960945E+00   0.13124684686428E-03  -0.87010601419524E+05
 0.15116327493749399E+00   0.17014962340302E-03  -0.86671288688055E+05
 0.15172155843149213E+00   0.21184447044981E-03  -0.86214168340799E+05
 0.15245338844401957E+00   0.25653176725507E-03  -0.85620019585113E+05
 0.15338969692811755E+00   0.30442627240692E-03  -0.84868128319040E+05
 0.15456568967619999E+00   0.35575815550320E-03  -0.83936667244770E+05
 0.15602114846909776E+00   0.41077410281323E-03  -0.82803294668774E+05
 0.15780062130138744E+00   0.46973850223137E-03  -0.81446017527874E+05
 0.15995341827255999E+00   0.53293471320370E-03  -0.79844358037513E+05
 0.16253329744219452E+00   0.60066642771546E-03  -0.77980843238500E+05
 0.16559768380103526E+00   0.67325912886222E-03  -0.75842801063324E+05
 0.16920622138903113E+00   0.75106165399386E-03  -0.73424390673567E+05
 0.17341842489618053E+00   0.83444786992019E-03  -0.70728718146994E+05
 0.17829019623720083E+00   0.92381846820159E-03  -0.67769795939267E+05
 0.18386904201051818E+00   0.10196028891215E-02  -0.64574010376151E+05
 0.19018802167604237E+00   0.11222613835509E-02  -0.61180692581017E+05
 0.19725882441480727E+00   0.12322872225722E-02  -0.57641383659197E+05
 0.20506492413938029E+00   0.13502090654347E-02  -0.54017488510271E+05
 0.21355639721587569E+00   0.14765934971652E-02  -0.50376255927640E+05
 0.22264843100984408E+00   0.16120477479678E-02  -0.46785398459286E+05
 0.23222536920759290E+00   0.17572226074079E-02  -0.43307100884868E+05
 0.24215094648549515E+00   0.19128155473023E-02  -0.39992514882001E+05
 0.25228322860628677E+00   0.20795740682274E-02  -0.36877916366276E+05
 0.26249054533752975E+00   0.22582992856177E-02  -0.33983380766743E+05
 0.27266377730425800E+00   0.24498497725618E-02  -0.31314143468841E+05
 0.28272168615889609E+00   0.26551456776172E-02  -0.28864005864391E+05
 0.29260904242804786E+00   0.28751731372654E-02  -0.26619593423933E+05
 0.30229022721858945E+00   0.31109890040199E-02  -0.24564242375012E+05
 0.31174199029949090E+00   0.33637259126873E-02  -0.22680754775970E+05
 0.32094793899278440E+00   0.36345977088734E-02  -0.20952896951300E+05
 0.32989542292777491E+00   0.39249052655295E-02  -0.19365961015069E+05
 0.33857419107596870E+00   0.42360427151559E-02  -0.17906819898182E+05
 0.34697593688946232E+00   0.45695041272231E-02  -0.16563790002121E+05
 0.35509415321679139E+00   0.49268906624595E-02  -0.15326455594847E+05
 0.36292405473525713E+00   0.53099182378730E-02  -0.14185506226358E+05
 0.37046250016295112E+00   0.57204257387563E-02  -0.13132596503888E+05
 0.37770790314773517E+00   0.61603838164655E-02  -0.12160226465280E+05
 0.38466013276881483E+00   0.66319043134761E-02  -0.11261639309131E+05
 0.39132040616321956E+00   0.71372503601200E-02  -0.10430733620812E+05
 0.39769117575197377E+00   0.76788471905016E-02  -0.96619877498084E+04
 0.40377601330279345E+00   0.82592937283951E-02  -0.89503944241905E+04
 0.40957949278226002E+00   0.88813749974526E-02  -0.82914040336623E+04
 0.41510707364740895E+00   0.95480754138094E-02  -0.76808752905712E+04
 0.42036498592447435E+00   0.10262593023187E-01  -0.71150322021618E+04
 0.42536011814239993E+00   0.11028354748868E-01  -0.65904264674989E+04
 0.43009990895449041E+00   0.11849032721462E-01  -0.61039045562486E+04
 0.43459224312086137E+00   0.12728561766261E-01  -0.56525788390259E+04
 0.43884535246911660E+00   0.13671158129094E-01  -0.52338022235295E+04
 0.44286772253493056E+00   0.14681339527142E-01  -0.48451458091535E+04
 0.44666800583358390E+00   0.15763946616981E-01  -0.44843791070823E+04
 0.45025494311818925E+00   0.16924165978315E-01  -0.41494523873183E+04
 0.45363729444154088E+00   0.18167554718499E-01  -0.38384807198719E+04
 0.45682378209258168E+00   0.19500066809896E-01  -0.35497292983937E+04
 0.45982304705303001E+00   0.20928081279553E-01  -0.32815997100061E+04
 0.46264361896415807E+00   0.22458432378533E-01  -0.30326169866949E+04
 0.46529389655708991E+00   0.24098441866553E-01  -0.28014175454257E+04
 0.46778213205145858E+00   0.25855953556357E-01  -0.25867384068872E+04
 0.47011641144518934E+00   0.27739370271550E-01  -0.23874081885141E+04
 0.47230462512177668E+00   0.29757693381404E-01  -0.22023401317428E+04
 0.47435442950626705E+00   0.31920565086455E-01  -0.20305269001245E+04
 0.47627320704449350E+00   0.34238313639551E-01  -0.18710363844170E+04
 0.47806803441180146E+00   0.36722001698414E-01  -0.17230075996454E+04
 0.47974566639804334E+00   0.39383478017693E-01  -0.15856460191640E+04
 0.48131253760281911E+00   0.42235432700963E-01  -0.14582181526550E+04
 0.48277477901526356E+00   0.45291456246181E-01  -0.13400455831863E+04
 0.48413824346781725E+00   0.48566102631601E-01  -0.12304989073870E+04
 0.48540853295081143E+00   0.52074956703276E-01  -0.11289920801593E+04
 0.48659102126862286E+00   0.55834706139791E-01  -0.10349776086654E+04
 0.48769086701830350E+00   0.59863218284852E-01  -0.94794291306106E+03
 0.48871301424237767E+00   0.64179622153785E-01  -0.86740798518380E+03
 0.48966218146940538E+00   0.68804395935657E-01  -0.79292422132307E+03
 0.49054284426130668E+00   0.73759460328728E-01  -0.72407397675489E+03
 0.49135922113757446E+00   0.79068278063012E-01  -0.66047004150369E+03
 0.49211527525546966E+00   0.84755959979821E-01  -0.60175406687240E+03
 0.49281473957036720E+00   0.90849378054143E-01  -0.54759335353230E+03
 0.49346115807814217E+00   0.97377285761297E-01  -0.49767658443703E+03
 0.49405791821021317E+00   0.10437044620442E+00  -0.45171041526056E+03
 0.49460825030974809E+00   0.11186176843355E+00  -0.40941873190427E+03
 0.49511519774983925E+00   0.11988645240026E+00  -0.37054424516296E+03
 0.49558158952953413E+00   0.12848214300340E+00  -0.33484994980156E+03
 0.49601004547315758E+00   0.13768909369134E+00  -0.30211815025829E+03
 0.49640301802551456E+00   0.14755034009334E+00  -0.27214677442727E+03
 0.49676285111047658E+00   0.15811188415740E+00  -0.24474448082106E+03
 0.49709182940271285E+00   0.16942288927237E+00  -0.21972658075462E+03
 0.49739219738314921E+00   0.18153588684917E+00  -0.19691331871527E+03
 0.49766613982294527E+00   0.19450699482699E+00  -0.17613111463184E+03
 0.49791573038559761E+00   0.20839614855590E+00  -0.15721623563725E+03
 0.49814287186169653E+00   0.22326734448556E+00  -0.14001910366689E+03
 0.49834926606223784E+00   0.23918889705942E+00  -0.12440636486429E+03
 0.49853644637546229E+00   0.25623370917446E+00  -0.11025824337477E+03
 0.49870585655598004E+00   0.27447955651526E+00  -0.97462442573097E+02
 0.49885889478219614E+00   0.29400938600797E+00  -0.85910711171452E+02
 0.49899686937067783E+00   0.31491162856155E+00  -0.75502096917801E+02
 0.49912092604296143E+00   0.33728052616913E+00  -0.66148344390948E+02
 0.49923203627672663E+00   0.36121647332923E+00  -0.57774687077961E+02
 0.49933105726669430E+00   0.38682637261280E+00  -0.50315258060943E+02
 0.49941881545835282E+00   0.41422400404472E+00  -0.43706748330298E+02
 0.49949616907050831E+00   0.44353040778554E+00  -0.37883666621263E+02
 0.49956403094346463E+00   0.47487427938818E+00  -0.32776595965110E+02
 0.49962335384329959E+00   0.50839237666158E+00  -0.28313277988135E+02
 0.49967509153257428E+00   0.54422993689737E+00  -0.24421518931969E+02
 0.49972015284259097E+00   0.58254110290335E+00  -0.21032620163191E+02
 0.49975936488755662E+00   0.62348935593563E+00  -0.18084120826858E+02
 0.49979345642807516E+00   0.66724795322943E+00  -0.15521027221394E+02
 0.49982306319832226E+00   0.71400036739287E+00  -0.13295394368328E+02
 0.49984874548273661E+00   0.76394072444865E+00  -0.11364990850134E+02
 0.49987100214645935E+00   0.81727423678444E+00  -0.96922338295714E+01
 0.49989027309200718E+00   0.87421762670440E+00  -0.82439964866371E+01
 0.49990693665388991E+00   0.93499953566278E+00  -0.69917975325533E+01
 0.49992131234878134E+00   0.99986091361083E+00  -0.59115895574434E+01
 0.49993367125306865E+00   0.10690553822024E+01  -0.49829754518045E+01
 0.49994424912912988E+00   0.11428495648913E+01  -0.41882193768488E+01
 0.49995325720310763E+00   0.12215233762238E+01  -0.35114350196266E+01
 0.49996088862332161E+00   0.13053702618907E+01  -0.29380989276156E+01
 0.49996732117323239E+00   0.13946973803820E+01  -0.24548455905508E+01
 0.49997271777179086E+00   0.14898257163832E+01  -0.20494289833955E+01
 0.49997722617272433E+00   0.15910901154124E+01  -0.17107444619012E+01
 0.49998097873981051E+00   0.16988392286241E+01  -0.14288450905425E+01
 0.49998409264719051E+00   0.18134353562483E+01  -0.11949261604984E+01
 0.49998667051008366E+00   0.19352541778144E+01  -0.10012774768244E+01
 0.49998880131086376E+00   0.20646843571704E+01  -0.84121354113281E+00
 0.49999056148388310E+00   0.22021270103889E+01  -0.70899187543319E+00
 0.49999201607391974E+00   0.23479950249930E+01  -0.59972586643865E+00
 0.49999321992605300E+00   0.25027122195788E+01  -0.50929528785463E+00
 0.49999421887921736E+00   0.26667123339008E+01  -0.43425657492460E+00
 0.49999505093228713E+00   0.28404378408543E+01  -0.37175518343654E+00
 0.49999574734790725E+00   0.30243385735729E+01  -0.31944264011704E+00
 0.49999633366430446E+00   0.32188701630746E+01  -0.27540051590363E+00
 0.49999683059751487E+00   0.34244922845610E+01  -0.23807263820174E+00
 0.49999725483007373E+00   0.36416667135785E+01  -0.20620583684436E+00
 0.49999761969260520E+00   0.38708551967931E+01  -0.17879873847935E+00
 0.49999793575029317E+00   0.41125171460457E+01  -0.15505770834303E+00
 0.49999821130755090E+00   0.43671071685993E+01  -0.13435893825820E+00
 0.49999845284290589E+00   0.46350724509653E+01  -0.11621577753127E+00
 0.49999866538369114E+00   0.49168500183013E+01  -0.10025058632316E+00
 0.49999885282757667E+00   0.52128638959647E+01  -0.86170582452720E-01
 0.49999901821583748E+00   0.55235222042457E+01  -0.73747314010191E-01
 0.49999916396166810E+00   0.58492142214126E+01  -0.62799508876184E-01
 0.49999929203587445E+00   0.61903074538070E+01  -0.53179126056115E-01
 0.49999940411191579E+00   0.65471447546554E+01  -0.44760460557582E-01
 0.49999950167259188E+00   0.69200415353393E+01  -0.37432129350215E-01
 0.49999958608167838E+00   0.73092831139412E+01  -0.31091690345027E-01
 0.49999965862534895E+00   0.77151222458371E+01  -0.25642530870034E-01
 0.49999972052990627E+00   0.81377768798438E+01  -0.20992535769601E-01
 0.49999977296357800E+00   0.85774281809213E+01  -0.17053952399991E-01
 0.49999981703029439E+00   0.90342188566791E+01  -0.13743858025174E-01
 0.49999985376205830E+00   0.95082518200100E+01  -0.10984732884808E-01
 0.49999988411395968E+00   0.99995892142010E+01  -0.87048346906569E-02
 0.49999990896291746E+00   0.10508251820010E+02  -0.68382930606754E-02
 0.49999992910900953E+00   0.11034218856679E+02  -0.53250096492210E-02
 0.49999994527749603E+00   0.11577428180921E+02  -0.41105060977733E-02
 0.49999995812024800E+00   0.12137776879844E+02  -0.31458167301288E-02
 0.49999996821644604E+00   0.12715122245837E+02  -0.23874361088314E-02
 0.49999997607328306E+00   0.13309283113941E+02  -0.17972661589098E-02
 0.49999998212761998E+00   0.13920041535339E+02  -0.13424918616174E-02
 0.49999998674920754E+00   0.14547144754655E+02  -0.99533920268957E-03
 0.49999999024557162E+00   0.15190307453807E+02  -0.73270823146210E-03
 0.49999999286822761E+00   0.15849214221413E+02  -0.53570624088994E-03
 0.49999999481967633E+00   0.16523522204246E+02  -0.38912229584565E-03
 0.49999999626061076E+00   0.17212863895965E+02  -0.28088586446540E-03
 0.49999999731686640E+00   0.17916850018301E+02  -0.20154475511713E-03
 0.49999999808579237E+00   0.18635072450965E+02  -0.14378653631830E-03
 0.49999999864186512E+00   0.19367107168599E+02  -0.10201688696210E-03
 0.49999999904147913E+00   0.20112517146046E+02  -0.71999712285553E-04
 0.49999999932693129E+00   0.20870855196793E+02  -0.50557842014687E-04
 0.49999999952966484E+00   0.21641666713578E+02  -0.35329426196107E-04
 0.49999999967285952E+00   0.22424492284561E+02  -0.24573298334385E-04
 0.50000000000000000E+00   0.23218870163075E+02   0.95554675283438E-11
 0.50000000000000000E+00   0.24024338573573E+02   0.92392760109306E-11
 0.50000000000000000E+00   0.24840437840854E+02   0.89364071698128E-11
 0.50000000000000000E+00   0.25666712333901E+02   0.86495255402497E-11
 0.50000000000000000E+00   0.26502712219579E+02   0.83764106761919E-11
 0.50000000000000000E+00   0.27347995024993E+02   0.81183948452690E-11
 0.50000000000000000E+00   0.28202127010389E+02   0.78728135122219E-11
 0.50000000000000000E+00   0.29064684357170E+02   0.76392225878408E-11
 0.50000000000000000E+00   0.29935254177814E+02   0.74171779829157E-11
 0.50000000000000000E+00   0.30813435356248E+02   0.72062356082370E-11
 0.50000000000000000E+00   0.31698839228624E+02   0.70041750177552E-11
 0.50000000000000000E+00   0.32591090115412E+02   0.68123284791000E-11
 0.50000000000000000E+00   0.33489825716383E+02   0.66298078138516E-11
 0.50000000000000000E+00   0.34394697380382E+02   0.64552807543805E-11
 0.50000000000000000E+00   0.35305370261891E+02   0.62887473006867E-11
 0.50000000000000000E+00   0.36221523376224E+02   0.61297633635604E-11
 0.50000000000000000E+00   0.37142849564891E+02   0.59778848537917E-11
 0.50000000000000000E+00   0.38069055382202E+02   0.58326676821707E-11
 0.50000000000000000E+00   0.38999860913611E+02   0.56932236702778E-11
 0.50000000000000000E+00   0.39934999535663E+02   0.55602189519277E-11
 0.50000000000000000E+00   0.40874217626704E+02   0.54323212594909E-11
