 0.23726393453446865E+00   0.97578195523695E-18  -0.41589845527547E+05
 0.23730019532569901E+00   0.29483069282768E-04  -0.41577751337162E+05
 0.23741952224435525E+00   0.61082173640461E-04  -0.41537977888257E+05
 0.23763963639081273E+00   0.94949178290611E-04  -0.41464715343904E+05
 0.23798105960125676E+00   0.13124684686428E-03  -0.41351344568529E+05
 0.23846743002337031E+00   0.17014962340302E-03  -0.41190404182332E+05
 0.23912581807845157E+00   0.21184447044981E-03  -0.40973585974110E+05
 0.23998702053948057E+00   0.25653176725507E-03  -0.40691773386501E+05
 0.24108579961124790E+00   0.30442627240692E-03  -0.40335141358883E+05
 0.24246102646632367E+00   0.35575815550320E-03  -0.39893336871244E+05
 0.24415566725673521E+00   0.41077410281323E-03  -0.39355762872014E+05
 0.24621652934360627E+00   0.46973850223137E-03  -0.38711987641212E+05
 0.24869365877528088E+00   0.53293471320370E-03  -0.37952298129496E+05
 0.25163925210797300E+00   0.60066642771546E-03  -0.37068406464028E+05
 0.25510592081702593E+00   0.67325912886222E-03  -0.36054301836653E+05
 0.25914413579366524E+00   0.75106165399386E-03  -0.34907213512469E+05
 0.26379870096377950E+00   0.83444786992019E-03  -0.33628614321651E+05
 0.26910418630481758E+00   0.92381846820159E-03  -0.32225150052347E+05
 0.27507942540318814E+00   0.10196028891215E-02  -0.30709335494237E+05
 0.28172148051837798E+00   0.11222613835509E-02  -0.29099825223475E+05
 0.28899989800460035E+00   0.12322872225722E-02  -0.27421065043571E+05
 0.29685254687205720E+00   0.13502090654347E-02  -0.25702179110857E+05
 0.30518466920005849E+00   0.14765934971652E-02  -0.23975063170069E+05
 0.31387267950552489E+00   0.16120477479678E-02  -0.22271832585887E+05
 0.32277343760560545E+00   0.17572226074079E-02  -0.20621980373931E+05
 0.33173813518570516E+00   0.19128155473023E-02  -0.19049765847896E+05
 0.34062803499746119E+00   0.20795740682274E-02  -0.17572391935417E+05
 0.34932804605997397E+00   0.22582992856177E-02  -0.16199376851065E+05
 0.35775447847767089E+00   0.24498497725618E-02  -0.14933199456250E+05
 0.36585546158998483E+00   0.26551456776172E-02  -0.13770914939116E+05
 0.37360537773013602E+00   0.28751731372654E-02  -0.12706174646935E+05
 0.38099659906302652E+00   0.31109890040199E-02  -0.11731069750642E+05
 0.38803181792775793E+00   0.33637259126873E-02  -0.10837438139868E+05
 0.39471875109802085E+00   0.36345977088734E-02  -0.10017575240959E+05
 0.40106728992858953E+00   0.39249052655295E-02  -0.92645004216976E+04
 0.40708826864115305E+00   0.42360427151559E-02  -0.85719831513432E+04
 0.41279300158117638E+00   0.45695041272231E-02  -0.79344779202675E+04
 0.41819309228254231E+00   0.49268906624595E-02  -0.73470410232183E+04
 0.42330031832107490E+00   0.53099182378730E-02  -0.68052535280943E+04
 0.42812653811278589E+00   0.57204257387563E-02  -0.63051548581983E+04
 0.43268360922462074E+00   0.61603838164655E-02  -0.58431861490498E+04
 0.43698331654008998E+00   0.66319043134761E-02  -0.54161418377840E+04
 0.44103730972777400E+00   0.71372503601200E-02  -0.50211281224922E+04
 0.44485704949081017E+00   0.76788471905016E-02  -0.46555271725122E+04
 0.44845376202887433E+00   0.82592937283951E-02  -0.43169661735481E+04
 0.45183840111235118E+00   0.88813749974526E-02  -0.40032904542950E+04
 0.45502161715344491E+00   0.95480754138094E-02  -0.37125400722202E+04
 0.45801373265779971E+00   0.10262593023187E-01  -0.34429293420883E+04
 0.46082472344972414E+00   0.11028354748868E-01  -0.31928288769639E+04
 0.46346420508150060E+00   0.11849032721462E-01  -0.29607497818546E+04
 0.46594142385995119E+00   0.12728561766261E-01  -0.27453296980522E+04
 0.46826525194918872E+00   0.13671158129094E-01  -0.25453204440999E+04
 0.47044418603534788E+00   0.14681339527142E-01  -0.23595770391282E+04
 0.47248634906549325E+00   0.15763946616981E-01  -0.21870479276251E+04
 0.47439949459762409E+00   0.16924165978315E-01  -0.20267662527841E+04
 0.47619101332094949E+00   0.18167554718499E-01  -0.18778420493697E+04
 0.47786794132510596E+00   0.19500066809896E-01  -0.17394552473298E+04
 0.47943696971404187E+00   0.20928081279553E-01  -0.16108493947323E+04
 0.48090445517590702E+00   0.22458432378533E-01  -0.14913260234299E+04
 0.48227643113643109E+00   0.24098441866553E-01  -0.13802395934108E+04
 0.48355861914304499E+00   0.25855953556357E-01  -0.12769929621803E+04
 0.48475644015511299E+00   0.27739370271550E-01  -0.11810333336552E+04
 0.48587502545882416E+00   0.29757693381404E-01  -0.10918486466715E+04
 0.48691922699291279E+00   0.31920565086455E-01  -0.10089643657894E+04
 0.48789362697569194E+00   0.34238313639551E-01  -0.93194063589046E+03
 0.48880254687902358E+00   0.36722001698414E-01  -0.86036975617032E+03
 0.48965005601232320E+00   0.39383478017693E-01  -0.79387391783768E+03
 0.49043998025605651E+00   0.42235432700963E-01  -0.73210313356138E+03
 0.49117591177582653E+00   0.45291456246181E-01  -0.67473326895711E+03
 0.49186122073363492E+00   0.48566102631601E-01  -0.62146407657855E+03
 0.49249906986673370E+00   0.52074956703276E-01  -0.57201714817304E+03
 0.49309243205222841E+00   0.55834706139791E-01  -0.52613376200731E+03
 0.49364410952489163E+00   0.59863218284852E-01  -0.48357271518705E+03
 0.49415675172984264E+00   0.64179622153785E-01  -0.44410835988147E+03
 0.49463286801857065E+00   0.68804395935657E-01  -0.40752911956963E+03
 0.49507483268544994E+00   0.73759460328728E-01  -0.37363666075131E+03
 0.49548488304924820E+00   0.79068278063012E-01  -0.34224565067307E+03
 0.49586511454275545E+00   0.84755959979821E-01  -0.31318378654340E+03
 0.49621747794264304E+00   0.90849378054143E-01  -0.28629169838822E+03
 0.49654378244369890E+00   0.97377285761297E-01  -0.26142244161639E+03
 0.49684570554318003E+00   0.10437044620442E+00  -0.23844050620287E+03
 0.49712480828382000E+00   0.11186176843355E+00  -0.21722045285993E+03
 0.49738255310237278E+00   0.11988645240026E+00  -0.19764538362608E+03
 0.49762032126797473E+00   0.12848214300340E+00  -0.17960547224658E+03
 0.49783942726539898E+00   0.13768909369134E+00  -0.16299675020918E+03
 0.49804112815562174E+00   0.14755034009334E+00  -0.14772029237830E+03
 0.49822662679224217E+00   0.15811188415740E+00  -0.13368188221915E+03
 0.49839706879623097E+00   0.16942288927237E+00  -0.12079215977929E+03
 0.49855353448597184E+00   0.18153588684917E+00  -0.10896715875372E+03
 0.49869702862579968E+00   0.19450699482699E+00  -0.98129014371464E+02
 0.49882847278551307E+00   0.20839614855590E+00  -0.88206479674292E+02
 0.49894870640016831E+00   0.22326734448556E+00  -0.79134791467399E+02
 0.49905850089664910E+00   0.23918889705942E+00  -0.70854558427460E+02
 0.49915858378385680E+00   0.25623370917446E+00  -0.63309907149345E+02
 0.49924965897957779E+00   0.27447955651526E+00  -0.56446920728680E+02
 0.49933240780368554E+00   0.29400938600797E+00  -0.50213540091990E+02
 0.49940747001126418E+00   0.31491162856155E+00  -0.44560970834601E+02
 0.49947542191576733E+00   0.33728052616913E+00  -0.39445309050545E+02
 0.49953676913325196E+00   0.36121647332923E+00  -0.34828067094251E+02
 0.49959195780373311E+00   0.38682637261280E+00  -0.30675311426183E+02
 0.49964139680307040E+00   0.41422400404472E+00  -0.26955977543281E+02
 0.49968548108610533E+00   0.44353040778554E+00  -0.23640103808919E+02
 0.49972460923019296E+00   0.47487427938818E+00  -0.20697504501401E+02
 0.49975919204946262E+00   0.50839237666158E+00  -0.18097116135824E+02
 0.49978965205786008E+00   0.54422993689737E+00  -0.15807032649774E+02
 0.49981641540575100E+00   0.58254110290335E+00  -0.13795106612632E+02
 0.49983989893484954E+00   0.62348935593563E+00  -0.12029917359463E+02
 0.49986049542719052E+00   0.66724795322943E+00  -0.10481874870737E+02
 0.49987856018826959E+00   0.71400036739287E+00  -0.91242235587642E+01
 0.49989440201509733E+00   0.76394072444865E+00  -0.79337169104837E+01
 0.49990828137826299E+00   0.81727423678444E+00  -0.68907505955935E+01
 0.49992041763082073E+00   0.87421762670440E+00  -0.59788179834948E+01
 0.49993100370847676E+00   0.93499953566278E+00  -0.51834035317086E+01
 0.49994022102926550E+00   0.99986091361083E+00  -0.44908618760793E+01
 0.49994824483627653E+00   0.10690553822024E+01  -0.38880154429587E+01
 0.49995523774223649E+00   0.11428495648913E+01  -0.33626386750959E+01
 0.49996134002838521E+00   0.12215233762238E+01  -0.29041861492241E+01
 0.49996666585180838E+00   0.13053702618907E+01  -0.25040768572552E+01
 0.49997130670670820E+00   0.13946973803820E+01  -0.21554336512946E+01
 0.49997533821008927E+00   0.14898257163832E+01  -0.18525730978434E+01
 0.49997882642445651E+00   0.15910901154124E+01  -0.15905302455910E+01
 0.49998183204112306E+00   0.16988392286241E+01  -0.13647441981594E+01
 0.49998441233490953E+00   0.18134353562483E+01  -0.11709111545529E+01
 0.49998662148250861E+00   0.19352541778144E+01  -0.10049603999117E+01
 0.49998850996013838E+00   0.20646843571704E+01  -0.86309947604351E+00
 0.49999012361981010E+00   0.22021270103889E+01  -0.74188350569623E+00
 0.49999150285940963E+00   0.23479950249930E+01  -0.63827747986715E+00
 0.49999268212858317E+00   0.25027122195788E+01  -0.54969333014414E+00
 0.49999368988433035E+00   0.26667123339008E+01  -0.47399322919699E+00
 0.49999454903798540E+00   0.28404378408543E+01  -0.40945598819573E+00
 0.49999527790479686E+00   0.30243385735729E+01  -0.35470570766087E+00
 0.49999589162280172E+00   0.32188701630746E+01  -0.30860518263980E+00
 0.49999640385349947E+00   0.34244922845610E+01  -0.27012814478787E+00
 0.49999682828635472E+00   0.36416667135785E+01  -0.23824624370538E+00
 0.49999717928901743E+00   0.38708551967931E+01  -0.21188020093304E+00
 0.49999747138723283E+00   0.41125171460457E+01  -0.18993887410268E+00
 0.49999771802399212E+00   0.43671071685993E+01  -0.17141246198205E+00
 0.49999793046000501E+00   0.46350724509653E+01  -0.15545509404450E+00
 0.49999811734330346E+00   0.49168500183013E+01  -0.14141715792928E+00
 0.49999828490118620E+00   0.52128638959647E+01  -0.12883087972170E+00
 0.49999843743735839E+00   0.55235222042457E+01  -0.11737297965861E+00
 0.49999857786329560E+00   0.58492142214126E+01  -0.10682475761766E+00
 0.49999870813380765E+00   0.61903074538070E+01  -0.97039374865962E-01
 0.49999882955996888E+00   0.65471447546554E+01  -0.87918347788611E-01
 0.49999894301906256E+00   0.69200415353393E+01  -0.79395777603334E-01
 0.49999904909231729E+00   0.73092831139412E+01  -0.71428004088426E-01
 0.49999914815727192E+00   0.77151222458371E+01  -0.63986667430746E-01
 0.49999924045363114E+00   0.81377768798438E+01  -0.57053761428847E-01
 0.49999932613399145E+00   0.85774281809213E+01  -0.50617823127118E-01
 0.49999940530520404E+00   0.90342188566791E+01  -0.44670825828443E-01
 0.49999947806249867E+00   0.95082518200100E+01  -0.39205615829046E-01
 0.49999954451653195E+00   0.99995892142010E+01  -0.34213880671015E-01
 0.49999960481283384E+00   0.10508251820010E+02  -0.29684688410079E-01
 0.49999965914330619E+00   0.11034218856679E+02  -0.25603623901018E-01
 0.49999970775008989E+00   0.11577428180921E+02  -0.21952498300202E-01
 0.49999975092291626E+00   0.12137776879844E+02  -0.18709548037461E-01
 0.49999978899169989E+00   0.12715122245837E+02  -0.15849991190817E-01
 0.49999982231642248E+00   0.13309283113941E+02  -0.13346787383059E-01
 0.49999985127622137E+00   0.13920041535339E+02  -0.11171457357692E-01
 0.49999987625911324E+00   0.14547144754655E+02  -0.92948549462832E-02
 0.49999989765312469E+00   0.15190307453807E+02  -0.76878332559316E-02
 0.49999991583900899E+00   0.15849214221413E+02  -0.63217917263021E-02
 0.49999993118435515E+00   0.16523522204246E+02  -0.51691186965819E-02
 0.49999994403878711E+00   0.17212863895965E+02  -0.42035519413424E-02
 0.49999995473004827E+00   0.17916850018301E+02  -0.34004728494339E-02
 0.49999996356091403E+00   0.18635072450965E+02  -0.27371382595149E-02
 0.49999997080699388E+00   0.19367107168599E+02  -0.21928456281035E-02
 0.49999997671549778E+00   0.20112517146046E+02  -0.17490256605479E-02
 0.49999998150499031E+00   0.20870855196793E+02  -0.13892607589865E-02
 0.49999998536606505E+00   0.21641666713578E+02  -0.10992343914304E-02
 0.49999998846278854E+00   0.22424492284561E+02  -0.86662262059667E-03
 0.49999999093471531E+00   0.23218870163075E+02  -0.68094274094688E-03
 0.49999999289926289E+00   0.24024338573573E+02  -0.53337488570948E-03
 0.49999999445425269E+00   0.24840437840854E+02  -0.41657114633353E-03
 0.49999999568045922E+00   0.25666712333901E+02  -0.32446410416975E-03
 0.49999999664405026E+00   0.26502712219579E+02  -0.25208355428830E-03
 0.49999999739883993E+00   0.27347995024993E+02  -0.19538720382450E-03
 0.49999999798831440E+00   0.28202127010389E+02  -0.15110858576572E-03
 0.49999999844740939E+00   0.29064684357170E+02  -0.11662346345909E-03
 0.49999999880404539E+00   0.29935254177814E+02  -0.89834607668093E-04
 0.49999999908042941E+00   0.30813435356248E+02  -0.69073904277905E-04
 0.49999999929414923E+00   0.31698839228624E+02  -0.53020254822345E-04
 0.49999999945908041E+00   0.32591090115412E+02  -0.40631382381751E-04
 0.49999999958613173E+00   0.33489825716383E+02  -0.31087874217128E-04
 0.49999999968385911E+00   0.34394697380382E+02  -0.23747044832545E-04
 0.49999999969931963E+00   0.35305370261891E+02  -0.22585751582094E-04
 0.50000000000000000E+00   0.36221523376224E+02   0.32329694477085E-12
 0.50000000000000000E+00   0.37142849564891E+02   0.31907809727727E-12
 0.50000000000000000E+00   0.38069055382202E+02   0.31297187064183E-12
 0.50000000000000000E+00   0.38999860913611E+02   0.30608848788916E-12
 0.50000000000000000E+00   0.39934999535663E+02   0.29920510513648E-12
 0.50000000000000000E+00   0.40874217626704E+02   0.29221070008134E-12
