 0.15428343799945285E+00   0.97578195523695E-18  -0.84158933473033E+05
 0.15431451986630512E+00   0.29483069282768E-04  -0.84134417431518E+05
 0.15441683288963631E+00   0.61082173640461E-04  -0.84053787027166E+05
 0.15460564507826255E+00   0.94949178290611E-04  -0.83905268925084E+05
 0.15489873599104598E+00   0.13124684686428E-03  -0.83675443281642E+05
 0.15531672022371082E+00   0.17014962340302E-03  -0.83349183781280E+05
 0.15588340604993034E+00   0.21184447044981E-03  -0.82909648638193E+05
 0.15662617394904799E+00   0.25653176725507E-03  -0.82338356493353E+05
 0.15757635014903004E+00   0.30442627240692E-03  -0.81615390076373E+05
 0.15876955977051282E+00   0.35575815550320E-03  -0.80719761749002E+05
 0.16024601736530208E+00   0.41077410281323E-03  -0.79629989247882E+05
 0.16205069868350766E+00   0.46973850223137E-03  -0.78324925511853E+05
 0.16423330913257495E+00   0.53293471320370E-03  -0.76784880442911E+05
 0.16684793085693536E+00   0.60066642771546E-03  -0.74993053146042E+05
 0.16995218939467943E+00   0.67325912886222E-03  -0.72937258895866E+05
 0.17360573860372466E+00   0.75106165399386E-03  -0.70611881362700E+05
 0.17786783091482683E+00   0.83444786992019E-03  -0.68019906905710E+05
 0.18279374295304163E+00   0.92381846820159E-03  -0.65174808652032E+05
 0.18842990301293289E+00   0.10196028891215E-02  -0.62101957533970E+05
 0.19480776876140868E+00   0.11222613835509E-02  -0.58839171253528E+05
 0.20193687981222133E+00   0.12322872225722E-02  -0.55436007736034E+05
 0.20979806553563088E+00   0.13502090654347E-02  -0.51951509200051E+05
 0.21833841754011399E+00   0.14765934971652E-02  -0.48450336899672E+05
 0.22747005770207318E+00   0.16120477479678E-02  -0.44997597953013E+05
 0.23707451272074326E+00   0.17572226074079E-02  -0.41653084304518E+05
 0.24701327254317851E+00   0.19128155473023E-02  -0.38465979173486E+05
 0.25714295553073235E+00   0.20795740682274E-02  -0.35471162218817E+05
 0.26733130030483349E+00   0.22582992856177E-02  -0.32687935784552E+05
 0.27746934319161587E+00   0.24498497725618E-02  -0.30121333027010E+05
 0.28747653671196216E+00   0.26551456776172E-02  -0.27765392965109E+05
 0.29729865706455016E+00   0.28751731372654E-02  -0.25607254780861E+05
 0.30690124409803227E+00   0.31109890040199E-02  -0.23630895012003E+05
 0.31626227147570968E+00   0.33637259126873E-02  -0.21819776667253E+05
 0.32536659861388029E+00   0.36345977088734E-02  -0.20158290039546E+05
 0.33420283948203855E+00   0.39249052655295E-02  -0.18632292645740E+05
 0.34276200700777448E+00   0.42360427151559E-02  -0.17229162152901E+05
 0.35103704422560633E+00   0.45695041272231E-02  -0.15937664330978E+05
 0.35902266481721190E+00   0.49268906624595E-02  -0.14747784218907E+05
 0.36671526225246587E+00   0.53099182378730E-02  -0.13650569808207E+05
 0.37411282048987493E+00   0.57204257387563E-02  -0.12637997223463E+05
 0.38121481533943985E+00   0.61603838164655E-02  -0.11702855704413E+05
 0.38802210745148036E+00   0.66319043134761E-02  -0.10838649271096E+05
 0.39453682940408880E+00   0.71372503601200E-02  -0.10039512319254E+05
 0.40076226928480563E+00   0.76788471905016E-02  -0.93001368895102E+04
 0.40670275289550839E+00   0.82592937283951E-02  -0.86157097677298E+04
 0.41236352640454565E+00   0.88813749974526E-02  -0.79818579064740E+04
 0.41775064095122649E+00   0.95480754138094E-02  -0.73946009252507E+04
 0.42287084039170675E+00   0.10262593023187E-01  -0.68503096634637E+04
 0.42773145307923721E+00   0.11028354748868E-01  -0.63456699347299E+04
 0.43234028831428800E+00   0.11849032721462E-01  -0.58776507718854E+04
 0.43670553790253808E+00   0.12728561766261E-01  -0.54434765637930E+04
 0.44083568314636562E+00   0.13671158129094E-01  -0.50406025714185E+04
 0.44473940759765324E+00   0.14681339527142E-01  -0.46666933735464E+04
 0.44842551604637776E+00   0.15763946616981E-01  -0.43196038330904E+04
 0.45190286052802320E+00   0.16924165978315E-01  -0.39973621948294E+04
 0.45518027457665527E+00   0.18167554718499E-01  -0.36981549294577E+04
 0.45826651740051583E+00   0.19500066809896E-01  -0.34203129399416E+04
 0.46117022980937694E+00   0.20928081279553E-01  -0.31622987706158E+04
 0.46389990308303930E+00   0.22458432378533E-01  -0.29226945470293E+04
 0.46646386005019413E+00   0.24098441866553E-01  -0.27001905607957E+04
 0.46887024451205350E+00   0.25855953556357E-01  -0.24935746851429E+04
 0.47112701207431612E+00   0.27739370271550E-01  -0.23017230518222E+04
 0.47324191480904265E+00   0.29757693381404E-01  -0.21235924487301E+04
 0.47522247568755921E+00   0.31920565086455E-01  -0.19582145884503E+04
 0.47707595526904134E+00   0.34238313639551E-01  -0.18046918697356E+04
 0.47880931877156713E+00   0.36722001698414E-01  -0.16621938356936E+04
 0.48042921287629398E+00   0.39383478017693E-01  -0.15299534914466E+04
 0.48194195824579772E+00   0.42235432700963E-01  -0.14072629636589E+04
 0.48335355842857602E+00   0.45291456246181E-01  -0.12934684313245E+04
 0.48466972136095110E+00   0.48566102631601E-01  -0.11879646090754E+04
 0.48589588727501698E+00   0.52074956703276E-01  -0.10901892376285E+04
 0.48703725630879707E+00   0.55834706139791E-01  -0.99961805765256E+03
 0.48809880989342447E+00   0.59863218284852E-01  -0.91576066870067E+03
 0.48908532166531399E+00   0.64179622153785E-01  -0.83815753807681E+03
 0.49000135616416562E+00   0.68804395935657E-01  -0.76637823019925E+03
 0.49085125706470700E+00   0.73759460328728E-01  -0.70002066425673E+03
 0.49163913109926233E+00   0.79068278063012E-01  -0.63871088034797E+03
 0.49236883814728882E+00   0.84755959979821E-01  -0.58210247940625E+03
 0.49304399910456048E+00   0.90849378054143E-01  -0.52987483583185E+03
 0.49366802614627880E+00   0.97377285761297E-01  -0.48172973725598E+03
 0.49424416349844646E+00   0.10437044620442E+00  -0.43738737449586E+03
 0.49477551245011114E+00   0.11186176843355E+00  -0.39658368549585E+03
 0.49526502224139968E+00   0.11988645240026E+00  -0.35907041955054E+03
 0.49571545867863215E+00   0.12848214300340E+00  -0.32461696749534E+03
 0.49612938388641165E+00   0.13768909369134E+00  -0.29301138411088E+03
 0.49650917093293173E+00   0.14755034009334E+00  -0.26405880403806E+03
 0.49685705030230704E+00   0.15811188415740E+00  -0.23757750472288E+03
 0.49717516636383718E+00   0.16942288927237E+00  -0.21339428844538E+03
 0.49746561911941195E+00   0.18153588684917E+00  -0.19134105119838E+03
 0.49773047422367694E+00   0.19450699482699E+00  -0.17125380551003E+03
 0.49797173645665799E+00   0.20839614855590E+00  -0.15297449692197E+03
 0.49819129602629508E+00   0.22326734448556E+00  -0.13635488461673E+03
 0.49839087265806092E+00   0.23918889705942E+00  -0.12126059007355E+03
 0.49857199470403490E+00   0.25623370917446E+00  -0.10757250478771E+03
 0.49873604097485946E+00   0.27447955651526E+00  -0.95183481305659E+02
 0.49888431949734602E+00   0.29400938600797E+00  -0.83992272727741E+02
 0.49901810023855231E+00   0.31491162856155E+00  -0.73900980264237E+02
 0.49913856226580450E+00   0.33728052616913E+00  -0.64818967815146E+02
 0.49924672557710637E+00   0.36121647332923E+00  -0.56667928781446E+02
 0.49934344784766205E+00   0.38682637261280E+00  -0.49382061603172E+02
 0.49942948521471453E+00   0.41422400404472E+00  -0.42903435376566E+02
 0.49950556918198447E+00   0.44353040778554E+00  -0.37176161066590E+02
 0.49957246111143833E+00   0.47487427938818E+00  -0.32142264983608E+02
 0.49963097051756511E+00   0.50839237666158E+00  -0.27740293786199E+02
 0.49968194112743308E+00   0.54422993689737E+00  -0.23906346189911E+02
 0.49972621733895345E+00   0.58254110290335E+00  -0.20576577904645E+02
 0.49976460597642181E+00   0.62348935593563E+00  -0.17690058938706E+02
 0.49979784623826307E+00   0.66724795322943E+00  -0.15191014908706E+02
 0.49982659562342985E+00   0.71400036739287E+00  -0.13029868609587E+02
 0.49985143219234840E+00   0.76394072444865E+00  -0.11163056346448E+02
 0.49987286587051849E+00   0.81727423678444E+00  -0.95521675941185E+01
 0.49989134848630978E+00   0.87421762670440E+00  -0.81631824536906E+01
 0.49990727740728186E+00   0.93499953566278E+00  -0.69661921690811E+01
 0.49992099606201645E+00   0.99986091361083E+00  -0.59353550761745E+01
 0.49993279711787952E+00   0.10690553822024E+01  -0.50486540565243E+01
 0.49994292987347944E+00   0.11428495648913E+01  -0.42873382351405E+01
 0.49995160928002014E+00   0.12215233762238E+01  -0.36352430753418E+01
 0.49995902358374977E+00   0.13053702618907E+01  -0.30782146749680E+01
 0.49996533934329107E+00   0.13946973803820E+01  -0.26037317093761E+01
 0.49997070421494250E+00   0.14898257163832E+01  -0.22006953486657E+01
 0.49997524857671816E+00   0.15910901154124E+01  -0.18593066164479E+01
 0.49997908695195231E+00   0.16988392286241E+01  -0.15709589563022E+01
 0.49998231970680063E+00   0.18134353562483E+01  -0.13281103403965E+01
 0.49998503497363705E+00   0.19352541778144E+01  -0.11241385023065E+01
 0.49998731043355227E+00   0.20646843571704E+01  -0.95320682726064E+00
 0.49998921460158752E+00   0.22021270103889E+01  -0.81016765140490E+00
 0.49999080754096908E+00   0.23479950249930E+01  -0.69050849400649E+00
 0.49999214124603103E+00   0.25027122195788E+01  -0.59032320657571E+00
 0.49999326003644229E+00   0.26667123339008E+01  -0.50628229504082E+00
 0.49999420116921839E+00   0.28404378408543E+01  -0.43558689961177E+00
 0.49999499566500050E+00   0.30243385735729E+01  -0.37590669302073E+00
 0.49999566922035454E+00   0.32188701630746E+01  -0.32531132730996E+00
 0.49999624307138973E+00   0.34244922845610E+01  -0.28220554486774E+00
 0.49999673473139794E+00   0.36416667135785E+01  -0.24527375789797E+00
 0.49999715858688687E+00   0.38708551967931E+01  -0.21343526848487E+00
 0.49999752637433625E+00   0.41125171460457E+01  -0.18580845091051E+00
 0.49999784757267263E+00   0.43671071685993E+01  -0.16168126647731E+00
 0.49999812974293073E+00   0.46350724509653E+01  -0.14048574684786E+00
 0.49999837883627857E+00   0.49168500183013E+01  -0.12177485445859E+00
 0.49999859948082204E+00   0.52128638959647E+01  -0.10520093763055E+00
 0.49999879524934054E+00   0.55235222042457E+01  -0.90495618436652E-01
 0.49999896890510964E+00   0.58492142214126E+01  -0.77451326913206E-01
 0.49999912262078217E+00   0.61903074538070E+01  -0.65904859214855E-01
 0.49999925816509933E+00   0.65471447546554E+01  -0.55723352357374E-01
 0.49999937705327180E+00   0.69200415353393E+01  -0.46792988099583E-01
 0.49999948065879274E+00   0.73092831139412E+01  -0.39010593877085E-01
 0.49999957028705289E+00   0.77151222458371E+01  -0.32278113046251E-01
 0.49999964721421836E+00   0.81377768798438E+01  -0.26499684551622E-01
 0.49999971269796956E+00   0.85774281809213E+01  -0.21580836143169E-01
 0.49999976796915563E+00   0.90342188566791E+01  -0.17429111262958E-01
 0.49999981421429496E+00   0.95082518200100E+01  -0.13955383462953E-01
 0.49999985255758278E+00   0.99995892142010E+01  -0.11075207862420E-01
 0.49999988404784151E+00   0.10508251820010E+02  -0.87098013737981E-02
 0.49999990965186036E+00   0.11034218856679E+02  -0.67865429584515E-02
 0.49999993025248834E+00   0.11577428180921E+02  -0.52391168533061E-02
 0.49999994664877778E+00   0.12137776879844E+02  -0.40075017576031E-02
 0.49999995955628262E+00   0.12715122245837E+02  -0.30379484480694E-02
 0.49999996960715731E+00   0.13309283113941E+02  -0.22829722999118E-02
 0.49999997735082558E+00   0.13920041535339E+02  -0.17013030658761E-02
 0.49999998325620981E+00   0.14547144754655E+02  -0.12577174083326E-02
 0.49999998771606646E+00   0.15190307453807E+02  -0.92271323071635E-03
 0.49999999105333753E+00   0.15849214221413E+02  -0.67203258758042E-03
 0.49999999352895996E+00   0.16523522204246E+02  -0.48607508483656E-03
 0.49999999535038997E+00   0.17212863895965E+02  -0.34925753992443E-03
 0.49999999668014761E+00   0.17916850018301E+02  -0.24937219682553E-03
 0.49999999764385206E+00   0.18635072450965E+02  -0.17698310494385E-03
 0.49999999833742148E+00   0.19367107168599E+02  -0.12488532505728E-03
 0.49999999883328256E+00   0.20112517146046E+02  -0.87638502763276E-04
 0.49999999918556526E+00   0.20870855196793E+02  -0.61176630364645E-04
 0.49999999943434309E+00   0.21641666713578E+02  -0.42489565887038E-04
 0.49999999960902275E+00   0.22424492284561E+02  -0.29368436830435E-04
 0.49999999969931952E+00   0.23218870163075E+02  -0.22585743894687E-04
 0.50000000000000000E+00   0.24024338573573E+02   0.77475803550442E-11
 0.50000000000000000E+00   0.24840437840854E+02   0.74948935946395E-11
 0.50000000000000000E+00   0.25666712333901E+02   0.72541972429008E-11
 0.50000000000000000E+00   0.26502712219579E+02   0.70254912998280E-11
 0.50000000000000000E+00   0.27347995024993E+02   0.68083316762113E-11
 0.50000000000000000E+00   0.28202127010389E+02   0.66018301936310E-11
 0.50000000000000000E+00   0.29064684357170E+02   0.64064309412970E-11
 0.50000000000000000E+00   0.29935254177814E+02   0.62203575623698E-11
 0.50000000000000000E+00   0.30813435356248E+02   0.60427218784298E-11
 0.50000000000000000E+00   0.31698839228624E+02   0.58735238894769E-11
 0.50000000000000000E+00   0.32591090115412E+02   0.57127635955112E-11
 0.50000000000000000E+00   0.33489825716383E+02   0.55595528181129E-11
 0.50000000000000000E+00   0.34394697380382E+02   0.54134474680723E-11
 0.50000000000000000E+00   0.35305370261891E+02   0.52740034561793E-11
 0.50000000000000000E+00   0.36221523376224E+02   0.51403326040145E-11
 0.50000000000000000E+00   0.37142849564891E+02   0.50128790007875E-11
 0.50000000000000000E+00   0.38069055382202E+02   0.48916426464984E-11
 0.50000000000000000E+00   0.38999860913611E+02   0.47744030950980E-11
 0.50000000000000000E+00   0.39934999535663E+02   0.46627146588207E-11
 0.50000000000000000E+00   0.40874217626704E+02   0.45552450700370E-11
