 0.34449116458848947E-01   0.97578195523695E-18  -0.50756121540740E+06
 0.35379614069155525E-01   0.29483069282768E-04  -0.49322437450711E+06
 0.38445683634145661E-01   0.61082173640461E-04  -0.45089413694765E+06
 0.44051999730746458E-01   0.94949178290611E-04  -0.38873088267861E+06
 0.52387305922568253E-01   0.13124684686428E-03  -0.32090440913695E+06
 0.63109962629055716E-01   0.17014962340302E-03  -0.26000013352821E+06
 0.75361015874715415E-01   0.21184447044981E-03  -0.21162767905703E+06
 0.88282637024361885E-01   0.25653176725507E-03  -0.17515528060419E+06
 0.10141829529620298E+00   0.30442627240692E-03  -0.14760477348839E+06
 0.11461991573280830E+00   0.35575815550320E-03  -0.12627824297916E+06
 0.12783907124228516E+00   0.41077410281323E-03  -0.10933683987786E+06
 0.14104283078224913E+00   0.46973850223137E-03  -0.95585268131783E+05
 0.15419959309178471E+00   0.53293471320370E-03  -0.84225116206270E+05
 0.16727824664213062E+00   0.60066642771546E-03  -0.74703521451054E+05
 0.18024842105582956E+00   0.67325912886222E-03  -0.66625514318162E+05
 0.19308076329976892E+00   0.75106165399386E-03  -0.59701390742712E+05
 0.20574719437149919E+00   0.83444786992019E-03  -0.53713819591594E+05
 0.21822114134240936E+00   0.92381846820159E-03  -0.48496559349313E+05
 0.23047774098274651E+00   0.10196028891215E-02  -0.43920269328866E+05
 0.24249401209816909E+00   0.11222613835509E-02  -0.39882801621663E+05
 0.25424899465168793E+00   0.12322872225722E-02  -0.36302405515414E+05
 0.26572385470135979E+00   0.13502090654347E-02  -0.33112873545044E+05
 0.27690195510871918E+00   0.14765934971652E-02  -0.30260011372738E+05
 0.28776889283261753E+00   0.16120477479678E-02  -0.27699028581686E+05
 0.29831250438852341E+00   0.17572226074079E-02  -0.25392581773523E+05
 0.30852284170326100E+00   0.19128155473023E-02  -0.23309287315013E+05
 0.31839212111585447E+00   0.20795740682274E-02  -0.21422577281297E+05
 0.32791464866048181E+00   0.22582992856177E-02  -0.19709809610874E+05
 0.33708672501829895E+00   0.24498497725618E-02  -0.18151568912208E+05
 0.34590653364791468E+00   0.26551456776172E-02  -0.16731111896068E+05
 0.35437401561110154E+00   0.28751731372654E-02  -0.15433923681732E+05
 0.36249073451600761E+00   0.31109890040199E-02  -0.14247359935760E+05
 0.37025973482184327E+00   0.33637259126873E-02  -0.13160356062708E+05
 0.37768539650492944E+00   0.36345977088734E-02  -0.12163189220426E+05
 0.38477328879407746E+00   0.39249052655295E-02  -0.11247282280451E+05
 0.39153002536058090E+00   0.42360427151559E-02  -0.10405041341035E+05
 0.39796312300999315E+00   0.45695041272231E-02  -0.96297202655236E+04
 0.40408086558270617E+00   0.49268906624595E-02  -0.89153071302584E+04
 0.40989217443911929E+00   0.53099182378730E-02  -0.82564285433266E+04
 0.41540648659160767E+00   0.57204257387563E-02  -0.76482686239634E+04
 0.42063364125590080E+00   0.61603838164655E-02  -0.70865000745133E+04
 0.42558377533312691E+00   0.66319043134761E-02  -0.65672252779609E+04
 0.43026722810301715E+00   0.71372503601200E-02  -0.60869257477811E+04
 0.43469445520933148E+00   0.76788471905016E-02  -0.56424185682148E+04
 0.43887595184988148E+00   0.82592937283951E-02  -0.52308187108103E+04
 0.44282218494395992E+00   0.88813749974526E-02  -0.48495063113500E+04
 0.44654353393716634E+00   0.95480754138094E-02  -0.44960981509184E+04
 0.45005023981464054E+00   0.10262593023187E-01  -0.41684227141249E+04
 0.45335236182542077E+00   0.11028354748868E-01  -0.38644983027610E+04
 0.45645974136977707E+00   0.11849032721462E-01  -0.35825137694035E+04
 0.45938197246480050E+00   0.12728561766261E-01  -0.33208115065326E+04
 0.46212837817841279E+00   0.13671158129094E-01  -0.30778723856247E+04
 0.46470799240588834E+00   0.14681339527142E-01  -0.28523023897837E+04
 0.46712954635419868E+00   0.15763946616981E-01  -0.26428207246039E+04
 0.46940145909702957E+00   0.16924165978315E-01  -0.24482492265422E+04
 0.47153183156728395E+00   0.18167554718499E-01  -0.22675029171563E+04
 0.47352844336570166E+00   0.19500066809896E-01  -0.20995815758800E+04
 0.47539875178705254E+00   0.20928081279553E-01  -0.19435622239944E+04
 0.47714989250464551E+00   0.22458432378533E-01  -0.17985924282490E+04
 0.47878868141796727E+00   0.24098441866553E-01  -0.16638843440125E+04
 0.48032161726905975E+00   0.25855953556357E-01  -0.15387094243534E+04
 0.48175488478620326E+00   0.27739370271550E-01  -0.14223937222260E+04
 0.48309435833528014E+00   0.29757693381404E-01  -0.13143137069840E+04
 0.48434560635975804E+00   0.31920565086455E-01  -0.12138925033226E+04
 0.48551389725305277E+00   0.34238313639551E-01  -0.11205964420390E+04
 0.48660420765301765E+00   0.36722001698414E-01  -0.10339317941032E+04
 0.48762123428990956E+00   0.39383478017693E-01  -0.95344155708862E+03
 0.48856941014978733E+00   0.42235432700963E-01  -0.87870219946002E+03
 0.48945292453481448E+00   0.45291456246181E-01  -0.80932036583626E+03
 0.49027574466870466E+00   0.48566102631601E-01  -0.74492969907689E+03
 0.49104163464823181E+00   0.52074956703276E-01  -0.68518807694427E+03
 0.49175416729648608E+00   0.55834706139791E-01  -0.62977557613685E+03
 0.49241672687508192E+00   0.59863218284852E-01  -0.57839328815997E+03
 0.49303250479759936E+00   0.64179622153785E-01  -0.53076279124027E+03
 0.49360449385970406E+00   0.68804395935657E-01  -0.48662583151107E+03
 0.49413548692261977E+00   0.73759460328728E-01  -0.44574374565735E+03
 0.49462808358781318E+00   0.79068278063012E-01  -0.40789635001389E+03
 0.49508470503408547E+00   0.84755959979821E-01  -0.37288028235120E+03
 0.49550761458943615E+00   0.90849378054143E-01  -0.34050698000379E+03
 0.49589894039343224E+00   0.97377285761297E-01  -0.31060056738661E+03
 0.49626069642323534E+00   0.10437044620442E+00  -0.28299592879473E+03
 0.49659479874565199E+00   0.11186176843355E+00  -0.25753719527988E+03
 0.49690307481977158E+00   0.11988645240026E+00  -0.23407680045275E+03
 0.49718726493545889E+00   0.12848214300340E+00  -0.21247516481025E+03
 0.49744901650722184E+00   0.13768909369134E+00  -0.19260094570309E+03
 0.49768987405401882E+00   0.14755034009334E+00  -0.17433163233568E+03
 0.49791127015634840E+00   0.15811188415740E+00  -0.15755408173177E+03
 0.49811452454122479E+00   0.16942288927237E+00  -0.14216445418778E+03
 0.49830085720266176E+00   0.18153588684917E+00  -0.12806710376837E+03
 0.49847141404731105E+00   0.19450699482699E+00  -0.11517254135456E+03
 0.49862729173910036E+00   0.20839614855590E+00  -0.10339547801260E+03
 0.49876954390627060E+00   0.22326734448556E+00  -0.92654291263928E+02
 0.49889916438120735E+00   0.23918889705942E+00  -0.82872232821126E+02
 0.49901706378587740E+00   0.25623370917446E+00  -0.73979140784169E+02
 0.49912406067277415E+00   0.27447955651526E+00  -0.65912056630231E+02
 0.49922089497030475E+00   0.29400938600797E+00  -0.58614166953005E+02
 0.49930825655419869E+00   0.31491162856155E+00  -0.52032614527367E+02
 0.49938681628696668E+00   0.33728052616913E+00  -0.46116132837626E+02
 0.49945724908167644E+00   0.36121647332923E+00  -0.40813288543382E+02
 0.49952024330722444E+00   0.38682637261280E+00  -0.36071756660925E+02
 0.49957649530405768E+00   0.41422400404472E+00  -0.31838718325517E+02
 0.49962669119590652E+00   0.44353040778554E+00  -0.28062214800297E+02
 0.49967148068487943E+00   0.47487427938818E+00  -0.24693104250932E+02
 0.49971144955077262E+00   0.50839237666158E+00  -0.21687115779254E+02
 0.49974709975637138E+00   0.54422993689737E+00  -0.19006331895490E+02
 0.49977884804278616E+00   0.58254110290335E+00  -0.16619282075191E+02
 0.49980705088873395E+00   0.62348935593563E+00  -0.14499056676472E+02
 0.49983204640933043E+00   0.66724795322943E+00  -0.12620150653622E+02
 0.49985417960412648E+00   0.71400036739287E+00  -0.10956561695870E+02
 0.49987378651323400E+00   0.76394072444865E+00  -0.94829780511557E+01
 0.49989115904935838E+00   0.81727423678444E+00  -0.81774183013398E+01
 0.49990652808224140E+00   0.87421762670440E+00  -0.70224990423116E+01
 0.49992007273888317E+00   0.93499953566278E+00  -0.60047329802625E+01
 0.49993194109267169E+00   0.99986091361083E+00  -0.51129721925309E+01
 0.49994226860153274E+00   0.10690553822024E+01  -0.43370213975612E+01
 0.49995118913510150E+00   0.11428495648913E+01  -0.36668085983633E+01
 0.49995883888759435E+00   0.12215233762238E+01  -0.30920904979546E+01
 0.49996535543551296E+00   0.13053702618907E+01  -0.26025227731323E+01
 0.49997087436294557E+00   0.13946973803820E+01  -0.21879131147992E+01
 0.49997552534893902E+00   0.14898257163832E+01  -0.18385147011926E+01
 0.49997942890451730E+00   0.15910901154124E+01  -0.15452709046007E+01
 0.49998269429366904E+00   0.16988392286241E+01  -0.12999711097563E+01
 0.49998541867913515E+00   0.18134353562483E+01  -0.10953145868128E+01
 0.49998768723657694E+00   0.19352541778144E+01  -0.92490168173610E+00
 0.49998957387015142E+00   0.20646843571704E+01  -0.78317988513642E+00
 0.49999114219623514E+00   0.22021270103889E+01  -0.66536980405746E+00
 0.49999244657586550E+00   0.23479950249930E+01  -0.56738751026256E+00
 0.49999353310106409E+00   0.25027122195788E+01  -0.48577038006015E+00
 0.49999444052440611E+00   0.26667123339008E+01  -0.41760721751437E+00
 0.49999520114956669E+00   0.28404378408543E+01  -0.36047132395216E+00
 0.49999584169039835E+00   0.30243385735729E+01  -0.31235594188019E+00
 0.49999638408622660E+00   0.32188701630746E+01  -0.27161299548072E+00
 0.49999684625096308E+00   0.34244922845610E+01  -0.23689680800601E+00
 0.49999724273712642E+00   0.36416667135785E+01  -0.20711421479492E+00
 0.49999758530697425E+00   0.38708551967931E+01  -0.18138165641385E+00
 0.49999788341437468E+00   0.41125171460457E+01  -0.15898897852429E+00
 0.49999814460856373E+00   0.43671071685993E+01  -0.13936910061674E+00
 0.49999837487373433E+00   0.46350724509653E+01  -0.12207250564840E+00
 0.49999857891762844E+00   0.49168500183013E+01  -0.10674556099262E+00
 0.49999876041961372E+00   0.52128638959647E+01  -0.93111883047442E-01
 0.49999892224551201E+00   0.55235222042457E+01  -0.80956199671094E-01
 0.49999906663354737E+00   0.58492142214126E+01  -0.70110382130593E-01
 0.49999919535360626E+00   0.61903074538070E+01  -0.60441481897422E-01
 0.49999930984064156E+00   0.65471447546554E+01  -0.51841709696566E-01
 0.49999941130248249E+00   0.69200415353393E+01  -0.44220337208592E-01
 0.49999950080244254E+00   0.73092831139412E+01  -0.37497491797192E-01
 0.49999957931784933E+00   0.77151222458371E+01  -0.31599759947438E-01
 0.49999964777677053E+00   0.81377768798438E+01  -0.26457428569787E-01
 0.49999970707652019E+00   0.85774281809213E+01  -0.22003094786207E-01
 0.49999975808864794E+00   0.90342188566791E+01  -0.18171291199301E-01
 0.49999980165563068E+00   0.95082518200100E+01  -0.14898734342257E-01
 0.49999983858413533E+00   0.99995892142010E+01  -0.12124830713523E-01
 0.49999986963847093E+00   0.10508251820010E+02  -0.97921686322868E-02
 0.49999989553606267E+00   0.11034218856679E+02  -0.78468582004323E-02
 0.49999991694508933E+00   0.11577428180921E+02  -0.62387087141809E-02
 0.49999993448341346E+00   0.12137776879844E+02  -0.49213090445077E-02
 0.49999994871780290E+00   0.12715122245837E+02  -0.38520860966860E-02
 0.49999996016295012E+00   0.13309283113941E+02  -0.29923784554025E-02
 0.49999996928044393E+00   0.13920041535339E+02  -0.23075136279780E-02
 0.49999997647823952E+00   0.14547144754655E+02  -0.17668478564397E-02
 0.49999998211118557E+00   0.15190307453807E+02  -0.13437264966720E-02
 0.49999998648291510E+00   0.15849214221413E+02  -0.10153420151737E-02
 0.49999998984907684E+00   0.16523522204246E+02  -0.76249122952277E-03
 0.49999999242163240E+00   0.17212863895965E+02  -0.56925253345819E-03
 0.49999999437381770E+00   0.17916850018301E+02  -0.42261324399639E-03
 0.49999999584535787E+00   0.18635072450965E+02  -0.31207783075393E-03
 0.49999999694759417E+00   0.19367107168599E+02  -0.22928284740953E-03
 0.49999999776827364E+00   0.20112517146046E+02  -0.16763713477985E-03
 0.49999999837585224E+00   0.20870855196793E+02  -0.12199859668716E-03
 0.49999999882324114E+00   0.21641666713578E+02  -0.88392776290913E-04
 0.49999999915098714E+00   0.22424492284561E+02  -0.63773981800797E-04
 0.49999999938991546E+00   0.23218870163075E+02  -0.45826764973000E-04
 0.49999999956328761E+00   0.24024338573573E+02  -0.32803842351381E-04
 0.49999999968853520E+00   0.24840437840854E+02  -0.23395808149695E-04
 0.49999999999999989E+00   0.25666712333901E+02   0.19191315203670E-11
 0.50000000000000000E+00   0.26502712219579E+02   0.18629542353210E-11
 0.50000000000000000E+00   0.27347995024993E+02   0.18072210394848E-11
 0.50000000000000000E+00   0.28202127010389E+02   0.17528201112782E-11
 0.50000000000000000E+00   0.29064684357170E+02   0.17008616737257E-11
 0.50000000000000000E+00   0.29935254177814E+02   0.16513457268275E-11
 0.50000000000000000E+00   0.30813435356248E+02   0.16044943151883E-11
 0.50000000000000000E+00   0.31698839228624E+02   0.15591972157836E-11
 0.50000000000000000E+00   0.32591090115412E+02   0.15167866962429E-11
 0.50000000000000000E+00   0.33489825716383E+02   0.14761525335416E-11
 0.50000000000000000E+00   0.34394697380382E+02   0.14372947276797E-11
 0.50000000000000000E+00   0.35305370261891E+02   0.13999912340523E-11
 0.50000000000000000E+00   0.36221523376224E+02   0.13646861418692E-11
 0.50000000000000000E+00   0.37142849564891E+02   0.13309353619206E-11
 0.50000000000000000E+00   0.38069055382202E+02   0.12987388942065E-11
 0.50000000000000000E+00   0.38999860913611E+02   0.12676526495170E-11
 0.50000000000000000E+00   0.39934999535663E+02   0.12378986724570E-11
 0.50000000000000000E+00   0.40874217626704E+02   0.12094769630266E-11
