 0.14012714336876411E+00   0.97578195523695E-18  -0.96455316330742E+05
 0.14015654391542851E+00   0.29483069282768E-04  -0.96427204501124E+05
 0.14025332938122606E+00   0.61082173640461E-04  -0.96334744703203E+05
 0.14043195318053625E+00   0.94949178290611E-04  -0.96164438855057E+05
 0.14070926469351575E+00   0.13124684686428E-03  -0.95900897590689E+05
 0.14110482147593345E+00   0.17014962340302E-03  -0.95526775249852E+05
 0.14164124293238650E+00   0.21184447044981E-03  -0.95022759726286E+05
 0.14234459028463783E+00   0.25653176725507E-03  -0.94367658344301E+05
 0.14324474798607423E+00   0.30442627240692E-03  -0.93538632095271E+05
 0.14437579746710635E+00   0.35575815550320E-03  -0.92511614567867E+05
 0.14577634489557501E+00   0.41077410281323E-03  -0.91261972255175E+05
 0.14748975355513871E+00   0.46973850223137E-03  -0.89765456115457E+05
 0.14956420385385866E+00   0.53293471320370E-03  -0.87999487932178E+05
 0.15205247151084200E+00   0.60066642771546E-03  -0.85944802691283E+05
 0.15501127320748379E+00   0.67325912886222E-03  -0.83587428927333E+05
 0.15849998420584543E+00   0.75106165399386E-03  -0.80920927371789E+05
 0.16257849421542833E+00   0.83444786992019E-03  -0.77948723703357E+05
 0.16730395805810092E+00   0.92381846820159E-03  -0.74686269039216E+05
 0.17272625354202434E+00   0.10196028891215E-02  -0.71162657977540E+05
 0.17888213281179507E+00   0.11222613835509E-02  -0.67421258088501E+05
 0.18578839970695932E+00   0.12322872225722E-02  -0.63518899699825E+05
 0.19343498309922202E+00   0.13502090654347E-02  -0.59523288997975E+05
 0.20177942074706612E+00   0.14765934971652E-02  -0.55508575714331E+05
 0.21074476098648209E+00   0.16120477479678E-02  -0.51549421033767E+05
 0.22022279879828785E+00   0.17572226074079E-02  -0.47714391405416E+05
 0.23008347446556052E+00   0.19128155473023E-02  -0.44059888421320E+05
 0.24018918470937231E+00   0.20795740682274E-02  -0.40625911930020E+05
 0.25041048009307942E+00   0.22582992856177E-02  -0.37434599374144E+05
 0.26063854334992209E+00   0.24498497725618E-02  -0.34491725732780E+05
 0.27079099655073069E+00   0.26551456776172E-02  -0.31790458900029E+05
 0.28081056451992431E+00   0.28751731372654E-02  -0.29316054480426E+05
 0.29065909221975350E+00   0.31109890040199E-02  -0.27050141093398E+05
 0.30031054360241816E+00   0.33637259126873E-02  -0.24973757999479E+05
 0.30974560095518655E+00   0.36345977088734E-02  -0.23069007190162E+05
 0.31894860083741600E+00   0.39249052655295E-02  -0.21319672463970E+05
 0.32790622906177691E+00   0.42360427151559E-02  -0.19711280054573E+05
 0.33660710522305243E+00   0.45695041272231E-02  -0.18230947156045E+05
 0.34504167779809058E+00   0.49268906624595E-02  -0.16867188272260E+05
 0.35320218443487539E+00   0.53099182378730E-02  -0.15609735931803E+05
 0.36108260792215624E+00   0.57204257387563E-02  -0.14449386071464E+05
 0.36867861602255869E+00   0.61603838164655E-02  -0.13377866151770E+05
 0.37598748581879948E+00   0.66319043134761E-02  -0.12387722436659E+05
 0.38300801498943632E+00   0.71372503601200E-02  -0.11472223289026E+05
 0.38974042252413571E+00   0.76788471905016E-02  -0.10625275902816E+05
 0.39618624126105190E+00   0.82592937283951E-02  -0.98413543658151E+04
 0.40234820444336500E+00   0.88813749974526E-02  -0.91154373263165E+04
 0.40823012828247307E+00   0.95480754138094E-02  -0.84429538397874E+04
 0.41383679231228554E+00   0.10262593023187E-01  -0.78197362129033E+04
 0.41917381915813123E+00   0.11028354748868E-01  -0.72419788524308E+04
 0.42424755526615271E+00   0.11849032721462E-01  -0.67062022725703E+04
 0.42906495418908430E+00   0.12728561766261E-01  -0.62092215215132E+04
 0.43363346423866478E+00   0.13671158129094E-01  -0.57481183602392E+04
 0.43796092269421627E+00   0.14681339527142E-01  -0.53202165701779E+04
 0.44205545920803274E+00   0.15763946616981E-01  -0.49230597945643E+04
 0.44592541130000363E+00   0.16924165978315E-01  -0.45543913582188E+04
 0.44957925437974405E+00   0.18167554718499E-01  -0.42121356061838E+04
 0.45302554695353503E+00   0.19500066809896E-01  -0.38943805014997E+04
 0.45627288832893742E+00   0.20928081279553E-01  -0.35993615352817E+04
 0.45932988217257631E+00   0.22458432378533E-01  -0.33254473344325E+04
 0.46220509715038438E+00   0.24098441866553E-01  -0.30711274955597E+04
 0.46490701815738256E+00   0.25855953556357E-01  -0.28350029348109E+04
 0.46744398832361350E+00   0.27739370271550E-01  -0.26157784657376E+04
 0.46982414936170946E+00   0.29757693381404E-01  -0.24122567408465E+04
 0.47205539120417855E+00   0.31920565086455E-01  -0.22233324957838E+04
 0.47414531960659345E+00   0.34238313639551E-01  -0.20479863088667E+04
 0.47610124468282067E+00   0.36722001698414E-01  -0.18852776079175E+04
 0.47793018762923123E+00   0.39383478017693E-01  -0.17343371281633E+04
 0.47963889923942477E+00   0.42235432700963E-01  -0.15943592978209E+04
 0.48123388245349430E+00   0.45291456246181E-01  -0.14645951049954E+04
 0.48272141152335346E+00   0.48566102631601E-01  -0.13443459455510E+04
 0.48410754186025995E+00   0.52074956703276E-01  -0.12329588178643E+04
 0.48539810709924441E+00   0.55834706139791E-01  -0.11298230315314E+04
 0.48659870350851137E+00   0.59863218284852E-01  -0.10343683216624E+04
 0.48771466670365582E+00   0.64179622153785E-01  -0.94606389892262E+03
 0.48875105107085742E+00   0.68804395935657E-01  -0.86441756652663E+03
 0.48971262573672097E+00   0.73759460328728E-01  -0.78897380131672E+03
 0.49060389697142548E+00   0.79068278063012E-01  -0.71931003620002E+03
 0.49142915112581048E+00   0.84755959979821E-01  -0.65503162131533E+03
 0.49219249171143414E+00   0.90849378054143E-01  -0.59576750648483E+03
 0.49289784175187407E+00   0.97377285761297E-01  -0.54116882658858E+03
 0.49354891107200943E+00   0.10437044620442E+00  -0.49091033338100E+03
 0.49414916216963728E+00   0.11186176843355E+00  -0.44469202466933E+03
 0.49470181072417330E+00   0.11988645240026E+00  -0.40223819992808E+03
 0.49520986879265361E+00   0.12848214300340E+00  -0.36329336122684E+03
 0.49567621034291043E+00   0.13768909369134E+00  -0.32761654486157E+03
 0.49610362837404470E+00   0.14755034009334E+00  -0.29497642778164E+03
 0.49649485857553421E+00   0.15811188415740E+00  -0.26514908522738E+03
 0.49685255868517897E+00   0.16942288927237E+00  -0.23791917969994E+03
 0.49717925118907413E+00   0.18153588684917E+00  -0.21308396090295E+03
 0.49747725797871378E+00   0.19450699482699E+00  -0.19045788296911E+03
 0.49774867218721430E+00   0.20839614855590E+00  -0.16987441325804E+03
 0.49799540150985200E+00   0.22326734448556E+00  -0.15118246064536E+03
 0.49821925401649181E+00   0.23918889705942E+00  -0.13423964950613E+03
 0.49842197217799866E+00   0.25623370917446E+00  -0.11890957307790E+03
 0.49860517263065007E+00   0.27447955651526E+00  -0.10506619975080E+03
 0.49877027418569042E+00   0.29400938600797E+00  -0.92599165019687E+02
 0.49891850575497015E+00   0.31491162856155E+00  -0.81413034596387E+02
 0.49905099016654358E+00   0.33728052616913E+00  -0.71420869658300E+02
 0.49916884295125225E+00   0.36121647332923E+00  -0.62536700788217E+02
 0.49927323571364568E+00   0.38682637261280E+00  -0.54670700065251E+02
 0.49936540538896540E+00   0.41422400404472E+00  -0.47728443382708E+02
 0.49944661601246682E+00   0.44353040778554E+00  -0.41613750272178E+02
 0.49951809443939610E+00   0.47487427938818E+00  -0.36233480722461E+02
 0.49958096778455363E+00   0.50839237666158E+00  -0.31502199035452E+02
 0.49963622884889319E+00   0.54422993689737E+00  -0.27344732270419E+02
 0.49968474299209170E+00   0.58254110290335E+00  -0.23695615991318E+02
 0.49972728299616509E+00   0.62348935593563E+00  -0.20496442999289E+02
 0.49976455499607014E+00   0.66724795322943E+00  -0.17693891951538E+02
 0.49979719342037149E+00   0.71400036739287E+00  -0.15240091357848E+02
 0.49982574445909228E+00   0.76394072444865E+00  -0.13093848683000E+02
 0.49985066696301778E+00   0.81727423678444E+00  -0.11220571156281E+02
 0.49987235299546906E+00   0.87421762670440E+00  -0.95907120724105E+01
 0.49989115224288427E+00   0.93499953566278E+00  -0.81779297781984E+01
 0.49990738801783308E+00   0.99986091361083E+00  -0.69578805211547E+01
 0.49992136248128716E+00   0.10690553822024E+01  -0.59078226394281E+01
 0.49993335482725149E+00   0.11428495648913E+01  -0.50067502389527E+01
 0.49994361765456580E+00   0.12215233762238E+01  -0.42356635131346E+01
 0.49995237546012888E+00   0.13053702618907E+01  -0.35776800461079E+01
 0.49995982664362160E+00   0.13946973803820E+01  -0.30178826674375E+01
 0.49996614773891446E+00   0.14898257163832E+01  -0.25430003746454E+01
 0.49997149712297223E+00   0.15910901154124E+01  -0.21411288078570E+01
 0.49997601631721411E+00   0.16988392286241E+01  -0.18016318108767E+01
 0.49997982943586489E+00   0.18134353562483E+01  -0.15151823494309E+01
 0.49998304283556089E+00   0.19352541778144E+01  -0.12737884248426E+01
 0.49998574632312875E+00   0.20646843571704E+01  -0.10707020327237E+01
 0.49998801571616014E+00   0.22021270103889E+01  -0.90022658304542E+00
 0.49998991575887003E+00   0.23479950249930E+01  -0.75749769932084E+00
 0.49999150256904934E+00   0.25027122195788E+01  -0.63829929139929E+00
 0.49999282530603051E+00   0.26667123339008E+01  -0.53893817891730E+00
 0.49999392713908997E+00   0.28404378408543E+01  -0.45617128784353E+00
 0.49999484575679715E+00   0.30243385735729E+01  -0.38716734589784E+00
 0.49999561366034628E+00   0.32188701630746E+01  -0.32948481618041E+00
 0.49999625841693784E+00   0.34244922845610E+01  -0.28105284029344E+00
 0.49999680297048371E+00   0.36416667135785E+01  -0.24014788201297E+00
 0.49999726604284778E+00   0.38708551967931E+01  -0.20536357529070E+00
 0.49999766261690903E+00   0.41125171460457E+01  -0.17557442969564E+00
 0.49999800447114506E+00   0.43671071685993E+01  -0.14989566861938E+00
 0.49999830072902429E+00   0.46350724509653E+01  -0.12764195696436E+00
 0.49999855838969720E+00   0.49168500183013E+01  -0.10828753512660E+00
 0.49999878281441923E+00   0.52128638959647E+01  -0.91429678994910E-01
 0.49999897815217059E+00   0.55235222042457E+01  -0.76756728005074E-01
 0.49999914769570702E+00   0.58492142214126E+01  -0.64021339331104E-01
 0.49999929416492550E+00   0.61903074538070E+01  -0.53019202144386E-01
 0.49999941991833141E+00   0.65471447546554E+01  -0.43573152756716E-01
 0.49999952709663775E+00   0.69200415353393E+01  -0.35522387885615E-01
 0.49999961770608009E+00   0.73092831139412E+01  -0.28716206178641E-01
 0.49999969365306307E+00   0.77151222458371E+01  -0.23011405663746E-01
 0.49999975674534136E+00   0.81377768798438E+01  -0.18272194851530E-01
 0.49999980867648530E+00   0.85774281809213E+01  -0.14371359621807E-01
 0.49999985100841537E+00   0.90342188566791E+01  -0.11191574992141E-01
 0.49999988516128091E+00   0.95082518200100E+01  -0.86261653835820E-02
 0.49999991241286823E+00   0.99995892142010E+01  -0.65791489962717E-02
 0.49999993390429875E+00   0.10508251820010E+02  -0.49648097817148E-02
 0.49999995064720548E+00   0.11034218856679E+02  -0.37071583239303E-02
 0.49999996352944098E+00   0.11577428180921E+02  -0.27395030919983E-02
 0.49999997331926743E+00   0.12137776879844E+02  -0.20041356641460E-02
 0.49999998066973550E+00   0.12715122245837E+02  -0.14520018069248E-02
 0.49999998612497520E+00   0.13309283113941E+02  -0.10422289320529E-02
 0.49999999012911445E+00   0.13920041535339E+02  -0.74145615305099E-03
 0.49999999303746401E+00   0.14547144754655E+02  -0.52299412764700E-03
 0.49999999512898541E+00   0.15190307453807E+02  -0.36588852118591E-03
 0.49999999661894456E+00   0.15849214221413E+02  -0.25396955155887E-03
 0.49999999767085768E+00   0.16523522204246E+02  -0.17495462422623E-03
 0.49999999840715958E+00   0.17212863895965E+02  -0.11964696166533E-03
 0.49999999891832697E+00   0.17916850018301E+02  -0.81250387746756E-04
 0.49999999927041222E+00   0.18635072450965E+02  -0.54803331956066E-04
 0.49999999951109619E+00   0.19367107168599E+02  -0.36724251577525E-04
 0.49999999967443498E+00   0.20112517146046E+02  -0.24454990517064E-04
 0.50000000000000022E+00   0.20870855196793E+02   0.16756374066063E-10
 0.50000000000000022E+00   0.21641666713578E+02   0.16160850435654E-10
 0.50000000000000022E+00   0.22424492284561E+02   0.15598189406774E-10
 0.50000000000000022E+00   0.23218870163075E+02   0.15064838265744E-10
 0.50000000000000022E+00   0.24024338573573E+02   0.14560352923354E-10
 0.50000000000000022E+00   0.24840437840854E+02   0.14081180665926E-10
 0.50000000000000022E+00   0.25666712333901E+02   0.13627765582669E-10
 0.50000000000000022E+00   0.26502712219579E+02   0.13197887227534E-10
 0.50000000000000022E+00   0.27347995024993E+02   0.12790213332892E-10
 0.50000000000000022E+00   0.28202127010389E+02   0.12402523452693E-10
 0.50000000000000022E+00   0.29064684357170E+02   0.12034373497727E-10
 0.50000000000000022E+00   0.29935254177814E+02   0.11684875289575E-10
 0.50000000000000022E+00   0.30813435356248E+02   0.11351808382187E-10
 0.50000000000000022E+00   0.31698839228624E+02   0.11034284597145E-10
 0.50000000000000000E+00   0.32591090115412E+02   0.10731859845237E-10
 0.50000000000000000E+00   0.33489825716383E+02   0.10444534126464E-10
 0.50000000000000000E+00   0.34394697380382E+02   0.10169642905566E-10
 0.50000000000000000E+00   0.35305370261891E+02   0.99071861825450E-11
 0.50000000000000000E+00   0.36221523376224E+02   0.96567198681896E-11
 0.50000000000000000E+00   0.37142849564891E+02   0.94169116948706E-11
 0.50000000000000000E+00   0.38069055382202E+02   0.91882057517978E-11
 0.50000000000000000E+00   0.38999860913611E+02   0.89688256821319E-11
 0.50000000000000000E+00   0.39934999535663E+02   0.87587714858728E-11
 0.50000000000000000E+00   0.40874217626704E+02   0.85575990738107E-11
