 0.35176825483920156E-01   0.97578195523695E-18  -0.49628424575069E+06
 0.36125449490129996E-01   0.29483069282768E-04  -0.48226600258989E+06
 0.39250678069801682E-01   0.61082173640461E-04  -0.44087644885222E+06
 0.44962912385599574E-01   0.94949178290611E-04  -0.38009461592535E+06
 0.53450310518906058E-01   0.13124684686428E-03  -0.31377541570157E+06
 0.64359162667646630E-01   0.17014962340302E-03  -0.25422458753641E+06
 0.76809943477178122E-01   0.21184447044981E-03  -0.20692709461631E+06
 0.89927215031802205E-01   0.25653176725507E-03  -0.17126521077602E+06
 0.10324599721313843E+00   0.30442627240692E-03  -0.14432695277197E+06
 0.11661567235494176E+00   0.35575815550320E-03  -0.12347435970355E+06
 0.12998707332133638E+00   0.41077410281323E-03  -0.10690944584293E+06
 0.14332691418874671E+00   0.46973850223137E-03  -0.93463477406241E+05
 0.15660340918943952E+00   0.53293471320370E-03  -0.82355785443554E+05
 0.16978541692978807E+00   0.60066642771546E-03  -0.73045793224787E+05
 0.18284268798946895E+00   0.67325912886222E-03  -0.65147308366980E+05
 0.19574613488136283E+00   0.75106165399386E-03  -0.58377064721207E+05
 0.20846807987232704E+00   0.83444786992019E-03  -0.52522560769325E+05
 0.22098247585870129E+00   0.92381846820159E-03  -0.47421249274297E+05
 0.23326509692030964E+00   0.10196028891215E-02  -0.42946663798897E+05
 0.24529369612287630E+00   0.11222613835509E-02  -0.38998926391089E+05
 0.25704812910395769E+00   0.12322872225722E-02  -0.35498103015549E+05
 0.26851044293456067E+00   0.13502090654347E-02  -0.32379457470574E+05
 0.27966493065517328E+00   0.14765934971652E-02  -0.29589999715503E+05
 0.29049815271039581E+00   0.16120477479678E-02  -0.27085934646962E+05
 0.30099892722464738E+00   0.17572226074079E-02  -0.24830748683050E+05
 0.31115829165496156E+00   0.19128155473023E-02  -0.22793755560060E+05
 0.32096943881561835E+00   0.20795740682274E-02  -0.20948977699109E+05
 0.33042763059069957E+00   0.22582992856177E-02  -0.19274276135354E+05
 0.33953009283854851E+00   0.24498497725618E-02  -0.17750666862118E+05
 0.34827589505606898E+00   0.26551456776172E-02  -0.16361778586895E+05
 0.35666581832437522E+00   0.28751731372654E-02  -0.15093418897411E+05
 0.36470221491705029E+00   0.31109890040199E-02  -0.13933224352951E+05
 0.37238886273613098E+00   0.33637259126873E-02  -0.12870376137734E+05
 0.37973081746739989E+00   0.36345977088734E-02  -0.11895367365133E+05
 0.38673426503338815E+00   0.39249052655295E-02  -0.10999811395109E+05
 0.39340637658620248E+00   0.42360427151559E-02  -0.10176282958899E+05
 0.39975516793743582E+00   0.45695041272231E-02  -0.94181857087905E+04
 0.40578936498139978E+00   0.49268906624595E-02  -0.87196411908937E+04
 0.41151827634067312E+00   0.53099182378730E-02  -0.80753952920021E+04
 0.41695167415717377E+00   0.57204257387563E-02  -0.74807390217480E+04
 0.42209968367295003E+00   0.61603838164655E-02  -0.69314411190491E+04
 0.42697268199605087E+00   0.66319043134761E-02  -0.64236904618135E+04
 0.43158120622970941E+00   0.71372503601200E-02  -0.59540466438370E+04
 0.43593587095776498E+00   0.76788471905016E-02  -0.55193973872435E+04
 0.44004729492465111E+00   0.82592937283951E-02  -0.51169217010100E+04
 0.44392603662236696E+00   0.88813749974526E-02  -0.47440578899564E+04
 0.44758253839696849E+00   0.95480754138094E-02  -0.43984756746134E+04
 0.45102707861018321E+00   0.10262593023187E-01  -0.40780518087088E+04
 0.45426973133448112E+00   0.11028354748868E-01  -0.37808486838725E+04
 0.45732033301902025E+00   0.11849032721462E-01  -0.35050954953987E+04
 0.46018845553616322E+00   0.12728561766261E-01  -0.32491716123023E+04
 0.46288338500085757E+00   0.13671158129094E-01  -0.30115918524170E+04
 0.46541410574565711E+00   0.14681339527142E-01  -0.27909934112241E+04
 0.46778928883067961E+00   0.15763946616981E-01  -0.25861242332778E+04
 0.47001728446925117E+00   0.16924165978315E-01  -0.23958326489054E+04
 0.47210611775621969E+00   0.18167554718499E-01  -0.22190581273538E+04
 0.47406348709796059E+00   0.19500066809896E-01  -0.20548230214885E+04
 0.47589676476351883E+00   0.20928081279553E-01  -0.19022251989922E+04
 0.47761299900966847E+00   0.22458432378533E-01  -0.17604314709638E+04
 0.47921891728607646E+00   0.24098441866553E-01  -0.16286717407793E+04
 0.48072093011060152E+00   0.25855953556357E-01  -0.15062338036323E+04
 0.48212513533304518E+00   0.27739370271550E-01  -0.13924587295778E+04
 0.48343732269484763E+00   0.29757693381404E-01  -0.12867367591824E+04
 0.48466297885609766E+00   0.31920565086455E-01  -0.11885036302747E+04
 0.48580729339682416E+00   0.34238313639551E-01  -0.10972372373026E+04
 0.48687516665813912E+00   0.36722001698414E-01  -0.10124545054894E+04
 0.48787122053208132E+00   0.39383478017693E-01  -0.93370835122031E+03
 0.48879981317669258E+00   0.42235432700963E-01  -0.86058461790094E+03
 0.48966505780053560E+00   0.45291456246181E-01  -0.79269894736485E+03
 0.49047084399852597E+00   0.48566102631601E-01  -0.72969367951823E+03
 0.49122085812644184E+00   0.52074956703276E-01  -0.67123502750709E+03
 0.49191859818343475E+00   0.55834706139791E-01  -0.61701085134609E+03
 0.49256738001730760E+00   0.59863218284852E-01  -0.56672924554948E+03
 0.49317033534378851E+00   0.64179622153785E-01  -0.52011787307886E+03
 0.49373040600326501E+00   0.68804395935657E-01  -0.47692368146922E+03
 0.49425034050193994E+00   0.73759460328728E-01  -0.43691252247537E+03
 0.49473269741655179E+00   0.79068278063012E-01  -0.39986831866473E+03
 0.49517985705927103E+00   0.84755959979821E-01  -0.36559166913663E+03
 0.49559403983914702E+00   0.90849378054143E-01  -0.33389801300625E+03
 0.49597732805759465E+00   0.97377285761297E-01  -0.30461559617047E+03
 0.49633168743498979E+00   0.10437044620442E+00  -0.27758351702347E+03
 0.49665898504221978E+00   0.11186176843355E+00  -0.25265009553589E+03
 0.49696100112854052E+00   0.11988645240026E+00  -0.22967174672811E+03
 0.49723943344136379E+00   0.12848214300340E+00  -0.20851245575291E+03
 0.49749589405193784E+00   0.13768909369134E+00  -0.18904384527301E+03
 0.49773190054519612E+00   0.14755034009334E+00  -0.17114568789058E+03
 0.49794886573042363E+00   0.15811188415740E+00  -0.15470654480700E+03
 0.49814809230645923E+00   0.16942288927237E+00  -0.13962404251394E+03
 0.49833077942584247E+00   0.18153588684917E+00  -0.12580426370642E+03
 0.49849804367213069E+00   0.19450699482699E+00  -0.11316006549608E+03
 0.49865094629380580E+00   0.20839614855590E+00  -0.10160894341299E+03
 0.49879050900644722E+00   0.22326734448556E+00  -0.91071775001017E+02
 0.49891770611707942E+00   0.23918889705942E+00  -0.81473360605592E+02
 0.49903344106197989E+00   0.25623370917446E+00  -0.72744143585841E+02
 0.49913852909169498E+00   0.27447955651526E+00  -0.64821468361905E+02
 0.49923370078116563E+00   0.29400938600797E+00  -0.57649272563217E+02
 0.49931962475237707E+00   0.31491162856155E+00  -0.51176338865210E+02
 0.49939693830789422E+00   0.33728052616913E+00  -0.45353959714432E+02
 0.49946627433957846E+00   0.36121647332923E+00  -0.40133890206965E+02
 0.49952827701260416E+00   0.38682637261280E+00  -0.35467151182835E+02
 0.49958360333968332E+00   0.41422400404472E+00  -0.31303896933198E+02
 0.49963291144836142E+00   0.44353040778554E+00  -0.27594285016124E+02
 0.49967683899695964E+00   0.47487427938818E+00  -0.24290087061518E+02
 0.49971597710658155E+00   0.50839237666158E+00  -0.21346636548953E+02
 0.49975084685253807E+00   0.54422993689737E+00  -0.18724584204528E+02
 0.49978188719973582E+00   0.58254110290335E+00  -0.16390793709158E+02
 0.49980946376829399E+00   0.62348935593563E+00  -0.14317673025897E+02
 0.49983390053520671E+00   0.66724795322943E+00  -0.12480784036933E+02
 0.49985551620209390E+00   0.71400036739287E+00  -0.10856104204994E+02
 0.49987463316974690E+00   0.76394072444865E+00  -0.94193490451151E+01
 0.49989155249485490E+00   0.81727423678444E+00  -0.81478516138712E+01
 0.49990652567244320E+00   0.87421762670440E+00  -0.70226801232251E+01
 0.49991974900317870E+00   0.93499953566278E+00  -0.60290583293253E+01
 0.49993137742994903E+00   0.99986091361083E+00  -0.51553235545913E+01
 0.49994154328939677E+00   0.10690553822024E+01  -0.43915162159441E+01
 0.49995037061213388E+00   0.11428495648913E+01  -0.37283044355587E+01
 0.49995798257134927E+00   0.12215233762238E+01  -0.31564237897577E+01
 0.49996450326203773E+00   0.13053702618907E+01  -0.26665431576634E+01
 0.49997005600717231E+00   0.13946973803820E+01  -0.22493915492329E+01
 0.49997476022325982E+00   0.14898257163832E+01  -0.18959931846417E+01
 0.49997872830263523E+00   0.15910901154124E+01  -0.15979013427067E+01
 0.49998206333004036E+00   0.16988392286241E+01  -0.13473695748329E+01
 0.49998485790394687E+00   0.18134353562483E+01  -0.11374399781727E+01
 0.49998719394848268E+00   0.19352541778144E+01  -0.96195710625253E+00
 0.49998914319986676E+00   0.20646843571704E+01  -0.81553125948435E+00
 0.49999076801698283E+00   0.22021270103889E+01  -0.69347746830360E+00
 0.49999212225324319E+00   0.23479950249930E+01  -0.59174990569629E+00
 0.49999325206568085E+00   0.25027122195788E+01  -0.50688104060817E+00
 0.49999419665394307E+00   0.26667123339008E+01  -0.43592607629200E+00
 0.49999498897325545E+00   0.28404378408543E+01  -0.37640935827637E+00
 0.49999565645556698E+00   0.30243385735729E+01  -0.32627017839514E+00
 0.49999622173753477E+00   0.32188701630746E+01  -0.28380807281101E+00
 0.49999670336702468E+00   0.34244922845610E+01  -0.24762973951233E+00
 0.49999711645451311E+00   0.36416667135785E+01  -0.21660009865876E+00
 0.49999747324674904E+00   0.38708551967931E+01  -0.18979919520990E+00
 0.49999778361591807E+00   0.41125171460457E+01  -0.16648545068042E+00
 0.49999805547016923E+00   0.43671071685993E+01  -0.14606482321160E+00
 0.49999829509789684E+00   0.46350724509653E+01  -0.12806494447793E+00
 0.49999850745939939E+00   0.49168500183013E+01  -0.11211321020005E+00
 0.49999869643751410E+00   0.52128638959647E+01  -0.97917952506124E-01
 0.49999886505552738E+00   0.55235222042457E+01  -0.85252070848012E-01
 0.49999901566735622E+00   0.58492142214126E+01  -0.73938745862105E-01
 0.49999915012237950E+00   0.61903074538070E+01  -0.63839057693309E-01
 0.49999926990556554E+00   0.65471447546554E+01  -0.54841459961832E-01
 0.49999937625271884E+00   0.69200415353393E+01  -0.46853122845649E-01
 0.49999947024064328E+00   0.73092831139412E+01  -0.39793160257222E-01
 0.49999955285269237E+00   0.77151222458371E+01  -0.33587705953330E-01
 0.49999962502135886E+00   0.81377768798438E+01  -0.28166714374725E-01
 0.49999968765100411E+00   0.85774281809213E+01  -0.23462253227732E-01
 0.49999974162518557E+00   0.90342188566791E+01  -0.19407953084776E-01
 0.49999978780387994E+00   0.95082518200100E+01  -0.15939215899750E-01
 0.49999982701587986E+00   0.99995892142010E+01  -0.12993786191413E-01
 0.49999986005062003E+00   0.10508251820010E+02  -0.10512364914909E-01
 0.49999988765194814E+00   0.11034218856679E+02  -0.84390773976351E-02
 0.49999991051447068E+00   0.11577428180921E+02  -0.67217478069366E-02
 0.49999992928177356E+00   0.12137776879844E+02  -0.53120327635763E-02
 0.49999994454539998E+00   0.12715122245837E+02  -0.41654981541486E-02
 0.49999995684383358E+00   0.13309283113941E+02  -0.32416954834473E-02
 0.49999996666141855E+00   0.13920041535339E+02  -0.25042429658395E-02
 0.49999997442766408E+00   0.14547144754655E+02  -0.19208778061111E-02
 0.49999998051750927E+00   0.15190307453807E+02  -0.14634362461678E-02
 0.49999998525293515E+00   0.15849214221413E+02  -0.11077325368718E-02
 0.49999998890597747E+00   0.16523522204246E+02  -0.83333257698825E-03
 0.49999999170291254E+00   0.17212863895965E+02  -0.62323951062204E-03
 0.49999999382922267E+00   0.17916850018301E+02  -0.46352075124734E-03
 0.49999999543491425E+00   0.18635072450965E+02  -0.34290849393415E-03
 0.49999999663981604E+00   0.19367107168599E+02  -0.25240174530383E-03
 0.49999999753857927E+00   0.20112517146046E+02  -0.18489073495731E-03
 0.49999999820520380E+00   0.20870855196793E+02  -0.13481693004103E-03
 0.49999999869700223E+00   0.21641666713578E+02  -0.97875265286262E-04
 0.49999999905798070E+00   0.22424492284561E+02  -0.70760208354059E-04
 0.49999999932165873E+00   0.23218870163075E+02  -0.50953912455354E-04
 0.49999999951337953E+00   0.24024338573573E+02  -0.36552716184746E-04
 0.49999999965217190E+00   0.24840437840854E+02  -0.26127258375475E-04
 0.49999999969931963E+00   0.25666712333901E+02  -0.22585750195425E-04
 0.49999999999999989E+00   0.26502712219579E+02   0.16615597786540E-11
 0.50000000000000000E+00   0.27347995024993E+02   0.16124879209656E-11
 0.50000000000000000E+00   0.28202127010389E+02   0.15643042416968E-11
 0.50000000000000000E+00   0.29064684357170E+02   0.15183410084774E-11
 0.50000000000000000E+00   0.29935254177814E+02   0.14741541320973E-11
 0.50000000000000000E+00   0.30813435356248E+02   0.14324097463714E-11
 0.50000000000000000E+00   0.31698839228624E+02   0.13919976282750E-11
 0.50000000000000000E+00   0.32591090115412E+02   0.13540280008328E-11
 0.50000000000000000E+00   0.33489825716383E+02   0.13178347302301E-11
 0.50000000000000000E+00   0.34394697380382E+02   0.12829737272568E-11
 0.50000000000000000E+00   0.35305370261891E+02   0.12498890811230E-11
 0.50000000000000000E+00   0.36221523376224E+02   0.12183587472236E-11
 0.50000000000000000E+00   0.37142849564891E+02   0.11881606809538E-11
 0.50000000000000000E+00   0.38069055382202E+02   0.11592948823136E-11
 0.50000000000000000E+00   0.38999860913611E+02   0.11315393066980E-11
 0.50000000000000000E+00   0.39934999535663E+02   0.11053380433168E-11
 0.50000000000000000E+00   0.40874217626704E+02   0.10795808691455E-11
