 0.86120579801625241E-01   0.97578195523695E-18  -0.18049544447587E+06
 0.88182054582339214E-01   0.29483069282768E-04  -0.17539790916106E+06
 0.94888301738100186E-01   0.61082173640461E-04  -0.16034723194764E+06
 0.10681792482724452E+00   0.94949178290611E-04  -0.13824483963859E+06
 0.12380042070120385E+00   0.13124684686428E-03  -0.11412887555219E+06
 0.14441740376662465E+00   0.17014962340302E-03  -0.92474142973216E+05
 0.16643077024051159E+00   0.21184447044981E-03  -0.75275163865570E+05
 0.18804243796620915E+00   0.25653176725507E-03  -0.62307308892220E+05
 0.20849327626741315E+00   0.30442627240692E-03  -0.52511674990520E+05
 0.22765921567144815E+00   0.35575815550320E-03  -0.44929004601630E+05
 0.24559345458140203E+00   0.41077410281323E-03  -0.38905485622452E+05
 0.26237046080505266E+00   0.46973850223137E-03  -0.34016124732622E+05
 0.27806216571465497E+00   0.53293471320370E-03  -0.29977042943737E+05
 0.29273642412685258E+00   0.60066642771546E-03  -0.26591667405693E+05
 0.30645715044480826E+00   0.67325912886222E-03  -0.23719564923649E+05
 0.31928450775376366E+00   0.75106165399386E-03  -0.21257729935824E+05
 0.33127509383020315E+00   0.83444786992019E-03  -0.19128889398389E+05
 0.34248212254719279E+00   0.92381846820159E-03  -0.17273935396066E+05
 0.35295560007045651E+00   0.10196028891215E-02  -0.15646880247207E+05
 0.36274249538344805E+00   0.11222613835509E-02  -0.14211404758121E+05
 0.37188690479955022E+00   0.12322872225722E-02  -0.12938442019561E+05
 0.38043021022301166E+00   0.13502090654347E-02  -0.11804451560037E+05
 0.38841123100849434E+00   0.14765934971652E-02  -0.10790164192641E+05
 0.39586636934401426E+00   0.16120477479678E-02  -0.98796542967995E+04
 0.40282974914510683E+00   0.17572226074079E-02  -0.90596440293476E+04
 0.40933334850063380E+00   0.19128155473023E-02  -0.83189745212629E+04
 0.41540712575407207E+00   0.20795740682274E-02  -0.76481990992317E+04
 0.42107913933953589E+00   0.22582992856177E-02  -0.70392668931091E+04
 0.42637566152021039E+00   0.24498497725618E-02  -0.64852742302207E+04
 0.43132128619928645E+00   0.26551456776172E-02  -0.59802674518639E+04
 0.43593903099067405E+00   0.28751731372654E-02  -0.55190851514620E+04
 0.44025043374951950E+00   0.31109890040199E-02  -0.50972309309316E+04
 0.44427564377147732E+00   0.33637259126873E-02  -0.47107699978760E+04
 0.44803350787539942E+00   0.36345977088734E-02  -0.43562445451629E+04
 0.45154165158709603E+00   0.39249052655295E-02  -0.40306040448486E+04
 0.45481655564254547E+00   0.42360427151559E-02  -0.37311474727090E+04
 0.45787362802777193E+00   0.45695041272231E-02  -0.34554751428549E+04
 0.46072727176991196E+00   0.49268906624595E-02  -0.32014483338033E+04
 0.46339094869004965E+00   0.53099182378730E-02  -0.29671552703899E+04
 0.46587723932346414E+00   0.57204257387563E-02  -0.27508823205294E+04
 0.46819789920722921E+00   0.61603838164655E-02  -0.25510894941535E+04
 0.47036391172882047E+00   0.66319043134761E-02  -0.23663895098465E+04
 0.47238553772268221E+00   0.71372503601200E-02  -0.21955298347018E+04
 0.47427236199471684E+00   0.76788471905016E-02  -0.20373772136033E+04
 0.47603333694752037E+00   0.82592937283951E-02  -0.18909042921733E+04
 0.47767682347197155E+00   0.88813749974526E-02  -0.17551780080370E+04
 0.47921062926359914E+00   0.95480754138094E-02  -0.16293494816838E+04
 0.48064204471505095E+00   0.10262593023187E-01  -0.15126451839651E+04
 0.48197787652904228E+00   0.11028354748868E-01  -0.14043591944437E+04
 0.48322447918940259E+00   0.11849032721462E-01  -0.13038463951352E+04
 0.48438778442131641E+00   0.12728561766261E-01  -0.12105164690354E+04
 0.48547332876557225E+00   0.13671158129094E-01  -0.11238285932792E+04
 0.48648627938563338E+00   0.14681339527142E-01  -0.10432867336713E+04
 0.48743145822059625E+00   0.15763946616981E-01  -0.96843546134422E+03
 0.48831336459163055E+00   0.16924165978315E-01  -0.89885622395929E+03
 0.48913619636425648E+00   0.18167554718499E-01  -0.83416401361405E+03
 0.48990386976378031E+00   0.19500066809896E-01  -0.77400438178730E+03
 0.49062003793634590E+00   0.20928081279553E-01  -0.71805075853320E+03
 0.49128810834327774E+00   0.22458432378533E-01  -0.66600203894883E+03
 0.49191125907163274E+00   0.24098441866553E-01  -0.61758040487866E+03
 0.49249245413904075E+00   0.25855953556357E-01  -0.57252935403846E+03
 0.49303445786588307E+00   0.27739370271550E-01  -0.53061191237030E+03
 0.49353984838252241E+00   0.29757693381404E-01  -0.49160900858887E+03
 0.49401103033352312E+00   0.31920565086455E-01  -0.45531799263899E+03
 0.49445024683446925E+00   0.34238313639551E-01  -0.42155128223185E+03
 0.49485959072998736E+00   0.36722001698414E-01  -0.39013512382829E+03
 0.49524101519383257E+00   0.39383478017693E-01  -0.36090845644365E+03
 0.49559634370337047E+00   0.42235432700963E-01  -0.33372186850149E+03
 0.49592727941153719E+00   0.45291456246181E-01  -0.30843663969244E+03
 0.49623541392951548E+00   0.48566102631601E-01  -0.28492386141507E+03
 0.49652223552323660E+00   0.52074956703276E-01  -0.26306363089029E+03
 0.49678913671683678E+00   0.55834706139791E-01  -0.24274431543367E+03
 0.49703742128706518E+00   0.59863218284852E-01  -0.22386188460711E+03
 0.49726831062529780E+00   0.64179622153785E-01  -0.20631930899448E+03
 0.49748294943960858E+00   0.68804395935657E-01  -0.19002602506559E+03
 0.49768241077012310E+00   0.73759460328728E-01  -0.17489746588235E+03
 0.49786770029924876E+00   0.79068278063012E-01  -0.16085465707005E+03
 0.49803975995804778E+00   0.84755959979821E-01  -0.14782387625585E+03
 0.49819947086623606E+00   0.90849378054143E-01  -0.13573637167686E+03
 0.49834765570295586E+00   0.97377285761297E-01  -0.12452813136867E+03
 0.49848508069609115E+00   0.10437044620442E+00  -0.11413968770389E+03
 0.49861245754285988E+00   0.11186176843355E+00  -0.10451593281110E+03
 0.49873044572076147E+00   0.11988645240026E+00  -0.95605909553419E+02
 0.49883965576311218E+00   0.12848214300340E+00  -0.87362534248477E+02
 0.49894065403865778E+00   0.13768909369134E+00  -0.79742210105250E+02
 0.49903396921461246E+00   0.14755034009334E+00  -0.72704317626235E+02
 0.49912009978611721E+00   0.15811188415740E+00  -0.66210628259454E+02
 0.49919952103404308E+00   0.16942288927237E+00  -0.60224764379161E+02
 0.49927268922340118E+00   0.18153588684917E+00  -0.54711869808429E+02
 0.49934004156038109E+00   0.19450699482699E+00  -0.49638601686340E+02
 0.49940199233539595E+00   0.20839614855590E+00  -0.44973410682049E+02
 0.49945892755894117E+00   0.22326734448556E+00  -0.40686935351737E+02
 0.49951120090100665E+00   0.23918889705942E+00  -0.36752298953010E+02
 0.49955913273525160E+00   0.25623370917446E+00  -0.33145173358726E+02
 0.49960301254242329E+00   0.27447955651526E+00  -0.29843591205022E+02
 0.49964310380896870E+00   0.29400938600797E+00  -0.26827571463851E+02
 0.49967965015411608E+00   0.31491162856155E+00  -0.24078653746558E+02
 0.49971288151873350E+00   0.33728052616913E+00  -0.21579428971979E+02
 0.49974301954974421E+00   0.36121647332923E+00  -0.19313131348225E+02
 0.49977028162889359E+00   0.38682637261280E+00  -0.17263332902654E+02
 0.49979488325849786E+00   0.41422400404472E+00  -0.15413761969627E+02
 0.49981703872528921E+00   0.44353040778554E+00  -0.13748251407672E+02
 0.49983696012882040E+00   0.47487427938818E+00  -0.12250809930639E+02
 0.49985485499277010E+00   0.50839237666158E+00  -0.10905800067970E+02
 0.49987092278026107E+00   0.54422993689737E+00  -0.96981985812027E+01
 0.49988535071295215E+00   0.58254110290335E+00  -0.86139092806816E+01
 0.49989830936586660E+00   0.62348935593563E+00  -0.76400927794060E+01
 0.49990994862584398E+00   0.66724795322943E+00  -0.67654690208462E+01
 0.49992039486304257E+00   0.71400036739287E+00  -0.59805287733162E+01
 0.49992975068028461E+00   0.76394072444865E+00  -0.52775515693499E+01
 0.49993809917722709E+00   0.81727423678444E+00  -0.46502845915939E+01
 0.49994551406870419E+00   0.87421762670440E+00  -0.40931819240648E+01
 0.49995207312231671E+00   0.93499953566278E+00  -0.36003946537398E+01
 0.49995786654414842E+00   0.99986091361083E+00  -0.31651407036524E+01
 0.49996299279929823E+00   0.10690553822024E+01  -0.27800187263624E+01
 0.49996754544133948E+00   0.11428495648913E+01  -0.24379974045760E+01
 0.49997160206826297E+00   0.12215233762238E+01  -0.21332449117098E+01
 0.49997522141177153E+00   0.13053702618907E+01  -0.18613473368395E+01
 0.49997844664725422E+00   0.13946973803820E+01  -0.16190598338577E+01
 0.49998131075418051E+00   0.14898257163832E+01  -0.14039038033586E+01
 0.49998384128787099E+00   0.15910901154124E+01  -0.12138083483448E+01
 0.49998606367717230E+00   0.16988392286241E+01  -0.10468625016976E+01
 0.49998800307487534E+00   0.18134353562483E+01  -0.90117619178116E+00
 0.49998968509299341E+00   0.19352541778144E+01  -0.77482498615866E+00
 0.49999113579245746E+00   0.20646843571704E+01  -0.66585084619450E+00
 0.49999238124461709E+00   0.22021270103889E+01  -0.57229504814539E+00
 0.49999344690849362E+00   0.23479950249930E+01  -0.49224494519844E+00
 0.49999435699555012E+00   0.25027122195788E+01  -0.42388166829907E+00
 0.49999513393021594E+00   0.26667123339008E+01  -0.36552063556827E+00
 0.49999579796239757E+00   0.28404378408543E+01  -0.31564064707587E+00
 0.49999636694873362E+00   0.30243385735729E+01  -0.27290030602641E+00
 0.49999685629221058E+00   0.32188701630746E+01  -0.23614254665740E+00
 0.49999727901362551E+00   0.34244922845610E+01  -0.20438925997800E+00
 0.49999764592127505E+00   0.36416667135785E+01  -0.17682854276455E+00
 0.49999796584476708E+00   0.38708551967931E+01  -0.15279713105673E+00
 0.49999824590265174E+00   0.41125171460457E+01  -0.13176029438063E+00
 0.49999849177953060E+00   0.43671071685993E+01  -0.11329101860686E+00
 0.49999870799478152E+00   0.46350724509653E+01  -0.97049819266196E-01
 0.49999889815084014E+00   0.49168500183013E+01  -0.82766090751228E-01
 0.49999906515350562E+00   0.52128638959647E+01  -0.70221557330536E-01
 0.49999921139985259E+00   0.55235222042457E+01  -0.59236157607741E-01
 0.49999933893137222E+00   0.58492142214126E+01  -0.49656540857355E-01
 0.49999944955150799E+00   0.61903074538070E+01  -0.41347238157847E-01
 0.49999954490836590E+00   0.65471447546554E+01  -0.34184449343671E-01
 0.49999962654543695E+00   0.69200415353393E+01  -0.28052232894730E-01
 0.49999969592555887E+00   0.73092831139412E+01  -0.22840705943649E-01
 0.49999975443555861E+00   0.77151222458371E+01  -0.18445695467921E-01
 0.49999980338021643E+00   0.81377768798438E+01  -0.14769191648077E-01
 0.49999984397362157E+00   0.85774281809213E+01  -0.11719997125544E-01
 0.49999987733349499E+00   0.90342188566791E+01  -0.92141534344907E-02
 0.49999990448044007E+00   0.95082518200100E+01  -0.71749972232233E-02
 0.49999992634089985E+00   0.99995892142010E+01  -0.55329381464013E-02
 0.49999994375118029E+00   0.10508251820010E+02  -0.42251565506821E-02
 0.49999995746048204E+00   0.11034218856679E+02  -0.31953758130434E-02
 0.49999996813248770E+00   0.11577428180921E+02  -0.23937430575454E-02
 0.49999997634643456E+00   0.12137776879844E+02  -0.17767485791387E-02
 0.49999998259904299E+00   0.12715122245837E+02  -0.13070809742624E-02
 0.49999998730827694E+00   0.13309283113941E+02  -0.95334466892183E-03
 0.49999999081917856E+00   0.13920041535339E+02  -0.68962165614983E-03
 0.49999999341139445E+00   0.14547144754655E+02  -0.49490617221415E-03
 0.49999999530768813E+00   0.15190307453807E+02  -0.35246517399878E-03
 0.49999999668270340E+00   0.15849214221413E+02  -0.24918027879273E-03
 0.49999999767136355E+00   0.16523522204246E+02  -0.17491661427360E-03
 0.49999999837651210E+00   0.17212863895965E+02  -0.12194905650886E-03
 0.49999999887557128E+00   0.17916850018301E+02  -0.84461996256557E-04
 0.49999999922615768E+00   0.18635072450965E+02  -0.58127536122887E-04
 0.49999999947068963E+00   0.19367107168599E+02  -0.39759408946516E-04
 0.49999999964008190E+00   0.20112517146046E+02  -0.27035433349032E-04
 0.49999999969931963E+00   0.20870855196793E+02  -0.22585751870197E-04
 0.50000000000000000E+00   0.21641666713578E+02   0.36859404417555E-13
 0.50000000000000000E+00   0.22424492284561E+02   0.36859404417555E-13
 0.50000000000000000E+00   0.23218870163075E+02   0.35971225997855E-13
 0.50000000000000000E+00   0.24024338573573E+02   0.34749980670767E-13
 0.50000000000000000E+00   0.24840437840854E+02   0.33639757646142E-13
 0.50000000000000000E+00   0.25666712333901E+02   0.32751579226442E-13
 0.50000000000000000E+00   0.26502712219579E+02   0.31752378504279E-13
 0.50000000000000000E+00   0.27347995024993E+02   0.30753177782117E-13
 0.50000000000000000E+00   0.28202127010389E+02   0.29753977059954E-13
 0.50000000000000000E+00   0.29064684357170E+02   0.28865798640254E-13
 0.50000000000000000E+00   0.29935254177814E+02   0.28088642523016E-13
 0.50000000000000000E+00   0.30813435356248E+02   0.27200464103316E-13
 0.50000000000000000E+00   0.31698839228624E+02   0.26534330288541E-13
 0.50000000000000000E+00   0.32591090115412E+02   0.25757174171304E-13
 0.50000000000000000E+00   0.33489825716383E+02   0.25091040356529E-13
 0.50000000000000000E+00   0.34394697380382E+02   0.24424906541753E-13
 0.50000000000000000E+00   0.35305370261891E+02   0.23814283878210E-13
 0.50000000000000000E+00   0.36221523376224E+02   0.23148150063435E-13
 0.50000000000000000E+00   0.37142849564891E+02   0.22593038551122E-13
 0.50000000000000000E+00   0.38069055382202E+02   0.22037927038809E-13
 0.50000000000000000E+00   0.38999860913611E+02   0.21538326677728E-13
 0.50000000000000000E+00   0.39934999535663E+02   0.21038726316647E-13
 0.50000000000000000E+00   0.40874217626704E+02   0.20539125955565E-13
