 0.19799154675930153E+00   0.97578195523695E-18  -0.57289073167438E+05
 0.19802635249442760E+00   0.29483069282768E-04  -0.57272402594493E+05
 0.19814090470173645E+00   0.61082173640461E-04  -0.57217577967673E+05
 0.19835225562044445E+00   0.94949178290611E-04  -0.57116591726687E+05
 0.19868020265770128E+00   0.13124684686428E-03  -0.56960319670752E+05
 0.19914762108506651E+00   0.17014962340302E-03  -0.56738476806133E+05
 0.19978081344143084E+00   0.21184447044981E-03  -0.56439611078349E+05
 0.20060985722511546E+00   0.25653176725507E-03  -0.56051156027065E+05
 0.20166892224378907E+00   0.30442627240692E-03  -0.55559568642709E+05
 0.20299652684736824E+00   0.35575815550320E-03  -0.54950578144354E+05
 0.20463567900555357E+00   0.41077410281323E-03  -0.54209577377713E+05
 0.20663382909100184E+00   0.46973850223137E-03  -0.53322187077698E+05
 0.20904253229124509E+00   0.53293471320370E-03  -0.52275018601033E+05
 0.21191668572056499E+00   0.60066642771546E-03  -0.51056647781832E+05
 0.21531317023428151E+00   0.67325912886222E-03  -0.49658789185415E+05
 0.21928869869133877E+00   0.75106165399386E-03  -0.48077623531467E+05
 0.22389666730800481E+00   0.83444786992019E-03  -0.46315180920492E+05
 0.22918285254536197E+00   0.92381846820159E-03  -0.44380621922616E+05
 0.23517993191950204E+00   0.10196028891215E-02  -0.42291197017449E+05
 0.24190107666798977E+00   0.11222613835509E-02  -0.40072619856932E+05
 0.24933329186199077E+00   0.12322872225722E-02  -0.37758586823948E+05
 0.25743172620922178E+00   0.13502090654347E-02  -0.35389243058893E+05
 0.26611667885321222E+00   0.14765934971652E-02  -0.33008554189706E+05
 0.27527518234838599E+00   0.16120477479678E-02  -0.30660788714361E+05
 0.28476845522914451E+00   0.17572226074079E-02  -0.28386600647470E+05
 0.29444498856676804E+00   0.19128155473023E-02  -0.26219430046181E+05
 0.30415688317156003E+00   0.20795740682274E-02  -0.24182990630739E+05
 0.31377528392973847E+00   0.22582992856177E-02  -0.22290403696470E+05
 0.32320059319207217E+00   0.24498497725618E-02  -0.20545087663806E+05
 0.33236508761609523E+00   0.26551456776172E-02  -0.18942985107992E+05
 0.34122869714111237E+00   0.28751731372654E-02  -0.17475346869325E+05
 0.34977116253885066E+00   0.31109890040199E-02  -0.16131273336925E+05
 0.35798419835672002E+00   0.33637259126873E-02  -0.14899515856649E+05
 0.36586585736170796E+00   0.36345977088734E-02  -0.13769456513233E+05
 0.37341741568482245E+00   0.39249052655295E-02  -0.12731475336493E+05
 0.38064199970938828E+00   0.42360427151559E-02  -0.11776986353480E+05
 0.38754405861129182E+00   0.45695041272231E-02  -0.10898347870910E+05
 0.39412913531283289E+00   0.49268906624595E-02  -0.10088747752670E+05
 0.40040371547102332E+00   0.53099182378730E-02  -0.93420972167251E+04
 0.40637509412809741E+00   0.57204257387563E-02  -0.86529392543432E+04
 0.41205124953602518E+00   0.61603838164655E-02  -0.80163705148903E+04
 0.41744072379331898E+00   0.66319043134761E-02  -0.74279745305107E+04
 0.42255251107612779E+00   0.71372503601200E-02  -0.68837644024436E+04
 0.42739595410425335E+00   0.76788471905016E-02  -0.63801334069329E+04
 0.43198064924646551E+00   0.82592937283951E-02  -0.59138122587937E+04
 0.43631636045371630E+00   0.88813749974526E-02  -0.54818319957076E+04
 0.44041294202029341E+00   0.95480754138094E-02  -0.50814916276068E+04
 0.44428027001089632E+00   0.10262593023187E-01  -0.47103298424278E+04
 0.44792818205434670E+00   0.11028354748868E-01  -0.43661001792860E+04
 0.45136642509005132E+00   0.11849032721462E-01  -0.40467491783321E+04
 0.45460461055922208E+00   0.12728561766261E-01  -0.37503970975345E+04
 0.45765217645727557E+00   0.13671158129094E-01  -0.34753208537469E+04
 0.46051835560540233E+00   0.14681339527142E-01  -0.32199389012620E+04
 0.46321214945760825E+00   0.15763946616981E-01  -0.29827978075734E+04
 0.46574230673556249E+00   0.16924165978315E-01  -0.27625603247057E+04
 0.46811730618021391E+00   0.18167554718499E-01  -0.25579947861848E+04
 0.47034534273187967E+00   0.19500066809896E-01  -0.23679656850304E+04
 0.47243431650818601E+00   0.20928081279553E-01  -0.21914253071172E+04
 0.47439182405479696E+00   0.22458432378533E-01  -0.20274063065112E+04
 0.47622515151403016E+00   0.24098441866553E-01  -0.18750151141547E+04
 0.47794126960876016E+00   0.25855953556357E-01  -0.17334260676881E+04
 0.47954683068176118E+00   0.27739370271550E-01  -0.16018761380574E+04
 0.48104816843969872E+00   0.29757693381404E-01  -0.14796601102291E+04
 0.48245130142835779E+00   0.31920565086455E-01  -0.13661260588516E+04
 0.48376194139099365E+00   0.34238313639551E-01  -0.12606709624339E+04
 0.48498550719061778E+00   0.36722001698414E-01  -0.11627363479581E+04
 0.48612714360004639E+00   0.39383478017693E-01  -0.10718039744929E+04
 0.48719174210720434E+00   0.42235432700963E-01  -0.98739173718986E+03
 0.48818395894416194E+00   0.45291456246181E-01  -0.90905012279766E+03
 0.48910822549249644E+00   0.48566102631601E-01  -0.83635954659758E+03
 0.48996874906026666E+00   0.52074956703276E-01  -0.76892867558425E+03
 0.49076950665180441E+00   0.55834706139791E-01  -0.70639348740509E+03
 0.49151423789074872E+00   0.59863218284852E-01  -0.64841655324148E+03
 0.49220644350866682E+00   0.64179622153785E-01  -0.59468602997501E+03
 0.49284939306324144E+00   0.68804395935657E-01  -0.54491407187878E+03
 0.49344614184545971E+00   0.73759460328728E-01  -0.49883466232385E+03
 0.49399955411209878E+00   0.79068278063012E-01  -0.45620108114240E+03
 0.49451232846659382E+00   0.84755959979821E-01  -0.41678331902660E+03
 0.49498702114099774E+00   0.90849378054143E-01  -0.38036575079802E+03
 0.49542606362953012E+00   0.97377285761297E-01  -0.34674532285837E+03
 0.49583177229876491E+00   0.10437044620442E+00  -0.31573041945718E+03
 0.49620634919939494E+00   0.11186176843355E+00  -0.28714045139023E+03
 0.49655187541854651E+00   0.11988645240026E+00  -0.26080605233398E+03
 0.49687030097177820E+00   0.12848214300340E+00  -0.23656956957249E+03
 0.49716343799034535E+00   0.13768909369134E+00  -0.21428533133229E+03
 0.49743296512497981E+00   0.14755034009334E+00  -0.19381908972610E+03
 0.49768044743801282E+00   0.15811188415740E+00  -0.17504631915077E+03
 0.49790736560469667E+00   0.16942288927237E+00  -0.15784984210741E+03
 0.49811513697280069E+00   0.18153588684917E+00  -0.14211810222651E+03
 0.49830511312650266E+00   0.19450699482699E+00  -0.12774523692825E+03
 0.49847855815511455E+00   0.20839614855590E+00  -0.11463261985924E+03
 0.49863662951365867E+00   0.22326734448556E+00  -0.10269021271280E+03
 0.49878038021961602E+00   0.23918889705942E+00  -0.91836313269466E+02
 0.49891078392335242E+00   0.25623370917446E+00  -0.81995589959373E+02
 0.49902877102596405E+00   0.27447955651526E+00  -0.73096298967870E+02
 0.49913526118346546E+00   0.29400938600797E+00  -0.65067788453456E+02
 0.49923118141766010E+00   0.31491162856155E+00  -0.57839098069159E+02
 0.49931746481895201E+00   0.33728052616913E+00  -0.51339026409158E+02
 0.49939503022782816E+00   0.36121647332923E+00  -0.45497632936959E+02
 0.49946474795212764E+00   0.38682637261280E+00  -0.40248791020874E+02
 0.49952740112488248E+00   0.41422400404472E+00  -0.35533068323682E+02
 0.49958365775094649E+00   0.44353040778554E+00  -0.31299802986309E+02
 0.49963407334622406E+00   0.47487427938818E+00  -0.27506880427589E+02
 0.49967913651165780E+00   0.50839237666158E+00  -0.24117285676781E+02
 0.49971933252080802E+00   0.54422993689737E+00  -0.21094308164042E+02
 0.49975516298539352E+00   0.58254110290335E+00  -0.18400055342164E+02
 0.49978710085539235E+00   0.62348935593563E+00  -0.15998829746962E+02
 0.49981553855847832E+00   0.66724795322943E+00  -0.13861019932280E+02
 0.49984077992390880E+00   0.71400036739287E+00  -0.11963699196982E+02
 0.49986306816836756E+00   0.76394072444865E+00  -0.10288515359567E+02
 0.49988262100470660E+00   0.81727423678444E+00  -0.88190477282192E+01
 0.49989965550121068E+00   0.87421762670440E+00  -0.75389363036992E+01
 0.49991439881494926E+00   0.93499953566278E+00  -0.64310735234724E+01
 0.49992708751842418E+00   0.99986091361083E+00  -0.54776534712467E+01
 0.49993796014508163E+00   0.10690553822024E+01  -0.46607306269300E+01
 0.49994724736082496E+00   0.11428495648913E+01  -0.39629569421806E+01
 0.49995516311539018E+00   0.12215233762238E+01  -0.33682453161993E+01
 0.49996189883267594E+00   0.13053702618907E+01  -0.28622048680019E+01
 0.49996762143723605E+00   0.13946973803820E+01  -0.24322881875083E+01
 0.49997247487461471E+00   0.14898257163832E+01  -0.20676763176945E+01
 0.49997658381148458E+00   0.15910901154124E+01  -0.17590001810493E+01
 0.49998005762479869E+00   0.16988392286241E+01  -0.14980404620844E+01
 0.49998299304428795E+00   0.18134353562483E+01  -0.12775287776345E+01
 0.49998547499757662E+00   0.19352541778144E+01  -0.10910839535124E+01
 0.49998757651472736E+00   0.20646843571704E+01  -0.93321901486619E+00
 0.49998935891423063E+00   0.22021270103889E+01  -0.79932707762315E+00
 0.49999087285446320E+00   0.23479950249930E+01  -0.68560226239452E+00
 0.49999216004748848E+00   0.25027122195788E+01  -0.58891088338620E+00
 0.49999325511905912E+00   0.26667123339008E+01  -0.50665167775691E+00
 0.49999418721515387E+00   0.28404378408543E+01  -0.43663509115472E+00
 0.49999498119851460E+00   0.30243385735729E+01  -0.37699337275819E+00
 0.49999565845763849E+00   0.32188701630746E+01  -0.32611978889673E+00
 0.49999623742882970E+00   0.34244922845610E+01  -0.28262939591298E+00
 0.49999673394064048E+00   0.36416667135785E+01  -0.24533315795903E+00
 0.49999716146706025E+00   0.38708551967931E+01  -0.21321892166099E+00
 0.49999753134551012E+00   0.41125171460457E+01  -0.18543503639213E+00
 0.49999785298954930E+00   0.43671071685993E+01  -0.16127437299466E+00
 0.49999813410776450E+00   0.46350724509653E+01  -0.14015787911961E+00
 0.49999838092922444E+00   0.49168500183013E+01  -0.12161764208908E+00
 0.49999859843036276E+00   0.52128638959647E+01  -0.10527984506621E+00
 0.49999879055621005E+00   0.55235222042457E+01  -0.90848148068252E-01
 0.49999896042892494E+00   0.58492142214126E+01  -0.78088023336258E-01
 0.49999911053748275E+00   0.61903074538070E+01  -0.66812506275181E-01
 0.49999924290359349E+00   0.65471447546554E+01  -0.56869732064762E-01
 0.49999935922025340E+00   0.69200415353393E+01  -0.48132528070536E-01
 0.49999946096083225E+00   0.73092831139412E+01  -0.40490219519514E-01
 0.49999954945838382E+00   0.77151222458371E+01  -0.33842671945608E-01
 0.49999962595695058E+00   0.81377768798438E+01  -0.28096437338974E-01
 0.49999969163883090E+00   0.85774281809213E+01  -0.23162705858985E-01
 0.49999974763367655E+00   0.90342188566791E+01  -0.18956622475218E-01
 0.49999979501633429E+00   0.95082518200100E+01  -0.15397449013107E-01
 0.49999983480009347E+00   0.99995892142010E+01  -0.12409071374266E-01
 0.49999986793035361E+00   0.10508251820010E+02  -0.99204751144102E-02
 0.49999989528120736E+00   0.11034218856679E+02  -0.78660021352643E-02
 0.49999991765499052E+00   0.11577428180921E+02  -0.61853844600659E-02
 0.49999993578342106E+00   0.12137776879844E+02  -0.48236586249404E-02
 0.49999995032884786E+00   0.12715122245837E+02  -0.37310719260146E-02
 0.49999996188493284E+00   0.13309283113941E+02  -0.28630311123843E-02
 0.49999997097704207E+00   0.13920041535339E+02  -0.21800730389163E-02
 0.49999997806312468E+00   0.14547144754655E+02  -0.16477986182317E-02
 0.49999998353580966E+00   0.15190307453807E+02  -0.12367153171762E-02
 0.49999998772605531E+00   0.15849214221413E+02  -0.92196306634973E-03
 0.49999999090824104E+00   0.16523522204246E+02  -0.68293170983846E-03
 0.49999999330629408E+00   0.17212863895965E+02  -0.50280083235066E-03
 0.49999999510032556E+00   0.17916850018301E+02  -0.36804132861956E-03
 0.49999999643328413E+00   0.18635072450965E+02  -0.26791552602390E-03
 0.49999999741725398E+00   0.19367107168599E+02  -0.19400418709692E-03
 0.49999999813914975E+00   0.20112517146046E+02  -0.13977864383508E-03
 0.49999999866569067E+00   0.20870855196793E+02  -0.10022727164616E-03
 0.49999999904761849E+00   0.21641666713578E+02  -0.71538596754905E-04
 0.49999999932319300E+00   0.22424492284561E+02  -0.50838688273380E-04
 0.49999999952103424E+00   0.23218870163075E+02  -0.35977752211647E-04
 0.49999999966239184E+00   0.24024338573573E+02  -0.25359607767061E-04
 0.50000000000000000E+00   0.24840437840854E+02   0.15347723092418E-11
 0.50000000000000000E+00   0.25666712333901E+02   0.14903633882568E-11
 0.50000000000000000E+00   0.26502712219579E+02   0.14450662888521E-11
 0.50000000000000000E+00   0.27347995024993E+02   0.14011014570769E-11
 0.50000000000000000E+00   0.28202127010389E+02   0.13591350267461E-11
 0.50000000000000000E+00   0.29064684357170E+02   0.13187229086498E-11
 0.50000000000000000E+00   0.29935254177814E+02   0.12803091919977E-11
 0.50000000000000000E+00   0.30813435356248E+02   0.12441159213950E-11
 0.50000000000000000E+00   0.31698839228624E+02   0.12088108292119E-11
 0.50000000000000000E+00   0.32591090115412E+02   0.11759482276830E-11
 0.50000000000000000E+00   0.33489825716383E+02   0.11441958491787E-11
 0.50000000000000000E+00   0.34394697380382E+02   0.11142198275138E-11
 0.50000000000000000E+00   0.35305370261891E+02   0.10853540288736E-11
 0.50000000000000000E+00   0.36221523376224E+02   0.10580425424678E-11
 0.50000000000000000E+00   0.37142849564891E+02   0.10318412790866E-11
 0.50000000000000000E+00   0.38069055382202E+02   0.10067502387301E-11
 0.50000000000000000E+00   0.38999860913611E+02   0.98254737679326E-12
 0.50000000000000000E+00   0.39934999535663E+02   0.96012087169584E-12
 0.50000000000000000E+00   0.40874217626704E+02   0.93769436659841E-12
