 0.30691545334658848E+00   0.97578195523695E-18  -0.23628062268096E+05
 0.30694988884233271E+00   0.29483069282768E-04  -0.23621198075591E+05
 0.30706318758022128E+00   0.61082173640461E-04  -0.23598624560630E+05
 0.30727210332986377E+00   0.94949178290611E-04  -0.23557044066515E+05
 0.30759595277625740E+00   0.13124684686428E-03  -0.23492699962117E+05
 0.30805686121354681E+00   0.17014962340302E-03  -0.23401357543526E+05
 0.30867998346089232E+00   0.21184447044981E-03  -0.23278301413123E+05
 0.30949367303378034E+00   0.25653176725507E-03  -0.23118357447852E+05
 0.31052956190413727E+00   0.30442627240692E-03  -0.22915949392370E+05
 0.31182250256242200E+00   0.35575815550320E-03  -0.22665201355967E+05
 0.31341030699285899E+00   0.41077410281323E-03  -0.22360098949387E+05
 0.31533320041145618E+00   0.46973850223137E-03  -0.21994721625245E+05
 0.31763288994229211E+00   0.53293471320370E-03  -0.21563556729243E+05
 0.32035113498920892E+00   0.60066642771546E-03  -0.21061900483616E+05
 0.32352770360585725E+00   0.67325912886222E-03  -0.20486341482848E+05
 0.32719761923504515E+00   0.75106165399386E-03  -0.19835307256539E+05
 0.33138766098652622E+00   0.83444786992019E-03  -0.19109633808419E+05
 0.33611219774996487E+00   0.92381846820159E-03  -0.18313093099256E+05
 0.34136862892732300E+00   0.10196028891215E-02  -0.17452788089414E+05
 0.34713297388446812E+00   0.11222613835509E-02  -0.16539306420856E+05
 0.35335646306589935E+00   0.12322872225722E-02  -0.15586522583207E+05
 0.35996424017716183E+00   0.13502090654347E-02  -0.14610966283641E+05
 0.36685732208858179E+00   0.14765934971652E-02  -0.13630740235168E+05
 0.37391858616658014E+00   0.16120477479678E-02  -0.12664071751688E+05
 0.38102265100417454E+00   0.17572226074079E-02  -0.11727699749994E+05
 0.38804821982637527E+00   0.19128155473023E-02  -0.10835392641494E+05
 0.39489024769938214E+00   0.20795740682274E-02  -0.99969138438661E+04
 0.40146887084600602E+00   0.22582992856177E-02  -0.92176651666998E+04
 0.40773288565198695E+00   0.24498497725618E-02  -0.84990530957465E+04
 0.41365748612378761E+00   0.26551456776172E-02  -0.78394057954058E+04
 0.41923800959838947E+00   0.28751731372654E-02  -0.72351194926980E+04
 0.42448248072962019E+00   0.31109890040199E-02  -0.66817048732979E+04
 0.42940533056111335E+00   0.33637259126873E-02  -0.61745288249993E+04
 0.43402333601865417E+00   0.36345977088734E-02  -0.57092178680939E+04
 0.43835357086967702E+00   0.39249052655295E-02  -0.52818093521822E+04
 0.44241260606895022E+00   0.42360427151559E-02  -0.48887662988537E+04
 0.44621627869661090E+00   0.45695041272231E-02  -0.45269404602156E+04
 0.44977965337405246E+00   0.49268906624595E-02  -0.41935250848630E+04
 0.45311703276381921E+00   0.53099182378730E-02  -0.38860111957933E+04
 0.45624197843187847E+00   0.57204257387563E-02  -0.36021498937030E+04
 0.45916733445546221E+00   0.61603838164655E-02  -0.33399202098418E+04
 0.46190525242518254E+00   0.66319043134761E-02  -0.30975016336124E+04
 0.46446721737525276E+00   0.71372503601200E-02  -0.28732505419228E+04
 0.46686407430064147E+00   0.76788471905016E-02  -0.26656798956128E+04
 0.46910605497226926E+00   0.82592937283951E-02  -0.24734416834280E+04
 0.47120280480519683E+00   0.88813749974526E-02  -0.22953116864024E+04
 0.47316340957404490E+00   0.95480754138094E-02  -0.21301762098014E+04
 0.47499642180502577E+00   0.10262593023187E-01  -0.19770204898281E+04
 0.47670988670523978E+00   0.11028354748868E-01  -0.18349185310561E+04
 0.47831136751758907E+00   0.11849032721462E-01  -0.17030241703392E+04
 0.47980797021405408E+00   0.12728561766261E-01  -0.15805631955510E+04
 0.48120636746144041E+00   0.13671158129094E-01  -0.14668263743445E+04
 0.48251282181225558E+00   0.14681339527142E-01  -0.13611632702940E+04
 0.48373320808933823E+00   0.15763946616981E-01  -0.12629767421920E+04
 0.48487303494639516E+00   0.16924165978315E-01  -0.11717180376151E+04
 0.48593746559785023E+00   0.18167554718499E-01  -0.10868824047158E+04
 0.48693133772046238E+00   0.19500066809896E-01  -0.10080051570122E+04
 0.48785918253609217E+00   0.20928081279553E-01  -0.93465813509203E+03
 0.48872524308981413E+00   0.22458432378533E-01  -0.86644651694155E+03
 0.48953349174029603E+00   0.24098441866553E-01  -0.80300593529915E+03
 0.49028764687997117E+00   0.25855953556357E-01  -0.74399986622483E+03
 0.49099118890104654E+00   0.27739370271550E-01  -0.68911725814452E+03
 0.49164737541980252E+00   0.29757693381404E-01  -0.63807037510699E+03
 0.49225925576609020E+00   0.31920565086455E-01  -0.59059283199435E+03
 0.49282968473755356E+00   0.34238313639551E-01  -0.54643780303559E+03
 0.49336133560928619E+00   0.36722001698414E-01  -0.50537638824370E+03
 0.49385671237986450E+00   0.39383478017693E-01  -0.46719612535747E+03
 0.49431816122483946E+00   0.42235432700963E-01  -0.43169963751527E+03
 0.49474788111996859E+00   0.45291456246181E-01  -0.39870340917927E+03
 0.49514793359042519E+00   0.48566102631601E-01  -0.36803668467939E+03
 0.49552025154129198E+00   0.52074956703276E-01  -0.33954048501358E+03
 0.49586664713213069E+00   0.55834706139791E-01  -0.31306673900601E+03
 0.49618881867896397E+00   0.59863218284852E-01  -0.28847752426370E+03
 0.49648835660694102E+00   0.64179622153785E-01  -0.26564441113009E+03
 0.49676674854439995E+00   0.68804395935657E-01  -0.24444789842024E+03
 0.49702538375268246E+00   0.73759460328728E-01  -0.22477692250174E+03
 0.49726555723030669E+00   0.79068278063012E-01  -0.20652841094693E+03
 0.49748847400308083E+00   0.84755959979821E-01  -0.18960683944604E+03
 0.49769525426237970E+00   0.90849378054143E-01  -0.17392373981305E+03
 0.49788694002424277E+00   0.97377285761297E-01  -0.15939710663540E+03
 0.49806450366835603E+00   0.10437044620442E+00  -0.14595067425079E+03
 0.49822885792834010E+00   0.11186176843355E+00  -0.13351309548709E+03
 0.49838086577025825E+00   0.11988645240026E+00  -0.12201713921546E+03
 0.49852134774367823E+00   0.12848214300340E+00  -0.11139908771485E+03
 0.49865108471861391E+00   0.13768909369134E+00  -0.10159848944851E+03
 0.49877081573397930E+00   0.14755034009334E+00  -0.92558285835651E+02
 0.49888123300483428E+00   0.15811188415740E+00  -0.84225155844871E+02
 0.49898297737121222E+00   0.16942288927237E+00  -0.76549829974638E+02
 0.49907663690343174E+00   0.18153588684917E+00  -0.69487168940516E+02
 0.49916274969640656E+00   0.19450699482699E+00  -0.62995929699168E+02
 0.49924181027114256E+00   0.20839614855590E+00  -0.57038263066105E+02
 0.49931427811687823E+00   0.22326734448556E+00  -0.51579053507884E+02
 0.49938058673508046E+00   0.23918889705942E+00  -0.46585224287990E+02
 0.49944115177859538E+00   0.25623370917446E+00  -0.42025113399345E+02
 0.49949637724808627E+00   0.27447955651526E+00  -0.37867997820753E+02
 0.49954665908023210E+00   0.29400938600797E+00  -0.34083815598319E+02
 0.49959238580058907E+00   0.31491162856155E+00  -0.30643109850956E+02
 0.49963393622114244E+00   0.33728052616913E+00  -0.27517195798073E+02
 0.49967167445230676E+00   0.36121647332923E+00  -0.24678530233185E+02
 0.49970594279974884E+00   0.38682637261280E+00  -0.22101240372825E+02
 0.49973705350387454E+00   0.41422400404472E+00  -0.19761739976548E+02
 0.49976528093119460E+00   0.44353040778554E+00  -0.17639311750508E+02
 0.49979085700065756E+00   0.47487427938818E+00  -0.15716446892551E+02
 0.49981397419500878E+00   0.50839237666158E+00  -0.13978614965989E+02
 0.49983480046300555E+00   0.54422993689737E+00  -0.12413140757394E+02
 0.49985350395607336E+00   0.58254110290335E+00  -0.11007343017516E+02
 0.49987027268398598E+00   0.62348935593563E+00  -0.97470561354674E+01
 0.49988531117800511E+00   0.66724795322943E+00  -0.86168803172536E+01
 0.49989881661504004E+00   0.71400036739287E+00  -0.76019750485236E+01
 0.49991095618751591E+00   0.76394072444865E+00  -0.66897584351503E+01
 0.49992186034181102E+00   0.81727423678444E+00  -0.58704139136532E+01
 0.49993162947066505E+00   0.87421762670440E+00  -0.51363862215474E+01
 0.49994034542928389E+00   0.93499953566278E+00  -0.44815152979794E+01
 0.49994808188679346E+00   0.99986091361083E+00  -0.39002580237981E+01
 0.49995491125487151E+00   0.10690553822024E+01  -0.33871673467636E+01
 0.49996090805459231E+00   0.11428495648913E+01  -0.29366391196053E+01
 0.49996614941876427E+00   0.12215233762238E+01  -0.25428741883884E+01
 0.49997071365155304E+00   0.13053702618907E+01  -0.21999864394757E+01
 0.49997467774276788E+00   0.13946973803820E+01  -0.19021893745910E+01
 0.49997811460762870E+00   0.14898257163832E+01  -0.16440033081635E+01
 0.49998109065754837E+00   0.15910901154124E+01  -0.14204377046378E+01
 0.49998366414336815E+00   0.16988392286241E+01  -0.12271155023836E+01
 0.49998588457566989E+00   0.18134353562483E+01  -0.10603165468914E+01
 0.49998779340702165E+00   0.19352541778144E+01  -0.91692625035876E+00
 0.49998942597044849E+00   0.20646843571704E+01  -0.79428990767250E+00
 0.49999081425581759E+00   0.22021270103889E+01  -0.69000409014863E+00
 0.49999198948870832E+00   0.23479950249930E+01  -0.60172289297619E+00
 0.49999298319755070E+00   0.25027122195788E+01  -0.52707775123352E+00
 0.49999382623400879E+00   0.26667123339008E+01  -0.46375100797228E+00
 0.49999454665988685E+00   0.28404378408543E+01  -0.40963462720245E+00
 0.49999516804007699E+00   0.30243385735729E+01  -0.36295840726526E+00
 0.49999570896557988E+00   0.32188701630746E+01  -0.32232579706499E+00
 0.49999618361795195E+00   0.34244922845610E+01  -0.28667148694175E+00
 0.49999660277752106E+00   0.36416667135785E+01  -0.25518566818821E+00
 0.49999697480591754E+00   0.38708551967931E+01  -0.22724022452500E+00
 0.49999730639609313E+00   0.41125171460457E+01  -0.20233239055736E+00
 0.49999760306514224E+00   0.43671071685993E+01  -0.18004773112476E+00
 0.49999786944462327E+00   0.46350724509653E+01  -0.16003833227049E+00
 0.49999810943969691E+00   0.49168500183013E+01  -0.14201084656480E+00
 0.49999832631789060E+00   0.52128638959647E+01  -0.12571982483062E+00
 0.49999852277017520E+00   0.55235222042457E+01  -0.11096312779623E+00
 0.49999870096968851E+00   0.58492142214126E+01  -0.97577514786235E-01
 0.49999886263970339E+00   0.61903074538070E+01  -0.85433537825421E-01
 0.49999900913284245E+00   0.65471447546554E+01  -0.74429591234231E-01
 0.49999914151762803E+00   0.69200415353393E+01  -0.64485410181728E-01
 0.49999926066555062E+00   0.73092831139412E+01  -0.55535530392189E-01
 0.49999936733117367E+00   0.77151222458371E+01  -0.47523270896824E-01
 0.49999946221874259E+00   0.81377768798438E+01  -0.40395730692480E-01
 0.49999954603079244E+00   0.85774281809213E+01  -0.34100137401878E-01
 0.49999961949693822E+00   0.90342188566791E+01  -0.28581684748761E-01
 0.49999968338390116E+00   0.95082518200100E+01  -0.23782779353183E-01
 0.49999973849040852E+00   0.99995892142010E+01  -0.19643423850529E-01
 0.49999978563233494E+00   0.10508251820010E+02  -0.16102332923385E-01
 0.49999982562391898E+00   0.11034218856679E+02  -0.13098344309186E-01
 0.49999985925993756E+00   0.11577428180921E+02  -0.10571757652465E-01
 0.49999988730174394E+00   0.12137776879844E+02  -0.84653833628190E-02
 0.49999991046782288E+00   0.12715122245837E+02  -0.67252519590921E-02
 0.49999992942790378E+00   0.13309283113941E+02  -0.53010562761475E-02
 0.49999994479913840E+00   0.13920041535339E+02  -0.41464386216967E-02
 0.49999995714326340E+00   0.14547144754655E+02  -0.32192037888796E-02
 0.49999996696446003E+00   0.15190307453807E+02  -0.24814799634427E-02
 0.49999997470820029E+00   0.15849214221413E+02  -0.18998052836228E-02
 0.49999998076153307E+00   0.16523522204246E+02  -0.14451063628071E-02
 0.49999998545505564E+00   0.17212863895965E+02  -0.10925502277530E-02
 0.49999998906648568E+00   0.17916850018301E+02  -0.82127598277482E-03
 0.49999999182547905E+00   0.18635072450965E+02  -0.61403291343076E-03
 0.49999999391920696E+00   0.19367107168599E+02  -0.45676157741936E-03
 0.49999999549820651E+00   0.20112517146046E+02  -0.33815429206752E-03
 0.49999999668210798E+00   0.20870855196793E+02  -0.24922498376800E-03
 0.49999999756495583E+00   0.21641666713578E+02  -0.18290945680466E-03
 0.49999999821996088E+00   0.22424492284561E+02  -0.13370845904370E-03
 0.49999999870361117E+00   0.23218870163075E+02  -0.97378841548368E-04
 0.49999999905914139E+00   0.24024338573573E+02  -0.70673026816070E-04
 0.49999999931939759E+00   0.24840437840854E+02  -0.51123758916249E-04
 0.49999999950916452E+00   0.25666712333901E+02  -0.36869340056644E-04
 0.49999999964702613E+00   0.26502712219579E+02  -0.26513809616602E-04
 0.49999999969931963E+00   0.27347995024993E+02  -0.22585751850324E-04
 0.50000000000000000E+00   0.28202127010389E+02   0.59729998724833E-13
 0.50000000000000000E+00   0.29064684357170E+02   0.60507154842071E-13
 0.50000000000000000E+00   0.29935254177814E+02   0.59729998724833E-13
 0.50000000000000000E+00   0.30813435356248E+02   0.58508753397746E-13
 0.50000000000000000E+00   0.31698839228624E+02   0.56954441163271E-13
 0.50000000000000000E+00   0.32591090115412E+02   0.55400128928795E-13
 0.50000000000000000E+00   0.33489825716383E+02   0.54067861299245E-13
 0.50000000000000000E+00   0.34394697380382E+02   0.52513549064770E-13
 0.50000000000000000E+00   0.35305370261891E+02   0.51181281435220E-13
 0.50000000000000000E+00   0.36221523376224E+02   0.49737991503207E-13
 0.50000000000000000E+00   0.37142849564891E+02   0.48627768478582E-13
 0.50000000000000000E+00   0.38069055382202E+02   0.47517545453957E-13
 0.50000000000000000E+00   0.38999860913611E+02   0.46296300126869E-13
 0.50000000000000000E+00   0.39934999535663E+02   0.45297099404706E-13
 0.50000000000000000E+00   0.40874217626704E+02   0.44186876380081E-13
