 0.24780342716049222E+00   0.97578195523695E-18  -0.38223567448863E+05
 0.24783977360456183E+00   0.29483069282768E-04  -0.38212453894763E+05
 0.24795937881874591E+00   0.61082173640461E-04  -0.38175905532457E+05
 0.24817999380275829E+00   0.94949178290611E-04  -0.38108583526376E+05
 0.24852216126372428E+00   0.13124684686428E-03  -0.38004405489896E+05
 0.24900952339258492E+00   0.17014962340302E-03  -0.37856515066734E+05
 0.24966912577943420E+00   0.21184447044981E-03  -0.37657277709429E+05
 0.25053169422698074E+00   0.25653176725507E-03  -0.37398316089266E+05
 0.25163185027499102E+00   0.30442627240692E-03  -0.37070601816889E+05
 0.25300822290253866E+00   0.35575815550320E-03  -0.36664621356779E+05
 0.25470339296117095E+00   0.41077410281323E-03  -0.36170636929680E+05
 0.25676358673994709E+00   0.46973850223137E-03  -0.35579062683696E+05
 0.25923800936045382E+00   0.53293471320370E-03  -0.34880973165659E+05
 0.26217768261152413E+00   0.60066642771546E-03  -0.34068752540261E+05
 0.26563363023058467E+00   0.67325912886222E-03  -0.33136877403010E+05
 0.26965424787057174E+00   0.75106165399386E-03  -0.32082801703396E+05
 0.27428172338073287E+00   0.83444786992019E-03  -0.30907878868610E+05
 0.27954746231530148E+00   0.92381846820159E-03  -0.29618215836425E+05
 0.28546665556715511E+00   0.10196028891215E-02  -0.28225312659459E+05
 0.29203242572707128E+00   0.11222613835509E-02  -0.26746311332226E+05
 0.29921039880620059E+00   0.12322872225722E-02  -0.25203675492657E+05
 0.30693498960387339E+00   0.13502090654347E-02  -0.23624167781445E+05
 0.31510897642995506E+00   0.14765934971652E-02  -0.22037097682682E+05
 0.32360779132069950E+00   0.16120477479678E-02  -0.20471976475657E+05
 0.33228909983982674E+00   0.17572226074079E-02  -0.18955905700297E+05
 0.34100667629898740E+00   0.19128155473023E-02  -0.17511177539892E+05
 0.34962577068956802E+00   0.20795740682274E-02  -0.16153599925278E+05
 0.35803604819345558E+00   0.22582992856177E-02  -0.14891919154713E+05
 0.36615865482778770E+00   0.24498497725618E-02  -0.13728412926969E+05
 0.37394611150486201E+00   0.26551456776172E-02  -0.12660375018429E+05
 0.38137650270807744E+00   0.28751731372654E-02  -0.11681971342799E+05
 0.38844521667585125E+00   0.31109890040199E-02  -0.10785934126703E+05
 0.39515740777930541E+00   0.33637259126873E-02  -0.99647628379401E+04
 0.40152284558605900E+00   0.36345977088734E-02  -0.92113773677917E+04
 0.40755316613746240E+00   0.39249052655295E-02  -0.85193628340735E+04
 0.41326069592660686E+00   0.42360427151559E-02  -0.78829936193353E+04
 0.41865801882612685E+00   0.45695041272231E-02  -0.72971735670412E+04
 0.42375780494974846E+00   0.49268906624595E-02  -0.67573595124756E+04
 0.42857271275083830E+00   0.53099182378730E-02  -0.62594904982844E+04
 0.43311531251761903E+00   0.57204257387563E-02  -0.57999267437000E+04
 0.43739802102579511E+00   0.61603838164655E-02  -0.53753975966632E+04
 0.44143304552476631E+00   0.66319043134761E-02  -0.49829570520128E+04
 0.44523233633094461E+00   0.71372503601200E-02  -0.46199455837008E+04
 0.44880754737245654E+00   0.76788471905016E-02  -0.42839572628793E+04
 0.45217000402301388E+00   0.82592937283951E-02  -0.39728113201066E+04
 0.45533067756571882E+00   0.88813749974526E-02  -0.36845274594836E+04
 0.45830016564211268E+00   0.95480754138094E-02  -0.34173043528366E+04
 0.46108867806526083E+00   0.10262593023187E-01  -0.31695008393416E+04
 0.46370602740553613E+00   0.11028354748868E-01  -0.29396194350508E+04
 0.46616162379177767E+00   0.11849032721462E-01  -0.27262918213836E+04
 0.46846447340666741E+00   0.12728561766261E-01  -0.25282660347011E+04
 0.47062318019179522E+00   0.13671158129094E-01  -0.23443951228981E+04
 0.47264595031349399E+00   0.14681339527142E-01  -0.21736270713360E+04
 0.47454059897395140E+00   0.15763946616981E-01  -0.20149958308489E+04
 0.47631455918237620E+00   0.16924165978315E-01  -0.18676133061295E+04
 0.47797489212747718E+00   0.18167554718499E-01  -0.17306621844623E+04
 0.47952829881482889E+00   0.19500066809896E-01  -0.16033895032339E+04
 0.48098113265087822E+00   0.20928081279553E-01  -0.14851008704934E+04
 0.48233941266983027E+00   0.22458432378533E-01  -0.13751552664791E+04
 0.48360883711145508E+00   0.24098441866553E-01  -0.12729603657841E+04
 0.48479479706867545E+00   0.25855953556357E-01  -0.11779683298883E+04
 0.48590238993626489E+00   0.27739370271550E-01  -0.10896720282016E+04
 0.48693643240993956E+00   0.29757693381404E-01  -0.10076016524816E+04
 0.48790147281407592E+00   0.31920565086455E-01  -0.93132169427149E+03
 0.48880180258385636E+00   0.34238313639551E-01  -0.86042825743782E+03
 0.48964146680412346E+00   0.36722001698414E-01  -0.79454667733581E+03
 0.49042427382526982E+00   0.39383478017693E-01  -0.73332941375619E+03
 0.49115380414880216E+00   0.42235432700963E-01  -0.67645417576886E+03
 0.49183341900679695E+00   0.45291456246181E-01  -0.62362222262256E+03
 0.49246626932966625E+00   0.48566102631601E-01  -0.57455676768427E+03
 0.49305530602771042E+00   0.52074956703276E-01  -0.52900139804511E+03
 0.49360329253401131E+00   0.55834706139791E-01  -0.48671842385807E+03
 0.49411282011497593E+00   0.59863218284852E-01  -0.44748710793495E+03
 0.49458632535075275E+00   0.64179622153785E-01  -0.41110181236287E+03
 0.49502610759576837E+00   0.68804395935657E-01  -0.37737022091697E+03
 0.49543434298921296E+00   0.73759460328728E-01  -0.34611188955312E+03
 0.49581309191856693E+00   0.79068278063012E-01  -0.31715734994030E+03
 0.49616429924852745E+00   0.84755959979821E-01  -0.29034780653888E+03
 0.49648978994309956E+00   0.90849378054143E-01  -0.26553521699455E+03
 0.49679126476080426E+00   0.97377285761297E-01  -0.24258239351547E+03
 0.49707030025719545E+00   0.10437044620442E+00  -0.22136280117562E+03
 0.49732835504856521E+00   0.11186176843355E+00  -0.20175990502102E+03
 0.49756678177798264E+00   0.11988645240026E+00  -0.18366610900086E+03
 0.49778684259617445E+00   0.12848214300340E+00  -0.16698145212246E+03
 0.49798972541150222E+00   0.13768909369134E+00  -0.15161226793349E+03
 0.49817655833962066E+00   0.14755034009334E+00  -0.13746999879044E+03
 0.49834842032206722E+00   0.15811188415740E+00  -0.12447031491297E+03
 0.49850634657722559E+00   0.16942288927237E+00  -0.11253263560944E+03
 0.49865132834750792E+00   0.18153588684917E+00  -0.10158008989585E+03
 0.49878430736106211E+00   0.19450699482699E+00  -0.91539882276548E+02
 0.49890616663514453E+00   0.20839614855590E+00  -0.82343939045855E+02
 0.49901772079174211E+00   0.22326734448556E+00  -0.73929595008818E+02
 0.49911971072849232E+00   0.23918889705942E+00  -0.66239955482944E+02
 0.49921280814926117E+00   0.25623370917446E+00  -0.59223519662036E+02
 0.49929763251678549E+00   0.27447955651526E+00  -0.52832873794500E+02
 0.49937477449625811E+00   0.29400938600797E+00  -0.47022902059427E+02
 0.49944481089194920E+00   0.31491162856155E+00  -0.41749643938746E+02
 0.49950829894679122E+00   0.33728052616913E+00  -0.36970708580198E+02
 0.49956575512756740E+00   0.36121647332923E+00  -0.32646857436085E+02
 0.49961763666145886E+00   0.38682637261280E+00  -0.28743379445066E+02
 0.49966433901858009E+00   0.41422400404472E+00  -0.25230267142316E+02
 0.49970620891670298E+00   0.44353040778554E+00  -0.22081227326744E+02
 0.49974356460453329E+00   0.47487427938818E+00  -0.19272147183461E+02
 0.49977671525475265E+00   0.50839237666158E+00  -0.16779629944232E+02
 0.49980597461124138E+00   0.54422993689737E+00  -0.14579964375554E+02
 0.49983166720851008E+00   0.58254110290335E+00  -0.12648653675708E+02
 0.49985412759791725E+00   0.62348935593563E+00  -0.10960470454980E+02
 0.49987369419777428E+00   0.66724795322943E+00  -0.94899158802534E+01
 0.49989069990381857E+00   0.71400036739287E+00  -0.82119222883358E+01
 0.49990546165956939E+00   0.76394072444865E+00  -0.71026340079160E+01
 0.49991827095448360E+00   0.81727423678444E+00  -0.61401186191407E+01
 0.49992938683642263E+00   0.87421762670440E+00  -0.53048895558330E+01
 0.49993903260336120E+00   0.93499953566278E+00  -0.45801526110826E+01
 0.49994739687116929E+00   0.99986091361083E+00  -0.39517240411378E+01
 0.49995463896667292E+00   0.10690553822024E+01  -0.34076240961510E+01
 0.49996089720879477E+00   0.11428495648913E+01  -0.29374539299309E+01
 0.49996629687124894E+00   0.12215233762238E+01  -0.25317967266949E+01
 0.49997095418142445E+00   0.13053702618907E+01  -0.21819168159354E+01
 0.49997497527817797E+00   0.13946973803820E+01  -0.18798376114796E+01
 0.49997845283795928E+00   0.14898257163832E+01  -0.16185947712240E+01
 0.49998146409538236E+00   0.15910901154124E+01  -0.13923846463413E+01
 0.49998407174779064E+00   0.16988392286241E+01  -0.11964961304004E+01
 0.49998632684437733E+00   0.18134353562483E+01  -0.10270934807703E+01
 0.49998827210480867E+00   0.19352541778144E+01  -0.88096692244750E+00
 0.49998994464539465E+00   0.20646843571704E+01  -0.75532779100793E+00
 0.49999137778391312E+00   0.22021270103889E+01  -0.64767290850809E+00
 0.49999260201396417E+00   0.23479950249930E+01  -0.55571135690449E+00
 0.49999364539349078E+00   0.25027122195788E+01  -0.47733526661796E+00
 0.49999453359682439E+00   0.26667123339008E+01  -0.41061588603200E+00
 0.49999528982515717E+00   0.28404378408543E+01  -0.35381028972386E+00
 0.49999593470416143E+00   0.30243385735729E+01  -0.30536905558778E+00
 0.49999648623975146E+00   0.32188701630746E+01  -0.26393957727385E+00
 0.49999695986010234E+00   0.34244922845610E+01  -0.22836289976220E+00
 0.49999736854406823E+00   0.36416667135785E+01  -0.19766406687101E+00
 0.49999772302057249E+00   0.38708551967931E+01  -0.17103713930393E+00
 0.49999803201706644E+00   0.41125171460457E+01  -0.14782652803717E+00
 0.49999830253461719E+00   0.43671071685993E+01  -0.12750632842437E+00
 0.49999854012995071E+00   0.46350724509653E+01  -0.10965913262670E+00
 0.49999874918889425E+00   0.49168500183013E+01  -0.93955488478989E-01
 0.49999893317984967E+00   0.52128638959647E+01  -0.80134858906793E-01
 0.49999909487945388E+00   0.55235222042457E+01  -0.67988670616817E-01
 0.49999923656527728E+00   0.58492142214126E+01  -0.57345839100768E-01
 0.49999936017243884E+00   0.61903074538070E+01  -0.48061004059571E-01
 0.49999946741284484E+00   0.65471447546554E+01  -0.40005572584398E-01
 0.49999955985779521E+00   0.69200415353393E+01  -0.33061513969363E-01
 0.49999963898716959E+00   0.73092831139412E+01  -0.27117664978539E-01
 0.49999970621108092E+00   0.77151222458371E+01  -0.22068103240158E-01
 0.49999976287215370E+00   0.81377768798438E+01  -0.17811976084995E-01
 0.49999981023758600E+00   0.85774281809213E+01  -0.14254096745965E-01
 0.49999984948922033E+00   0.90342188566791E+01  -0.11305690109703E-01
 0.49999988171700183E+00   0.95082518200100E+01  -0.88848841262870E-02
 0.49999990791744764E+00   0.99995892142010E+01  -0.69168247192293E-02
 0.49999992899570378E+00   0.10508251820010E+02  -0.53335212612393E-02
 0.49999994576861378E+00   0.11034218856679E+02  -0.40736160700150E-02
 0.49999995896697086E+00   0.11577428180921E+02  -0.30822151964305E-02
 0.49999996923670814E+00   0.12137776879844E+02  -0.23107990207363E-02
 0.49999997713998839E+00   0.12715122245837E+02  -0.17171404174623E-02
 0.49999998315743588E+00   0.13309283113941E+02  -0.12651370323611E-02
 0.49999998769229848E+00   0.13920041535339E+02  -0.92449871455313E-03
 0.49999999107661863E+00   0.14547144754655E+02  -0.67028393379731E-03
 0.49999999357894775E+00   0.15190307453807E+02  -0.48232031765094E-03
 0.49999999541288481E+00   0.15849214221413E+02  -0.34456328624177E-03
 0.49999999674572670E+00   0.16523522204246E+02  -0.24444625811659E-03
 0.49999999770667192E+00   0.17212863895965E+02  -0.17226441289231E-03
 0.49999999839421744E+00   0.17916850018301E+02  -0.12061911167094E-03
 0.49999999888256763E+00   0.18635072450965E+02  -0.83936468908696E-04
 0.49999999922701410E+00   0.19367107168599E+02  -0.58063213854931E-04
 0.49999999946833673E+00   0.20112517146046E+02  -0.39936146301489E-04
 0.49999999963632535E+00   0.20870855196793E+02  -0.27317601427601E-04
 0.49999999969931963E+00   0.21641666713578E+02  -0.22585751499271E-04
 0.50000000000000000E+00   0.22424492284561E+02   0.39568348597641E-12
 0.50000000000000000E+00   0.23218870163075E+02   0.38302694349568E-12
 0.50000000000000000E+00   0.24024338573573E+02   0.37103653482973E-12
 0.50000000000000000E+00   0.24840437840854E+02   0.35904612616378E-12
 0.50000000000000000E+00   0.25666712333901E+02   0.34772185131260E-12
 0.50000000000000000E+00   0.26502712219579E+02   0.33684166567127E-12
 0.50000000000000000E+00   0.27347995024993E+02   0.32662761384472E-12
 0.50000000000000000E+00   0.28202127010389E+02   0.31663560662309E-12
 0.50000000000000000E+00   0.29064684357170E+02   0.30730973321624E-12
 0.50000000000000000E+00   0.29935254177814E+02   0.29820590441432E-12
 0.50000000000000000E+00   0.30813435356248E+02   0.28976820942717E-12
 0.50000000000000000E+00   0.31698839228624E+02   0.28155255904494E-12
 0.50000000000000000E+00   0.32591090115412E+02   0.27378099787256E-12
 0.50000000000000000E+00   0.33489825716383E+02   0.26645352591004E-12
 0.50000000000000000E+00   0.34394697380382E+02   0.25945912085490E-12
 0.50000000000000000E+00   0.35305370261891E+02   0.25290880500961E-12
 0.50000000000000000E+00   0.36221523376224E+02   0.24646951146678E-12
 0.50000000000000000E+00   0.37142849564891E+02   0.24047430713381E-12
 0.50000000000000000E+00   0.38069055382202E+02   0.23459012510330E-12
 0.50000000000000000E+00   0.38999860913611E+02   0.22915003228263E-12
 0.50000000000000000E+00   0.39934999535663E+02   0.22382096176443E-12
 0.50000000000000000E+00   0.40874217626704E+02   0.21838086894377E-12
