 0.35220645709643716E+00   0.97578195523695E-18  -0.15760046471016E+05
 0.35223668855111046E+00   0.29483069282768E-04  -0.15755470360601E+05
 0.35233614354670251E+00   0.61082173640461E-04  -0.15740421480935E+05
 0.35251948730234672E+00   0.94949178290611E-04  -0.15712701358122E+05
 0.35280358062227007E+00   0.13124684686428E-03  -0.15669805608558E+05
 0.35320766466565551E+00   0.17014962340302E-03  -0.15608911125100E+05
 0.35375351078903633E+00   0.21184447044981E-03  -0.15526874326254E+05
 0.35446550864027493E+00   0.25653176725507E-03  -0.15420245827444E+05
 0.35537065625127773E+00   0.30442627240692E-03  -0.15285308154642E+05
 0.35649840602662919E+00   0.35575815550320E-03  -0.15118144081135E+05
 0.35788030742524257E+00   0.41077410281323E-03  -0.14914744049910E+05
 0.35954937504175050E+00   0.46973850223137E-03  -0.14671161067305E+05
 0.36153910056251215E+00   0.53293471320370E-03  -0.14383720069486E+05
 0.36388202357013422E+00   0.60066642771546E-03  -0.14049285243714E+05
 0.36660778598449789E+00   0.67325912886222E-03  -0.13665582357388E+05
 0.36974062784960199E+00   0.75106165399386E-03  -0.13231563131633E+05
 0.37329635034686293E+00   0.83444786992019E-03  -0.12747784932091E+05
 0.37727888739985199E+00   0.92381846820159E-03  -0.12216762422273E+05
 0.38167679583051622E+00   0.10196028891215E-02  -0.11643230923459E+05
 0.38646018436084451E+00   0.11222613835509E-02  -0.11034248867928E+05
 0.39157881068353784E+00   0.12322872225722E-02  -0.10399065908805E+05
 0.39696219673804267E+00   0.13502090654347E-02  -0.97487018332115E+04
 0.40252252100213670E+00   0.14765934971652E-02  -0.90952250884936E+04
 0.40816062414873860E+00   0.16120477479678E-02  -0.84507871803267E+04
 0.41377468546866941E+00   0.17572226074079E-02  -0.78265473425491E+04
 0.41927016239264020E+00   0.19128155473023E-02  -0.72316844668343E+04
 0.42456882988826616E+00   0.20795740682274E-02  -0.66727074452761E+04
 0.42961468857039903E+00   0.22582992856177E-02  -0.61532174282443E+04
 0.43437537731415243E+00   0.24498497725618E-02  -0.56741520138096E+04
 0.43883925753026309E+00   0.26551456776172E-02  -0.52343965818751E+04
 0.44300978209969510E+00   0.28751731372654E-02  -0.48315485487283E+04
 0.44689935473248255E+00   0.31109890040199E-02  -0.44626149626463E+04
 0.45052440556361817E+00   0.33637259126873E-02  -0.41245069976577E+04
 0.45390233451390694E+00   0.36345977088734E-02  -0.38143089052191E+04
 0.45705004765426455E+00   0.39249052655295E-02  -0.35293788101719E+04
 0.45998344839027927E+00   0.42360427151559E-02  -0.32673586039210E+04
 0.46271734864505232E+00   0.45695041272231E-02  -0.30261493148056E+04
 0.46526551369482427E+00   0.49268906624595E-02  -0.28038796167162E+04
 0.46764073418267971E+00   0.53099182378730E-02  -0.25988766789671E+04
 0.46985489768701594E+00   0.57204257387563E-02  -0.24096410330701E+04
 0.47191905520851940E+00   0.61603838164655E-02  -0.22348251392210E+04
 0.47384348243493751E+00   0.66319043134761E-02  -0.20732150693363E+04
 0.47563773619252936E+00   0.71372503601200E-02  -0.19237147913666E+04
 0.47731070649872287E+00   0.76788471905016E-02  -0.17853326318390E+04
 0.47887066459238020E+00   0.82592937283951E-02  -0.16571695703676E+04
 0.48032530728182932E+00   0.88813749974526E-02  -0.15384090814788E+04
 0.48168179791852062E+00   0.95480754138094E-02  -0.14283082886488E+04
 0.48294680427541858E+00   0.10262593023187E-01  -0.13261902355005E+04
 0.48412653358361218E+00   0.11028354748868E-01  -0.12314371116407E+04
 0.48522676495775868E+00   0.11849032721462E-01  -0.11434842971589E+04
 0.48625287942055206E+00   0.12728561766261E-01  -0.10618151115642E+04
 0.48720988771814466E+00   0.13671158129094E-01  -0.98595617083724E+03
 0.48810245610211084E+00   0.14681339527142E-01  -0.91547327106767E+03
 0.48893493023890877E+00   0.15763946616981E-01  -0.84996772941061E+03
 0.48971135739467653E+00   0.16924165978315E-01  -0.78907312330654E+03
 0.49043550703142591E+00   0.18167554718499E-01  -0.73245237743579E+03
 0.49111088994010538E+00   0.19500066809896E-01  -0.67979515502404E+03
 0.49174077602644561E+00   0.20928081279553E-01  -0.63081551612463E+03
 0.49232821085684464E+00   0.22458432378533E-01  -0.58524981057403E+03
 0.49287603106363520E+00   0.24098441866553E-01  -0.54285477761257E+03
 0.49338687870178893E+00   0.25855953556357E-01  -0.50340582781736E+03
 0.49386321464229066E+00   0.27739370271550E-01  -0.46669548612018E+03
 0.49430733108092845E+00   0.29757693381404E-01  -0.43253197737373E+03
 0.49472136323493249E+00   0.31920565086455E-01  -0.40073793826435E+03
 0.49510730029362671E+00   0.34238313639551E-01  -0.37114924141493E+03
 0.49546699568285302E+00   0.36722001698414E-01  -0.34361391933624E+03
 0.49580217669628412E+00   0.39383478017693E-01  -0.31799117751715E+03
 0.49611445353970568E+00   0.42235432700963E-01  -0.29415048743444E+03
 0.49640532782684899E+00   0.45291456246181E-01  -0.27197075164602E+03
 0.49667620055732398E+00   0.48566102631601E-01  -0.25133953443171E+03
 0.49692837959868891E+00   0.52074956703276E-01  -0.23215235268111E+03
 0.49716308668576109E+00   0.55834706139791E-01  -0.21431202290639E+03
 0.49738146394118099E+00   0.59863218284852E-01  -0.19772806137526E+03
 0.49758457991231908E+00   0.64179622153785E-01  -0.18231613540038E+03
 0.49777343511139938E+00   0.68804395935657E-01  -0.16799756475651E+03
 0.49794896703894082E+00   0.73759460328728E-01  -0.15469887297732E+03
 0.49811205466629371E+00   0.79068278063012E-01  -0.14235138884226E+03
 0.49826352235254467E+00   0.84755959979821E-01  -0.13089089860230E+03
 0.49840414317629145E+00   0.90849378054143E-01  -0.12025734927319E+03
 0.49853464167649270E+00   0.97377285761297E-01  -0.11039460244438E+03
 0.49865569602274029E+00   0.10437044620442E+00  -0.10125023621616E+03
 0.49876793967950550E+00   0.11186176843355E+00  -0.92775389667941E+02
 0.49887196269823814E+00   0.11988645240026E+00  -0.84924639148551E+02
 0.49896831287186055E+00   0.12848214300340E+00  -0.77655888202894E+02
 0.49905749711567737E+00   0.13768909369134E+00  -0.70930243302017E+02
 0.49913998356795380E+00   0.14755034009334E+00  -0.64711837918563E+02
 0.49921620494904251E+00   0.15811188415740E+00  -0.58967564162419E+02
 0.49928656352692635E+00   0.16942288927237E+00  -0.53666685666363E+02
 0.49935143744866139E+00   0.18153588684917E+00  -0.48780349752003E+02
 0.49941118725266276E+00   0.19450699482699E+00  -0.44281087955100E+02
 0.49946616057469828E+00   0.20839614855590E+00  -0.40142454196072E+02
 0.49951669323044584E+00   0.22326734448556E+00  -0.36338936883673E+02
 0.49956310635606910E+00   0.23918889705942E+00  -0.32846168375830E+02
 0.49960570126807224E+00   0.25623370917446E+00  -0.29641306385890E+02
 0.49964475470417646E+00   0.27447955651526E+00  -0.26703386944970E+02
 0.49968051653232975E+00   0.29400938600797E+00  -0.24013492031360E+02
 0.49971321058542084E+00   0.31491162856155E+00  -0.21554682618177E+02
 0.49974303805640352E+00   0.33728052616913E+00  -0.19311739816386E+02
 0.49977018234958248E+00   0.36121647332923E+00  -0.17270797203274E+02
 0.49979481430287920E+00   0.38682637261280E+00  -0.15418945883171E+02
 0.49981709696413357E+00   0.41422400404472E+00  -0.13743873591528E+02
 0.49983718940514199E+00   0.44353040778554E+00  -0.12233576526315E+02
 0.49985524930479497E+00   0.47487427938818E+00  -0.10876163977141E+02
 0.49987143421748459E+00   0.50839237666158E+00  -0.96597619518058E+01
 0.49988590157900836E+00   0.54422993689737E+00  -0.85725118007189E+01
 0.49989880760321836E+00   0.58254110290335E+00  -0.76026522736275E+01
 0.49991030529595382E+00   0.62348935593563E+00  -0.67386679589227E+01
 0.49992054186079971E+00   0.66724795322943E+00  -0.59694834660011E+01
 0.49992965579549153E+00   0.71400036739287E+00  -0.52846808983010E+01
 0.49993777398395883E+00   0.76394072444865E+00  -0.46747177075829E+01
 0.49994500909376433E+00   0.81727423678444E+00  -0.41311216636889E+01
 0.49995145762955295E+00   0.87421762670440E+00  -0.36466366046899E+01
 0.49995719913136105E+00   0.93499953566278E+00  -0.32152822460858E+01
 0.49996229727829083E+00   0.99986091361083E+00  -0.28322709201766E+01
 0.49996680386506503E+00   0.10690553822024E+01  -0.24937085679542E+01
 0.49997076597916035E+00   0.11428495648913E+01  -0.21960553741887E+01
 0.49997423424858711E+00   0.12215233762238E+01  -0.19355060551350E+01
 0.49997726711646490E+00   0.13053702618907E+01  -0.17076686849286E+01
 0.49997992750145753E+00   0.13946973803820E+01  -0.15078155284898E+01
 0.49998227464452771E+00   0.14898257163832E+01  -0.13314954641145E+01
 0.49998435755855880E+00   0.15910901154124E+01  -0.11750259729027E+01
 0.49998621329232024E+00   0.16988392286241E+01  -0.10356234695981E+01
 0.49998786883074509E+00   0.18134353562483E+01  -0.91126048994231E+00
 0.49998934422927410E+00   0.19352541778144E+01  -0.80043019721728E+00
 0.49999065544723664E+00   0.20646843571704E+01  -0.70193351456841E+00
 0.49999181635513179E+00   0.22021270103889E+01  -0.61472832486455E+00
 0.49999283992734928E+00   0.23479950249930E+01  -0.53783986559035E+00
 0.49999373881155712E+00   0.25027122195788E+01  -0.47031795078492E+00
 0.49999452548386236E+00   0.26667123339008E+01  -0.41122531032075E+00
 0.49999521216363563E+00   0.28404378408543E+01  -0.35964398337023E+00
 0.49999581061675313E+00   0.30243385735729E+01  -0.31469009397045E+00
 0.49999633193473908E+00   0.32188701630746E+01  -0.27553043733145E+00
 0.49999678634333455E+00   0.34244922845610E+01  -0.24139685604923E+00
 0.49999718306781127E+00   0.36416667135785E+01  -0.21159635435107E+00
 0.49999753026344235E+00   0.38708551967931E+01  -0.18551631844788E+00
 0.49999783500716100E+00   0.41125171460457E+01  -0.16262514110444E+00
 0.49999810333952766E+00   0.43671071685993E+01  -0.14246906775326E+00
 0.49999834034342872E+00   0.46350724509653E+01  -0.12466628365660E+00
 0.49999855024614720E+00   0.49168500183013E+01  -0.10889924597637E+00
 0.49999873653330240E+00   0.52128638959647E+01  -0.94906124372526E-01
 0.49999890206566527E+00   0.55235222042457E+01  -0.82472025775828E-01
 0.49999904919227961E+00   0.58492142214126E+01  -0.71420496928627E-01
 0.49999917985527903E+00   0.61903074538070E+01  -0.61605650621247E-01
 0.49999929568322588E+00   0.65471447546554E+01  -0.52905154384425E-01
 0.49999939807080479E+00   0.69200415353393E+01  -0.45214244030262E-01
 0.49999948824354662E+00   0.73092831139412E+01  -0.38440861800655E-01
 0.49999956730711781E+00   0.77151222458371E+01  -0.32501953915635E-01
 0.49999963628172062E+00   0.81377768798438E+01  -0.27320886524210E-01
 0.49999969612326611E+00   0.85774281809213E+01  -0.22825855180937E-01
 0.49999974773402373E+00   0.90342188566791E+01  -0.18949084980647E-01
 0.49999979196612199E+00   0.95082518200100E+01  -0.15626567434020E-01
 0.49999982962134748E+00   0.99995892142010E+01  -0.12798075628366E-01
 0.49999986145002812E+00   0.10508251820010E+02  -0.10407248101175E-01
 0.49999988815061541E+00   0.11034218856679E+02  -0.84016201448320E-02
 0.49999991037031799E+00   0.11577428180921E+02  -0.67325762467640E-02
 0.49999992870626075E+00   0.12137776879844E+02  -0.53552629861990E-02
 0.49999994370642264E+00   0.12715122245837E+02  -0.42285186113147E-02
 0.49999995586992974E+00   0.13309283113941E+02  -0.33148509597587E-02
 0.49999996564681970E+00   0.13920041535339E+02  -0.25804552290096E-02
 0.49999997343778158E+00   0.14547144754655E+02  -0.19952334584324E-02
 0.49999997959447190E+00   0.15190307453807E+02  -0.15327707718632E-02
 0.49999998442083360E+00   0.15849214221413E+02  -0.11702363483903E-02
 0.49999998817555502E+00   0.16523522204246E+02  -0.88819869714318E-03
 0.49999999107554483E+00   0.17212863895965E+02  -0.67036460888459E-03
 0.49999999330013439E+00   0.17916850018301E+02  -0.50326352821772E-03
 0.49999999499566050E+00   0.18635072450965E+02  -0.37590330162163E-03
 0.49999999628010861E+00   0.19367107168599E+02  -0.27942138247605E-03
 0.49999999724756528E+00   0.20112517146046E+02  -0.20675041851925E-03
 0.49999999797230821E+00   0.20870855196793E+02  -0.15231102807578E-03
 0.49999999851243776E+00   0.21641666713578E+02  -0.11173893577721E-03
 0.49999999891301822E+00   0.22424492284561E+02  -0.81649155815433E-04
 0.49999999920872873E+00   0.23218870163075E+02  -0.59436723515827E-04
 0.49999999942606443E+00   0.24024338573573E+02  -0.43111456245026E-04
 0.49999999958513086E+00   0.24840437840854E+02  -0.31163104904031E-04
 0.49999999969931963E+00   0.25666712333901E+02  -0.22585751904169E-04
 0.50000000000000000E+00   0.26502712219579E+02   0.11768364061027E-13
 0.50000000000000000E+00   0.27347995024993E+02   0.15543122344752E-13
 0.50000000000000000E+00   0.28202127010389E+02   0.16486811915684E-13
 0.50000000000000000E+00   0.29064684357170E+02   0.16653345369377E-13
 0.50000000000000000E+00   0.29935254177814E+02   0.16375789613221E-13
 0.50000000000000000E+00   0.30813435356248E+02   0.16042722705834E-13
 0.50000000000000000E+00   0.31698839228624E+02   0.15598633495983E-13
 0.50000000000000000E+00   0.32591090115412E+02   0.15321077739827E-13
 0.50000000000000000E+00   0.33489825716383E+02   0.14821477378746E-13
 0.50000000000000000E+00   0.34394697380382E+02   0.14488410471358E-13
 0.50000000000000000E+00   0.35305370261891E+02   0.14099832412739E-13
 0.50000000000000000E+00   0.36221523376224E+02   0.13711254354121E-13
 0.50000000000000000E+00   0.37142849564891E+02   0.13378187446733E-13
 0.50000000000000000E+00   0.38069055382202E+02   0.13156142841808E-13
 0.50000000000000000E+00   0.38999860913611E+02   0.12767564783189E-13
 0.50000000000000000E+00   0.39934999535663E+02   0.12545520178264E-13
 0.50000000000000000E+00   0.40874217626704E+02   0.12212453270877E-13
