 0.17522444645247118E+00   0.97578195523695E-18  -0.69612620003219E+05
 0.17525758844186071E+00   0.29483069282768E-04  -0.69592353613200E+05
 0.17536667350423302E+00   0.61082173640461E-04  -0.69525701988658E+05
 0.17556796150845463E+00   0.94949178290611E-04  -0.69402931237341E+05
 0.17588035881840533E+00   0.13124684686428E-03  -0.69212948550110E+05
 0.17632575051683944E+00   0.17014962340302E-03  -0.68943250141154E+05
 0.17692935888681510E+00   0.21184447044981E-03  -0.68579913699326E+05
 0.17772011171425023E+00   0.25653176725507E-03  -0.68107661898771E+05
 0.17873099416265623E+00   0.30442627240692E-03  -0.67510030292014E+05
 0.17999936079952095E+00   0.35575815550320E-03  -0.66769669645179E+05
 0.18156715969369891E+00   0.41077410281323E-03  -0.65868821805609E+05
 0.18348100348242585E+00   0.46973850223137E-03  -0.64790005676833E+05
 0.18579199327541251E+00   0.53293471320370E-03  -0.63516944492411E+05
 0.18855516734291183E+00   0.60066642771546E-03  -0.62035749750508E+05
 0.19182840751534674E+00   0.67325912886222E-03  -0.60336348777813E+05
 0.19567059965390188E+00   0.75106165399386E-03  -0.58414098503183E+05
 0.20013882474148043E+00   0.83444786992019E-03  -0.56271467072347E+05
 0.20528438041253275E+00   0.92381846820159E-03  -0.53919591292364E+05
 0.21114753904221925E+00   0.10196028891215E-02  -0.51379443043507E+05
 0.21775118698115203E+00   0.11222613835509E-02  -0.48682283069407E+05
 0.22509389846642119E+00   0.12322872225722E-02  -0.45869076911052E+05
 0.23314356085452659E+00   0.13502090654347E-02  -0.42988630053801E+05
 0.24183324973560408E+00   0.14765934971652E-02  -0.40094392731478E+05
 0.25106135038395033E+00   0.16120477479678E-02  -0.37240183546736E+05
 0.26069751654047979E+00   0.17572226074079E-02  -0.34475427131334E+05
 0.27059465163219232E+00   0.19128155473023E-02  -0.31840778252710E+05
 0.28060490381967035E+00   0.20795740682274E-02  -0.29365067501459E+05
 0.29059563976498692E+00   0.22582992856177E-02  -0.27064248373119E+05
 0.30046083906896204E+00   0.24498497725618E-02  -0.24942478674843E+05
 0.31012505142124952E+00   0.26551456776172E-02  -0.22994827901592E+05
 0.31954022449342079E+00   0.28751731372654E-02  -0.21210661852632E+05
 0.32867842711427159E+00   0.31109890040199E-02  -0.19576732044471E+05
 0.33752418040011156E+00   0.33637259126873E-02  -0.18079365659113E+05
 0.34606880011388536E+00   0.36345977088734E-02  -0.16705656643595E+05
 0.35430723192247382E+00   0.39249052655295E-02  -0.15443912100092E+05
 0.36223666112339858E+00   0.42360427151559E-02  -0.14283696088215E+05
 0.36985599550733961E+00   0.45695041272231E-02  -0.13215720523145E+05
 0.37716565434464427E+00   0.49268906624595E-02  -0.12231705668478E+05
 0.38416743147850863E+00   0.53099182378730E-02  -0.11324250979242E+05
 0.39086436875824165E+00   0.57204257387563E-02  -0.10486723714999E+05
 0.39726062938086593E+00   0.61603838164655E-02  -0.97131639177361E+04
 0.40336137169757874E+00   0.66319043134761E-02  -0.89982031719397E+04
 0.40917262530390297E+00   0.71372503601200E-02  -0.83369948655925E+04
 0.41470117105849202E+00   0.76788471905016E-02  -0.77251540803547E+04
 0.41995442636726493E+00   0.82592937283951E-02  -0.71587055805275E+04
 0.42494033676050824E+00   0.88813749974526E-02  -0.66340386448547E+04
 0.42966727449515396E+00   0.95480754138094E-02  -0.61478677065492E+04
 0.43414394463838207E+00   0.10262593023187E-01  -0.56971979464114E+04
 0.43837929883641208E+00   0.11028354748868E-01  -0.52792951302282E+04
 0.44238245674762466E+00   0.11849032721462E-01  -0.48916591014072E+04
 0.44616263492576813E+00   0.12728561766261E-01  -0.45320004380683E+04
 0.44972908278146628E+00   0.13671158129094E-01  -0.41982198643480E+04
 0.45309102513469857E+00   0.14681339527142E-01  -0.38883900711734E+04
 0.45625761080626237E+00   0.15763946616981E-01  -0.36007396540122E+04
 0.45923786669519395E+00   0.16924165978315E-01  -0.33336389150392E+04
 0.46204065686908746E+00   0.18167554718499E-01  -0.30855873049512E+04
 0.46467464637597122E+00   0.19500066809896E-01  -0.28552022949330E+04
 0.46714826978772322E+00   0.20928081279553E-01  -0.26412094717289E+04
 0.46946970490302908E+00   0.22458432378533E-01  -0.24424336396491E+04
 0.47164685251201055E+00   0.24098441866553E-01  -0.22577906984199E+04
 0.47368732347954584E+00   0.25855953556357E-01  -0.20862800597242E+04
 0.47559843430355508E+00   0.27739370271550E-01  -0.19269773948506E+04
 0.47738721131067435E+00   0.29757693381404E-01  -0.17790276043520E+04
 0.47906040153614893E+00   0.31920565086455E-01  -0.16416380826633E+04
 0.48062448563448207E+00   0.34238313639551E-01  -0.15140725691622E+04
 0.48208568650329209E+00   0.36722001698414E-01  -0.13956460022301E+04
 0.48344996859716421E+00   0.39383478017693E-01  -0.12857206785715E+04
 0.48472302748636298E+00   0.42235432700963E-01  -0.11837036539948E+04
 0.48591027469113030E+00   0.45291456246181E-01  -0.10890449032178E+04
 0.48701682571001770E+00   0.48566102631601E-01  -0.10012355573958E+04
 0.48804749789694718E+00   0.52074956703276E-01  -0.91980566747379E+03
 0.48900682080732011E+00   0.55834706139791E-01  -0.84432127634429E+03
 0.48989905739678125E+00   0.59863218284852E-01  -0.77438091756316E+03
 0.49072823169446861E+00   0.64179622153785E-01  -0.70961186692370E+03
 0.49149815756293314E+00   0.68804395935657E-01  -0.64966654166051E+03
 0.49221246344351710E+00   0.73759460328728E-01  -0.59421941156452E+03
 0.49287460909730108E+00   0.79068278063012E-01  -0.54296469596431E+03
 0.49348789209173505E+00   0.84755959979821E-01  -0.49561498606225E+03
 0.49405544419736430E+00   0.90849378054143E-01  -0.45190074974636E+03
 0.49458022103160088E+00   0.97377285761297E-01  -0.41157043893532E+03
 0.49506499191392567E+00   0.10437044620442E+00  -0.37439065064594E+03
 0.49551233948456902E+00   0.11186176843355E+00  -0.34014560575056E+03
 0.49592467678776925E+00   0.11988645240026E+00  -0.30863536070252E+03
 0.49630427970220298E+00   0.12848214300340E+00  -0.27967292075749E+03
 0.49665331800017565E+00   0.13768909369134E+00  -0.25308152901170E+03
 0.49697386365803153E+00   0.14755034009334E+00  -0.22869374416188E+03
 0.49726787221455837E+00   0.15811188415740E+00  -0.20635260226992E+03
 0.49753715801568288E+00   0.16942288927237E+00  -0.18591326171499E+03
 0.49778338982639986E+00   0.18153588684917E+00  -0.16724312130354E+03
 0.49800811600800243E+00   0.19450699482699E+00  -0.15021972543264E+03
 0.49821280832178894E+00   0.20839614855590E+00  -0.13472729432581E+03
 0.49839890491207034E+00   0.22326734448556E+00  -0.12065335107959E+03
 0.49856783547200234E+00   0.23918889705942E+00  -0.10788672224247E+03
 0.49872101906694527E+00   0.25623370917446E+00  -0.96317619571246E+02
 0.49885983381891597E+00   0.27447955651526E+00  -0.85839852038014E+02
 0.49898556684508066E+00   0.29400938600797E+00  -0.76354527514309E+02
 0.49909936338494659E+00   0.31491162856155E+00  -0.67773813957444E+02
 0.49920220525978221E+00   0.33728052616913E+00  -0.60022491188084E+02
 0.49929494830665022E+00   0.36121647332923E+00  -0.53035068114907E+02
 0.49937840758450763E+00   0.38682637261280E+00  -0.46749319074899E+02
 0.49945341078584571E+00   0.41422400404472E+00  -0.41102233038143E+02
 0.49952075702502080E+00   0.44353040778554E+00  -0.36033094356106E+02
 0.49958113711631025E+00   0.47487427938818E+00  -0.31489458261555E+02
 0.49963510676123923E+00   0.50839237666158E+00  -0.27429141372396E+02
 0.49968312348268651E+00   0.54422993689737E+00  -0.23817420136557E+02
 0.49972560451402159E+00   0.58254110290335E+00  -0.20622661039152E+02
 0.49976297083836152E+00   0.62348935593563E+00  -0.17812999219441E+02
 0.49979566566274525E+00   0.66724795322943E+00  -0.15354943087149E+02
 0.49982415023666071E+00   0.71400036739287E+00  -0.13213683339094E+02
 0.49984888596832200E+00   0.76394072444865E+00  -0.11354431826050E+02
 0.49987031298106233E+00   0.81727423678444E+00  -0.97440275991205E+01
 0.49988883373337240E+00   0.87421762670440E+00  -0.83521623548795E+01
 0.49990480686082422E+00   0.93499953566278E+00  -0.71518381719382E+01
 0.49991855118640233E+00   0.99986091361083E+00  -0.61190619843092E+01
 0.49993035421887616E+00   0.10690553822024E+01  -0.52322037761018E+01
 0.49994047741670611E+00   0.11428495648913E+01  -0.44715986212970E+01
 0.49994915517256694E+00   0.12215233762238E+01  -0.38196210802045E+01
 0.49995659147088295E+00   0.13053702618907E+01  -0.32609347903938E+01
 0.49996295959681192E+00   0.13946973803820E+01  -0.27825130994795E+01
 0.49996840611333293E+00   0.14898257163832E+01  -0.23733393336051E+01
 0.49997305671135461E+00   0.15910901154124E+01  -0.20239666164102E+01
 0.49997702126445032E+00   0.16988392286241E+01  -0.17261376460243E+01
 0.49998039690254165E+00   0.18134353562483E+01  -0.14725534379080E+01
 0.49998326926285375E+00   0.19352541778144E+01  -0.12567790885516E+01
 0.49998571269366238E+00   0.20646843571704E+01  -0.10732282696894E+01
 0.49998779025204371E+00   0.22021270103889E+01  -0.91716324321514E+00
 0.49998955415148172E+00   0.23479950249930E+01  -0.78466111967786E+00
 0.49999104706252678E+00   0.25027122195788E+01  -0.67251606718708E+00
 0.49999230437112252E+00   0.26667123339008E+01  -0.57806960753887E+00
 0.49999335706031900E+00   0.28404378408543E+01  -0.49899410559548E+00
 0.49999423431854045E+00   0.30243385735729E+01  -0.43309681450078E+00
 0.49999496474390354E+00   0.32188701630746E+01  -0.37822939139008E+00
 0.49999557570767217E+00   0.34244922845610E+01  -0.33233569797418E+00
 0.49999609169891596E+00   0.36416667135785E+01  -0.29357613184811E+00
 0.49999653299506708E+00   0.38708551967931E+01  -0.26042747901531E+00
 0.49999691536087698E+00   0.41125171460457E+01  -0.23170551854310E+00
 0.49999725060174027E+00   0.43671071685993E+01  -0.20652345266318E+00
 0.49999754746044800E+00   0.46350724509653E+01  -0.18422454194253E+00
 0.49999781247033637E+00   0.49168500183013E+01  -0.16431801723386E+00
 0.49999805060579089E+00   0.52128638959647E+01  -0.14643021474168E+00
 0.49999826572171002E+00   0.55235222042457E+01  -0.13027156421037E+00
 0.49999846083381339E+00   0.58492142214126E+01  -0.11561553261478E+00
 0.49999863829942903E+00   0.61903074538070E+01  -0.10228504369245E+00
 0.49999879994533425E+00   0.65471447546554E+01  -0.90142874743286E-01
 0.49999894717201915E+00   0.69200415353393E+01  -0.79083824553532E-01
 0.49999908104907731E+00   0.73092831139412E+01  -0.69027547910038E-01
 0.49999920240612855E+00   0.77151222458371E+01  -0.59911725723905E-01
 0.49999931191759500E+00   0.81377768798438E+01  -0.51685696972164E-01
 0.49999941017696192E+00   0.85774281809213E+01  -0.44304880461663E-01
 0.49999949775595287E+00   0.90342188566791E+01  -0.37726329815604E-01
 0.49999957524548699E+00   0.95082518200100E+01  -0.31905656966861E-01
 0.49999964327763341E+00   0.99995892142010E+01  -0.26795382970727E-01
 0.49999970253037290E+00   0.10508251820010E+02  -0.22344580353947E-01
 0.49999975371917948E+00   0.11034218856679E+02  -0.18499505423782E-01
 0.49999979758072466E+00   0.11577428180921E+02  -0.15204822346008E-01
 0.49999983485404009E+00   0.12137776879844E+02  -0.12405018092055E-01
 0.49999986626329507E+00   0.12715122245837E+02  -0.10045696087370E-01
 0.49999989250441140E+00   0.13309283113941E+02  -0.80745816567109E-02
 0.49999991423580364E+00   0.13920041535339E+02  -0.64422175578080E-02
 0.49999993207228932E+00   0.14547144754655E+02  -0.51024213815047E-02
 0.49999994658092445E+00   0.15190307453807E+02  -0.40125983773285E-02
 0.49999995827794191E+00   0.15849214221413E+02  -0.31339714183827E-02
 0.49999996762660381E+00   0.16523522204246E+02  -0.24317423240867E-02
 0.49999997503619920E+00   0.17212863895965E+02  -0.18751671520234E-02
 0.49999998086248554E+00   0.17916850018301E+02  -0.14375229812402E-02
 0.49999998540968754E+00   0.18635072450965E+02  -0.10959578317662E-02
 0.49999998893389885E+00   0.19367107168599E+02  -0.83123510327976E-03
 0.49999999164753739E+00   0.20112517146046E+02  -0.62739892225361E-03
 0.49999999372441783E+00   0.20870855196793E+02  -0.47139311931055E-03
 0.49999999530502404E+00   0.21641666713578E+02  -0.35266518124422E-03
 0.49999999650164484E+00   0.22424492284561E+02  -0.26278047301886E-03
 0.49999999740313938E+00   0.23218870163075E+02  -0.19506430769312E-03
 0.49999999807919487E+00   0.24024338573573E+02  -0.14428210960116E-03
 0.49999999858401950E+00   0.24840437840854E+02  -0.10636199103109E-03
 0.49999999895947050E+00   0.25666712333901E+02  -0.78159819472123E-04
 0.49999999923765143E+00   0.26502712219579E+02  -0.57264141246627E-04
 0.49999999944303264E+00   0.27347995024993E+02  -0.41836838216902E-04
 0.49999999959416119E+00   0.28202127010389E+02  -0.30484756977867E-04
 0.49999999969931946E+00   0.29064684357170E+02  -0.22585749082094E-04
 0.49999999999999989E+00   0.29935254177814E+02   0.27529090118605E-11
 0.50000000000000000E+00   0.30813435356248E+02   0.26791902030254E-11
 0.50000000000000000E+00   0.31698839228624E+02   0.26059154834002E-11
 0.50000000000000000E+00   0.32591090115412E+02   0.25353052990340E-11
 0.50000000000000000E+00   0.33489825716383E+02   0.24671376053220E-11
 0.50000000000000000E+00   0.34394697380382E+02   0.24029667144987E-11
 0.50000000000000000E+00   0.35305370261891E+02   0.23412383143295E-11
 0.50000000000000000E+00   0.36221523376224E+02   0.22819524048145E-11
 0.50000000000000000E+00   0.37142849564891E+02   0.22248869413488E-11
 0.50000000000000000E+00   0.38069055382202E+02   0.21711521469570E-11
 0.50000000000000000E+00   0.38999860913611E+02   0.21191937094045E-11
 0.50000000000000000E+00   0.39934999535663E+02   0.20696777625062E-11
 0.50000000000000000E+00   0.40874217626704E+02   0.20219381724473E-11
