 0.20035940923237233E+00   0.97578195523695E-18  -0.56168166543477E+05
 0.20039435349088314E+00   0.29483069282768E-04  -0.56151822859405E+05
 0.20050936072853784E+00   0.61082173640461E-04  -0.56098073363992E+05
 0.20072154852300189E+00   0.94949178290611E-04  -0.55999067458673E+05
 0.20105078704485158E+00   0.13124684686428E-03  -0.55845859890668E+05
 0.20152003132500118E+00   0.17014962340302E-03  -0.55628367363414E+05
 0.20215566923583120E+00   0.21184447044981E-03  -0.55335362387172E+05
 0.20298786654119080E+00   0.25653176725507E-03  -0.54954524933429E+05
 0.20405088011226491E+00   0.30442627240692E-03  -0.54472577569213E+05
 0.20538330784178932E+00   0.35575815550320E-03  -0.53875529363429E+05
 0.20702822064445284E+00   0.41077410281323E-03  -0.53149059607229E+05
 0.20903310267844341E+00   0.46973850223137E-03  -0.52279071012100E+05
 0.21144949704609456E+00   0.53293471320370E-03  -0.51252437485067E+05
 0.21433222157278686E+00   0.60066642771546E-03  -0.50057958887093E+05
 0.21773798470129713E+00   0.67325912886222E-03  -0.48687512259835E+05
 0.22172320424649469E+00   0.75106165399386E-03  -0.47137353218142E+05
 0.22634082824754850E+00   0.83444786992019E-03  -0.45409472051540E+05
 0.23163600526047057E+00   0.92381846820159E-03  -0.43512849690899E+05
 0.23764059021388553E+00   0.10196028891215E-02  -0.41464398333482E+05
 0.24436674413805309E+00   0.11222613835509E-02  -0.39289327385498E+05
 0.25180031466830211E+00   0.12322872225722E-02  -0.37020672440919E+05
 0.25989522784282726E+00   0.13502090654347E-02  -0.34697791387120E+05
 0.26857061760635231E+00   0.14765934971652E-02  -0.32363787672110E+05
 0.27771255595956762E+00   0.16120477479678E-02  -0.30062061663440E+05
 0.28718164397539309E+00   0.17572226074079E-02  -0.27832470109606E+05
 0.29682618600459310E+00   0.19128155473023E-02  -0.25707797247545E+05
 0.30649853110549558E+00   0.20795740682274E-02  -0.23711291688302E+05
 0.31607042485572823E+00   0.22582992856177E-02  -0.21855817312610E+05
 0.32544308573751946E+00   0.24498497725618E-02  -0.20144725378971E+05
 0.33454968252107098E+00   0.26551456776172E-02  -0.18574037885417E+05
 0.34335101419516018E+00   0.28751731372654E-02  -0.17135177088271E+05
 0.35182762219770242E+00   0.31109890040199E-02  -0.15817456955867E+05
 0.35997194757481810E+00   0.33637259126873E-02  -0.14609849254215E+05
 0.36778270567875765E+00   0.36345977088734E-02  -0.13501944117782E+05
 0.37526178131559146E+00   0.39249052655295E-02  -0.12484310056200E+05
 0.38241286047737866E+00   0.42360427151559E-02  -0.11548529300675E+05
 0.38924090411796242E+00   0.45695041272231E-02  -0.10687109847271E+05
 0.39575191922606112E+00   0.49268906624595E-02  -0.98933729860696E+04
 0.40195280813894152E+00   0.53099182378730E-02  -0.91613491832178E+04
 0.40785123608462737E+00   0.57204257387563E-02  -0.84856882991104E+04
 0.41345550645007367E+00   0.61603838164655E-02  -0.78615830086355E+04
 0.41877444331437541E+00   0.66319043134761E-02  -0.72847033394413E+04
 0.42381728192377960E+00   0.71372503601200E-02  -0.67511404867391E+04
 0.42859356765226497E+00   0.76788471905016E-02  -0.62573583927242E+04
 0.43311306376619496E+00   0.82592937283951E-02  -0.58001518532627E+04
 0.43738566810764784E+00   0.88813749974526E-02  -0.53766101350259E+04
 0.44142133863467498E+00   0.95480754138094E-02  -0.49840852639164E+04
 0.44523002760678382E+00   0.10262593023187E-01  -0.46201642895963E+04
 0.44882162407834109E+00   0.11028354748868E-01  -0.42826449482670E+04
 0.45220590425894247E+00   0.11849032721462E-01  -0.39695142420609E+04
 0.45539248921564973E+00   0.12728561766261E-01  -0.36789295327339E+04
 0.45839080932513743E+00   0.13671158129094E-01  -0.34092018131122E+04
 0.46121007483256149E+00   0.14681339527142E-01  -0.31587808744938E+04
 0.46385925183759280E+00   0.15763946616981E-01  -0.29262421338898E+04
 0.46634704300702567E+00   0.16924165978315E-01  -0.27102749230460E+04
 0.46868187230991409E+00   0.18167554718499E-01  -0.25096720726069E+04
 0.47087187308982331E+00   0.19500066809896E-01  -0.23233206501358E+04
 0.47292487883714912E+00   0.20928081279553E-01  -0.21501937301515E+04
 0.47484841611390122E+00   0.22458432378533E-01  -0.19893430876027E+04
 0.47664969922931771E+00   0.24098441866553E-01  -0.18398927125990E+04
 0.47833562648485051E+00   0.25855953556357E-01  -0.17010330428379E+04
 0.47991277811457378E+00   0.27739370271550E-01  -0.15720158004289E+04
 0.48138741643286620E+00   0.29757693381404E-01  -0.14521493028562E+04
 0.48276548909952277E+00   0.31920565086455E-01  -0.13407940991769E+04
 0.48405263665224685E+00   0.34238313639551E-01  -0.12373587757982E+04
 0.48525420523427015E+00   0.36722001698414E-01  -0.11412958047801E+04
 0.48637526441251488E+00   0.39383478017693E-01  -0.10520973976484E+04
 0.48742062806169861E+00   0.42235432700963E-01  -0.96929148326730E+03
 0.48839487414474736E+00   0.45291456246181E-01  -0.89243809589557E+03
 0.48930235835581437E+00   0.48566102631601E-01  -0.82112652239091E+03
 0.49014721842013265E+00   0.52074956703276E-01  -0.75497341050719E+03
 0.49093337006349791E+00   0.55834706139791E-01  -0.69362171365214E+03
 0.49166449983365001E+00   0.59863218284852E-01  -0.63674003416281E+03
 0.49234406139221948E+00   0.64179622153785E-01  -0.58402183139869E+03
 0.49297528000928742E+00   0.68804395935657E-01  -0.53518412034347E+03
 0.49356116642169601E+00   0.73759460328728E-01  -0.48996556848532E+03
 0.49410453802353599E+00   0.79068278063012E-01  -0.44812414410402E+03
 0.49460804357445459E+00   0.84755959979821E-01  -0.40943460169521E+03
 0.49507418719085006E+00   0.90849378054143E-01  -0.37368611754485E+03
 0.49550534786185302E+00   0.97377285761297E-01  -0.34068034839689E+03
 0.49590379173668708E+00   0.10437044620442E+00  -0.31023010785468E+03
 0.49627167583576448E+00   0.11186176843355E+00  -0.28215874831483E+03
 0.49661104369986658E+00   0.11988645240026E+00  -0.25630019639743E+03
 0.49692381589757084E+00   0.12848214300340E+00  -0.23249941010846E+03
 0.49721178107478448E+00   0.13768909369134E+00  -0.21061282028580E+03
 0.49747659525736598E+00   0.14755034009334E+00  -0.19050816991810E+03
 0.49771979572673847E+00   0.15811188415740E+00  -0.17206327484433E+03
 0.49794282790803901E+00   0.16942288927237E+00  -0.15516382820917E+03
 0.49814707147904758E+00   0.18153588684917E+00  -0.13970129376879E+03
 0.49833384741299630E+00   0.19450699482699E+00  -0.12557226540251E+03
 0.49850440158953618E+00   0.20839614855590E+00  -0.11267961152782E+03
 0.49865988185614196E+00   0.22326734448556E+00  -0.10093411996167E+03
 0.49880133073328858E+00   0.23918889705942E+00  -0.90254966711907E+02
 0.49892970207284193E+00   0.25623370917446E+00  -0.80568386959343E+02
 0.49904589386535991E+00   0.27447955651526E+00  -0.71805141954094E+02
 0.49915078290358711E+00   0.29400938600797E+00  -0.63897860312574E+02
 0.49924524903636902E+00   0.31491162856155E+00  -0.56779175128130E+02
 0.49933018206601515E+00   0.33728052616913E+00  -0.50381175576216E+02
 0.49940646976673936E+00   0.36121647332923E+00  -0.44636283276772E+02
 0.49947497012003961E+00   0.38682637261280E+00  -0.39479317309741E+02
 0.49953647491503739E+00   0.41422400404472E+00  -0.34850208506195E+02
 0.49959167623453810E+00   0.44353040778554E+00  -0.30696496249771E+02
 0.49964115246301338E+00   0.47487427938818E+00  -0.26974357666790E+02
 0.49968539120667932E+00   0.50839237666158E+00  -0.23646863684857E+02
 0.49972484669563788E+00   0.54422993689737E+00  -0.20679647552432E+02
 0.49975998664691379E+00   0.58254110290335E+00  -0.18037372173410E+02
 0.49979127860009076E+00   0.62348935593563E+00  -0.15684751739523E+02
 0.49981913600865324E+00   0.66724795322943E+00  -0.13590598255602E+02
 0.49984388673027469E+00   0.71400036739287E+00  -0.11730182756266E+02
 0.49986578441561452E+00   0.76394072444865E+00  -0.10084372504430E+02
 0.49988504061873174E+00   0.81727423678444E+00  -0.86372128203323E+01
 0.49990185426103140E+00   0.87421762670440E+00  -0.73737098607226E+01
 0.49991642895581395E+00   0.93499953566278E+00  -0.62785269474064E+01
 0.49992897817500015E+00   0.99986091361083E+00  -0.53355950395704E+01
 0.49993972188217628E+00   0.10690553822024E+01  -0.45283645532494E+01
 0.49994887883092926E+00   0.11428495648913E+01  -0.38403828499093E+01
 0.49995665803606615E+00   0.12215233762238E+01  -0.32559338542324E+01
 0.49996325180264622E+00   0.13053702618907E+01  -0.27605606893959E+01
 0.49996883154216221E+00   0.13946973803820E+01  -0.23413790443367E+01
 0.49997354660952043E+00   0.14898257163832E+01  -0.19871637643779E+01
 0.49997752563077791E+00   0.15910901154124E+01  -0.16882484970100E+01
 0.49998087928983598E+00   0.16988392286241E+01  -0.14363158917115E+01
 0.49998370337376929E+00   0.18134353562483E+01  -0.12241684969950E+01
 0.49998608113842702E+00   0.19352541778144E+01  -0.10455508138358E+01
 0.49998808468701450E+00   0.20646843571704E+01  -0.89504556104715E+00
 0.49998977569769587E+00   0.22021270103889E+01  -0.76801888897632E+00
 0.49999120607908865E+00   0.23479950249930E+01  -0.66057104384961E+00
 0.49999241891909496E+00   0.25027122195788E+01  -0.56946502353943E+00
 0.49999344973294713E+00   0.26667123339008E+01  -0.49203277705998E+00
 0.49999432780754749E+00   0.28404378408543E+01  -0.42607418604512E+00
 0.49999507743399835E+00   0.30243385735729E+01  -0.36976445622522E+00
 0.49999571891565037E+00   0.32188701630746E+01  -0.32157837906206E+00
 0.49999626933443331E+00   0.34244922845610E+01  -0.28023275579770E+00
 0.49999674311344644E+00   0.36416667135785E+01  -0.24464412934912E+00
 0.49999715243111598E+00   0.38708551967931E+01  -0.21389766842630E+00
 0.49999750753743227E+00   0.41125171460457E+01  -0.18722340882132E+00
 0.49999781700965512E+00   0.43671071685993E+01  -0.16397704269773E+00
 0.49999808797147938E+00   0.46350724509653E+01  -0.14362345360691E+00
 0.49999832628928748E+00   0.49168500183013E+01  -0.12572197316975E+00
 0.49999853675234385E+00   0.52128638959647E+01  -0.10991284444429E+00
 0.49999872323987288E+00   0.55235222042457E+01  -0.95904670937854E-01
 0.49999888887587790E+00   0.58492142214126E+01  -0.83462786611751E-01
 0.49999903617144753E+00   0.61903074538070E+01  -0.72398566059849E-01
 0.49999916715361559E+00   0.65471447546554E+01  -0.62559744743114E-01
 0.49999928347941391E+00   0.69200415353393E+01  -0.53821851673201E-01
 0.49999938653358128E+00   0.73092831139412E+01  -0.46080869771844E-01
 0.49999947750859292E+00   0.77151222458371E+01  -0.39247224288585E-01
 0.49999955746631874E+00   0.81377768798438E+01  -0.33241151234034E-01
 0.49999962738168396E+00   0.85774281809213E+01  -0.27989417760045E-01
 0.49999968817002605E+00   0.90342188566791E+01  -0.23423267144630E-01
 0.49999974070113284E+00   0.95082518200100E+01  -0.19477364310708E-01
 0.49999978580384230E+00   0.99995892142010E+01  -0.16089450271823E-01
 0.49999982426528955E+00   0.10508251820010E+02  -0.13200398656585E-01
 0.49999985682827608E+00   0.11034218856679E+02  -0.10754413326827E-01
 0.49999988418899155E+00   0.11577428180921E+02  -0.86991994903736E-02
 0.49999990699589675E+00   0.12137776879844E+02  -0.69860475599306E-02
 0.49999992584950026E+00   0.12715122245837E+02  -0.55698499467631E-02
 0.49999994130234282E+00   0.13309283113941E+02  -0.44091022292450E-02
 0.49999995385870205E+00   0.13920041535339E+02  -0.34659253066396E-02
 0.49999996397401358E+00   0.14547144754655E+02  -0.27061088758225E-02
 0.49999997205440783E+00   0.15190307453807E+02  -0.20991462469500E-02
 0.49999997845688821E+00   0.15849214221413E+02  -0.16182209243842E-02
 0.49999998349054398E+00   0.16523522204246E+02  -0.12401155147037E-02
 0.49999998741892487E+00   0.17212863895965E+02  -0.94503333490081E-03
 0.49999999046345373E+00   0.17916850018301E+02  -0.71634212739813E-03
 0.49999999280758595E+00   0.18635072450965E+02  -0.54026154701381E-03
 0.49999999460137245E+00   0.19367107168599E+02  -0.40552043904629E-03
 0.49999999596610106E+00   0.20112517146046E+02  -0.30300821043205E-03
 0.49999999699876035E+00   0.20870855196793E+02  -0.22543952295928E-03
 0.49999999777615156E+00   0.21641666713578E+02  -0.16704542551293E-03
 0.49999999835854891E+00   0.22424492284561E+02  -0.12329836808789E-03
 0.49999999879287194E+00   0.23218870163075E+02  -0.90674000702062E-04
 0.49999999911536985E+00   0.24024338573573E+02  -0.66449420141890E-04
 0.49999999935385558E+00   0.24840437840854E+02  -0.48535455058119E-04
 0.49999999952953200E+00   0.25666712333901E+02  -0.35339444875326E-04
 0.49999999965846620E+00   0.26502712219579E+02  -0.25654473914782E-04
 0.49999999969931963E+00   0.27347995024993E+02  -0.22585750616644E-04
 0.50000000000000000E+00   0.28202127010389E+02   0.12556622408511E-11
 0.50000000000000000E+00   0.29064684357170E+02   0.12210232824827E-11
 0.50000000000000000E+00   0.29935254177814E+02   0.11863843241144E-11
 0.50000000000000000E+00   0.30813435356248E+02   0.11528555887708E-11
 0.50000000000000000E+00   0.31698839228624E+02   0.11204370764517E-11
 0.50000000000000000E+00   0.32591090115412E+02   0.10902390101819E-11
 0.50000000000000000E+00   0.33489825716383E+02   0.10611511669367E-11
 0.50000000000000000E+00   0.34394697380382E+02   0.10331735467162E-11
 0.50000000000000000E+00   0.35305370261891E+02   0.10065281941252E-11
 0.50000000000000000E+00   0.36221523376224E+02   0.98099306455879E-12
 0.50000000000000000E+00   0.37142849564891E+02   0.95656815801703E-12
 0.50000000000000000E+00   0.38069055382202E+02   0.93347551910483E-12
 0.50000000000000000E+00   0.38999860913611E+02   0.91127105861233E-12
 0.50000000000000000E+00   0.39934999535663E+02   0.88995477653953E-12
 0.50000000000000000E+00   0.40874217626704E+02   0.86930462828150E-12
