 0.23394725910465505E+00   0.97578195523695E-18  -0.42711922703570E+05
 0.23398346612656132E+00   0.29483069282768E-04  -0.42699501633110E+05
 0.23410261723586789E+00   0.61082173640461E-04  -0.42658653143500E+05
 0.23432241099570106E+00   0.94949178290611E-04  -0.42583410401456E+05
 0.23466334747375106E+00   0.13124684686428E-03  -0.42466975351523E+05
 0.23514904601605185E+00   0.17014962340302E-03  -0.42301684936782E+05
 0.23580656476128525E+00   0.21184447044981E-03  -0.42079006390178E+05
 0.23666669994132974E+00   0.25653176725507E-03  -0.41789576742178E+05
 0.23776423221010015E+00   0.30442627240692E-03  -0.41423305372711E+05
 0.23913808013678853E+00   0.35575815550320E-03  -0.40969559430969E+05
 0.24083129940852066E+00   0.41077410281323E-03  -0.40417455438633E+05
 0.24289084600626987E+00   0.46973850223137E-03  -0.39756279717082E+05
 0.24536699462243272E+00   0.53293471320370E-03  -0.38976056682488E+05
 0.24831227511066828E+00   0.60066642771546E-03  -0.38068274447433E+05
 0.25177976392546542E+00   0.67325912886222E-03  -0.37026759734370E+05
 0.25582055519565550E+00   0.75106165399386E-03  -0.35848666912893E+05
 0.26048025541346492E+00   0.83444786992019E-03  -0.34535508614509E+05
 0.26579442427335620E+00   0.92381846820159E-03  -0.33094110245779E+05
 0.27178305650858370E+00   0.10196028891215E-02  -0.31537324845168E+05
 0.27844449630682044E+00   0.11222613835509E-02  -0.29884311187413E+05
 0.28574959823955304E+00   0.12322872225722E-02  -0.28160175804218E+05
 0.29363742691993394E+00   0.13502090654347E-02  -0.26394830031673E+05
 0.30201413871311800E+00   0.14765934971652E-02  -0.24621031710616E+05
 0.31075661629361973E+00   0.16120477479678E-02  -0.22871764244472E+05
 0.31972162864727205E+00   0.17572226074079E-02  -0.21177317818440E+05
 0.32875970225702433E+00   0.19128155473023E-02  -0.19562607467805E+05
 0.33773096085955745E+00   0.20795740682274E-02  -0.18045301130809E+05
 0.34651889120112056E+00   0.22582992856177E-02  -0.16635174339239E+05
 0.35503831436650046E+00   0.24498497725618E-02  -0.15334773020604E+05
 0.36323597596567264E+00   0.26551456776172E-02  -0.14141072845698E+05
 0.37108506752578074E+00   0.28751731372654E-02  -0.13047553652007E+05
 0.37857697214764890E+00   0.31109890040199E-02  -0.12046092937975E+05
 0.38571356038086535E+00   0.33637259126873E-02  -0.11128308080370E+05
 0.39250185311004349E+00   0.36345977088734E-02  -0.10286286364213E+05
 0.39895114212911498E+00   0.39249052655295E-02  -0.95128585880091E+04
 0.40507174217086489E+00   0.42360427151559E-02  -0.88016259309895E+04
 0.41087451966194394E+00   0.45695041272231E-02  -0.81468931137473E+04
 0.41637069617130840E+00   0.49268906624595E-02  -0.75435829320975E+04
 0.42157172829283257E+00   0.53099182378730E-02  -0.69871571433442E+04
 0.42648920951179320E+00   0.57204257387563E-02  -0.64735482525653E+04
 0.43113478358091817E+00   0.61603838164655E-02  -0.59991013372791E+04
 0.43552006781859620E+00   0.66319043134761E-02  -0.55605243268052E+04
 0.43965658584907658E+00   0.71372503601200E-02  -0.51548453368063E+04
 0.44355570932045324E+00   0.76788471905016E-02  -0.47793759097463E+04
 0.44722860807540071E+00   0.82592937283951E-02  -0.44316792203628E+04
 0.45068620820515637E+00   0.88813749974526E-02  -0.41095424724659E+04
 0.45393915739126317E+00   0.95480754138094E-02  -0.38109528479153E+04
 0.45699779692892895E+00   0.10262593023187E-01  -0.35340764774588E+04
 0.45987213982731745E+00   0.11028354748868E-01  -0.32772399916319E+04
 0.46257185439267656E+00   0.11849032721462E-01  -0.30389142822991E+04
 0.46510625271722178E+00   0.12728561766261E-01  -0.28177001649398E+04
 0.46748428351770283E+00   0.13671158129094E-01  -0.26123156810146E+04
 0.46971452879053699E+00   0.14681339527142E-01  -0.24215848207137E+04
 0.47180520377357871E+00   0.15763946616981E-01  -0.22444274806936E+04
 0.47376415972675184E+00   0.16924165978315E-01  -0.20798505003206E+04
 0.47559888906410303E+00   0.18167554718499E-01  -0.19269396444454E+04
 0.47731653238812083E+00   0.19500066809896E-01  -0.17848524216110E+04
 0.47892388699387001E+00   0.20928081279553E-01  -0.16528116444142E+04
 0.48042741642692388E+00   0.22458432378533E-01  -0.15300996538985E+04
 0.48183326069761245E+00   0.24098441866553E-01  -0.14160531425844E+04
 0.48314724677853088E+00   0.25855953556357E-01  -0.13100585210964E+04
 0.48437489904817105E+00   0.27739370271550E-01  -0.12115477811774E+04
 0.48552144939897701E+00   0.29757693381404E-01  -0.11199948128302E+04
 0.48659184681397705E+00   0.31920565086455E-01  -0.10349121347714E+04
 0.48759076634609327E+00   0.34238313639551E-01  -0.95584799446739E+03
 0.48852261762245464E+00   0.36722001698414E-01  -0.88238378584461E+03
 0.48939155324961386E+00   0.39383478017693E-01  -0.81413171897056E+03
 0.49020147779653811E+00   0.42235432700963E-01  -0.75073265813475E+03
 0.49095605830516442E+00   0.45291456246181E-01  -0.69185402877035E+03
 0.49165873735177756E+00   0.48566102631601E-01  -0.63718769272879E+03
 0.49231274928788182E+00   0.52074956703276E-01  -0.58644772594021E+03
 0.49292113918809954E+00   0.55834706139791E-01  -0.53936812013599E+03
 0.49348678233894183E+00   0.59863218284852E-01  -0.49570056144320E+03
 0.49401240062426388E+00   0.64179622153785E-01  -0.45521255085738E+03
 0.49450057221722438E+00   0.68804395935657E-01  -0.41768612497069E+03
 0.49495373331346820E+00   0.73759460328728E-01  -0.38291725593596E+03
 0.49537417424659785E+00   0.79068278063012E-01  -0.35071573580953E+03
 0.49576403491424953E+00   0.84755959979821E-01  -0.32090515818144E+03
 0.49612530439645919E+00   0.90849378054143E-01  -0.29332261995581E+03
 0.49645982737247785E+00   0.97377285761297E-01  -0.26781794402257E+03
 0.49676931711394290E+00   0.10437044620442E+00  -0.24425244012494E+03
 0.49705537281841816E+00   0.11186176843355E+00  -0.22249737315201E+03
 0.49731949821811272E+00   0.11988645240026E+00  -0.20243236889908E+03
 0.49756311846149742E+00   0.12848214300340E+00  -0.18394398062930E+03
 0.49778759281377449E+00   0.13768909369134E+00  -0.16692459705036E+03
 0.49799422150990824E+00   0.14755034009334E+00  -0.15127181233104E+03
 0.49818424605913247E+00   0.15811188415740E+00  -0.13688830609813E+03
 0.49835884350205972E+00   0.16942288927237E+00  -0.12368219130703E+03
 0.49851911667430748E+00   0.18153588684917E+00  -0.11156767176222E+03
 0.49866608446662886E+00   0.19450699482699E+00  -0.10046570634747E+03
 0.49880067794003430E+00   0.20839614855590E+00  -0.90304237681394E+02
 0.49892374825278857E+00   0.22326734448556E+00  -0.81017537151903E+02
 0.49903608763318186E+00   0.23918889705942E+00  -0.72544575450338E+02
 0.49913845425765790E+00   0.25623370917446E+00  -0.64827109029026E+02
 0.49923158394996964E+00   0.27447955651526E+00  -0.57808768548390E+02
 0.49931617911972259E+00   0.29400938600797E+00  -0.51435866804475E+02
 0.49939288519659364E+00   0.31491162856155E+00  -0.45659149295877E+02
 0.49946227496667683E+00   0.33728052616913E+00  -0.40434949774761E+02
 0.49952485207237479E+00   0.36121647332923E+00  -0.35724905063901E+02
 0.49958107034508797E+00   0.38682637261280E+00  -0.31494482283221E+02
 0.49963135884489962E+00   0.41422400404472E+00  -0.27711081359304E+02
 0.49967614356707551E+00   0.44353040778554E+00  -0.24342392277951E+02
 0.49971586067129048E+00   0.47487427938818E+00  -0.21355392600796E+02
 0.49975095967308941E+00   0.50839237666158E+00  -0.18716101198547E+02
 0.49978189753209601E+00   0.54422993689737E+00  -0.16390016921537E+02
 0.49980912609708728E+00   0.58254110290335E+00  -0.14343056721911E+02
 0.49983307617616779E+00   0.62348935593563E+00  -0.12542747416432E+02
 0.49985414183539095E+00   0.66724795322943E+00  -0.10959400372590E+02
 0.49987266863769592E+00   0.71400036739287E+00  -0.95669903881929E+01
 0.49988894949646046E+00   0.76394072444865E+00  -0.83434629051457E+01
 0.49990323096188816E+00   0.81727423678444E+00  -0.72702580197894E+01
 0.49991572917190275E+00   0.87421762670440E+00  -0.63311091913129E+01
 0.49992664760651306E+00   0.93499953566278E+00  -0.55107073289279E+01
 0.49993618448326482E+00   0.99986091361083E+00  -0.47941438654399E+01
 0.49994452561637776E+00   0.10690553822024E+01  -0.41674462942354E+01
 0.49995183241728680E+00   0.11428495648913E+01  -0.36184787860507E+01
 0.49995823666023192E+00   0.12215233762238E+01  -0.31373345864973E+01
 0.49996384414663075E+00   0.13053702618907E+01  -0.27160600100049E+01
 0.49996874251479212E+00   0.13946973803820E+01  -0.23480672117867E+01
 0.49997300847609522E+00   0.14898257163832E+01  -0.20275902262765E+01
 0.49997671240461428E+00   0.15910901154124E+01  -0.17493399468930E+01
 0.49997992021302734E+00   0.16988392286241E+01  -0.15083630372215E+01
 0.49998269330844008E+00   0.18134353562483E+01  -0.13000451195419E+01
 0.49998508758035509E+00   0.19352541778144E+01  -0.11201866903845E+01
 0.49998715223612394E+00   0.20646843571704E+01  -0.96509050884195E+00
 0.49998892908983322E+00   0.22021270103889E+01  -0.83161493766039E+00
 0.49999045272361187E+00   0.23479950249930E+01  -0.71716176387070E+00
 0.49999175176293442E+00   0.25027122195788E+01  -0.61958035288624E+00
 0.49999285120197468E+00   0.26667123339008E+01  -0.53699293901927E+00
 0.49999377512461946E+00   0.28404378408543E+01  -0.46759020703909E+00
 0.49999454853119862E+00   0.30243385735729E+01  -0.40949405836988E+00
 0.49999519716001589E+00   0.32188701630746E+01  -0.36077100630357E+00
 0.49999574556592191E+00   0.34244922845610E+01  -0.31957649745342E+00
 0.49999621498042468E+00   0.36416667135785E+01  -0.28431564356648E+00
 0.49999662224526137E+00   0.38708551967931E+01  -0.25372331921211E+00
 0.49999697997627857E+00   0.41125171460457E+01  -0.22685184497919E+00
 0.49999729740052651E+00   0.43671071685993E+01  -0.20300810325193E+00
 0.49999758130458177E+00   0.46350724509653E+01  -0.18168230073151E+00
 0.49999783680544452E+00   0.49168500183013E+01  -0.16249005967940E+00
 0.49999806787876944E+00   0.52128638959647E+01  -0.14513273810166E+00
 0.49999827768474314E+00   0.55235222042457E+01  -0.12937295040315E+00
 0.49999846875891385E+00   0.58492142214126E+01  -0.11502023252375E+00
 0.49999864312745651E+00   0.61903074538070E+01  -0.10192238332428E+00
 0.49999880238846500E+00   0.65471447546554E+01  -0.89959358078547E-01
 0.49999894778343196E+00   0.69200415353393E+01  -0.79037898904004E-01
 0.49999908026958090E+00   0.73092831139412E+01  -0.69086101449169E-01
 0.49999920059464076E+00   0.77151222458371E+01  -0.60047797989736E-01
 0.49999930937050246E+00   0.81377768798438E+01  -0.51877024603244E-01
 0.49999940714010499E+00   0.85774281809213E+01  -0.44532996957036E-01
 0.49999949443204306E+00   0.90342188566791E+01  -0.37976008356273E-01
 0.49999957179902171E+00   0.95082518200100E+01  -0.32164541225002E-01
 0.49999963983873347E+00   0.99995892142010E+01  -0.27053698837374E-01
 0.49999969919840337E+00   0.10508251820010E+02  -0.22594863967848E-01
 0.49999975056653190E+00   0.11034218856679E+02  -0.18736319068560E-01
 0.49999979465677458E+00   0.11577428180921E+02  -0.15424457159553E-01
 0.49999983218908262E+00   0.12137776879844E+02  -0.12605198440639E-01
 0.49999986387221168E+00   0.12715122245837E+02  -0.10225304159722E-01
 0.49999989038989795E+00   0.13309283113941E+02  -0.82334149650989E-02
 0.49999991239112285E+00   0.13920041535339E+02  -0.65807821771791E-02
 0.49999993048361474E+00   0.14547144754655E+02  -0.52217558940848E-02
 0.49999994522937646E+00   0.15190307453807E+02  -0.41141209461313E-02
 0.49999995714138645E+00   0.15849214221413E+02  -0.32193446607036E-02
 0.49999996668123137E+00   0.16523522204246E+02  -0.25027547163341E-02
 0.49999997425786075E+00   0.17212863895965E+02  -0.19336326607751E-02
 0.49999998022775527E+00   0.17916850018301E+02  -0.14852012503197E-02
 0.49999998489663755E+00   0.18635072450965E+02  -0.11344959921500E-02
 0.49999998852259842E+00   0.19367107168599E+02  -0.86213026718940E-03
 0.49999999132031259E+00   0.20112517146046E+02  -0.65197867774858E-03
 0.49999999346592072E+00   0.20870855196793E+02  -0.49081034215126E-03
 0.49999999510216303E+00   0.21641666713578E+02  -0.36790325370872E-03
 0.49999999634342440E+00   0.22424492284561E+02  -0.27466533175491E-03
 0.49999999728044808E+00   0.23218870163075E+02  -0.20428037156162E-03
 0.49999999798457107E+00   0.24024338573573E+02  -0.15138985228824E-03
 0.49999999851141697E+00   0.24840437840854E+02  -0.11181558975171E-03
 0.49999999890403551E+00   0.25666712333901E+02  -0.82323867057976E-04
 0.49999999919552052E+00   0.26502712219579E+02  -0.60428837414417E-04
 0.49999999941115458E+00   0.27347995024993E+02  -0.44231385478710E-04
 0.49999999957014307E+00   0.28202127010389E+02  -0.32288897265698E-04
 0.49999999968699765E+00   0.29064684357170E+02  -0.23511309955371E-04
 0.49999999999999989E+00   0.29935254177814E+02   0.42965631052994E-12
 0.50000000000000000E+00   0.30813435356248E+02   0.42299497238218E-12
 0.50000000000000000E+00   0.31698839228624E+02   0.41322500976548E-12
 0.50000000000000000E+00   0.32591090115412E+02   0.40278891333401E-12
 0.50000000000000000E+00   0.33489825716383E+02   0.39235281690253E-12
 0.50000000000000000E+00   0.34394697380382E+02   0.38236080968090E-12
 0.50000000000000000E+00   0.35305370261891E+02   0.37236880245928E-12
 0.50000000000000000E+00   0.36221523376224E+02   0.36326497365735E-12
 0.50000000000000000E+00   0.37142849564891E+02   0.35438318946035E-12
 0.50000000000000000E+00   0.38069055382202E+02   0.34572344986827E-12
 0.50000000000000000E+00   0.38999860913611E+02   0.33750779948605E-12
 0.50000000000000000E+00   0.39934999535663E+02   0.32962521601121E-12
 0.50000000000000000E+00   0.40874217626704E+02   0.32174263253637E-12
