 0.15717200556962202E+00   0.97578195523695E-18  -0.81921977789553E+05
 0.15720340192047905E+00   0.29483069282768E-04  -0.81898115539581E+05
 0.15730674880397139E+00   0.61082173640461E-04  -0.81819635820188E+05
 0.15749746614951879E+00   0.94949178290611E-04  -0.81675078989105E+05
 0.15779350660494504E+00   0.13124684686428E-03  -0.81451383247297E+05
 0.15821568076113940E+00   0.17014962340302E-03  -0.81133825769142E+05
 0.15878801628510936E+00   0.21184447044981E-03  -0.80706013921675E+05
 0.15953813559150243E+00   0.25653176725507E-03  -0.80149959293549E+05
 0.16049762706770590E+00   0.30442627240692E-03  -0.79446275830948E+05
 0.16170239325110519E+00   0.35575815550320E-03  -0.78574535664034E+05
 0.16319293293880027E+00   0.41077410281323E-03  -0.77513829480232E+05
 0.16501449975154381E+00   0.46973850223137E-03  -0.76243574219488E+05
 0.16721705117320110E+00   0.53293471320370E-03  -0.74744604911639E+05
 0.16985486841602815E+00   0.60066642771546E-03  -0.73000568712912E+05
 0.17298568665374506E+00   0.67325912886222E-03  -0.70999605807606E+05
 0.17666913355413416E+00   0.75106165399386E-03  -0.68736249561453E+05
 0.18096424390560056E+00   0.83444786992019E-03  -0.66213406553553E+05
 0.18592582383374623E+00   0.92381846820159E-03  -0.63444190401555E+05
 0.19159951874188239E+00   0.10196028891215E-02  -0.60453295162732E+05
 0.19801564642840835E+00   0.11222613835509E-02  -0.57277529656301E+05
 0.20518223846742983E+00   0.12322872225722E-02  -0.53965129762023E+05
 0.21307829105349502E+00   0.13502090654347E-02  -0.50573562659632E+05
 0.22164885069755511E+00   0.14765934971652E-02  -0.47165764663146E+05
 0.23080396563641906E+00   0.16120477479678E-02  -0.43805106024113E+05
 0.24042328769037352E+00   0.17572226074079E-02  -0.40549783546883E+05
 0.25036684873255066E+00   0.19128155473023E-02  -0.37447668221788E+05
 0.26049037095895616E+00   0.20795740682274E-02  -0.34532708936980E+05
 0.27066128713842175E+00   0.22582992856177E-02  -0.31823692702191E+05
 0.28077083206049336E+00   0.24498497725618E-02  -0.29325517897664E+05
 0.29073900904786282E+00   0.26551456776172E-02  -0.27032381990903E+05
 0.30051234449437719E+00   0.28751731372654E-02  -0.24931766655635E+05
 0.31005721864291258E+00   0.31109890040199E-02  -0.23008075306931E+05
 0.31935247841657621E+00   0.33637259126873E-02  -0.21245211576844E+05
 0.32838386655105911E+00   0.36345977088734E-02  -0.19627981712104E+05
 0.33714088106815021E+00   0.39249052655295E-02  -0.18142620123849E+05
 0.34561541196601264E+00   0.42360427151559E-02  -0.16776840912539E+05
 0.35380126344812979E+00   0.45695041272231E-02  -0.15519709352792E+05
 0.36169398524054347E+00   0.49268906624595E-02  -0.14361477572914E+05
 0.36929077328810322E+00   0.53099182378730E-02  -0.13293432417699E+05
 0.37659037326184280E+00   0.57204257387563E-02  -0.12307764233712E+05
 0.38359297609731641E+00   0.61603838164655E-02  -0.11397454925993E+05
 0.39030010652065733E+00   0.66319043134761E-02  -0.10556182249773E+05
 0.39671450698489524E+00   0.71372503601200E-02  -0.97782376565423E+04
 0.40284001933886282E+00   0.76788471905016E-02  -0.90584554968787E+04
 0.40868146626919155E+00   0.82592937283951E-02  -0.83921517851443E+04
 0.41424453424128155E+00   0.88813749974526E-02  -0.77750710549393E+04
 0.41953565934054965E+00   0.95480754138094E-02  -0.72033400949647E+04
 0.42456191709558833E+00   0.10262593023187E-01  -0.66734275658419E+04
 0.42933091706483473E+00   0.11028354748868E-01  -0.61821086692598E+04
 0.43385070270351705E+00   0.11849032721462E-01  -0.57264341789275E+04
 0.43812965681563731E+00   0.12728561766261E-01  -0.53037032534606E+04
 0.44217641275746078E+00   0.13671158129094E-01  -0.49114395380914E+04
 0.44599977151965231E+00   0.14681339527142E-01  -0.45473701270668E+04
 0.44960862490320153E+00   0.15763946616981E-01  -0.42094070028251E+04
 0.45301188524410640E+00   0.16924165978315E-01  -0.38956305923268E+04
 0.45621842253368916E+00   0.18167554718499E-01  -0.36042750876825E+04
 0.45923701025840780E+00   0.19500066809896E-01  -0.33337151750906E+04
 0.46207628164365322E+00   0.20928081279553E-01  -0.30824538211916E+04
 0.46474469783719974E+00   0.22458432378533E-01  -0.28491108116999E+04
 0.46725052838877124E+00   0.24098441866553E-01  -0.26324118638066E+04
 0.46960184187810106E+00   0.25855953556357E-01  -0.24311783594375E+04
 0.47180650130063723E+00   0.27739370271550E-01  -0.22443180154988E+04
 0.47387215670697597E+00   0.29757693381404E-01  -0.20708169648464E+04
 0.47580622890050717E+00   0.31920565086455E-01  -0.19097335922355E+04
 0.47761588323258802E+00   0.34238313639551E-01  -0.17601940350447E+04
 0.47930799901703436E+00   0.36722001698414E-01  -0.16213887550434E+04
 0.48088914371017072E+00   0.39383478017693E-01  -0.14925693429725E+04
 0.48236555977648654E+00   0.42235432700963E-01  -0.13730448678798E+04
 0.48374316754736235E+00   0.45291456246181E-01  -0.12621774851347E+04
 0.48502758236128912E+00   0.48566102631601E-01  -0.11593774240230E+04
 0.48622414088539945E+00   0.52074956703276E-01  -0.10640977334039E+04
 0.48733793016943611E+00   0.55834706139791E-01  -0.97582925287425E+03
 0.48837381318941486E+00   0.59863218284852E-01  -0.89409624561762E+03
 0.48933644586481995E+00   0.64179622153785E-01  -0.81845302442688E+03
 0.49023028255936490E+00   0.68804395935657E-01  -0.74848174277425E+03
 0.49105956996527594E+00   0.73759460328728E-01  -0.68379130304375E+03
 0.49182833312818447E+00   0.79068278063012E-01  -0.62401704564709E+03
 0.49254036181219629E+00   0.84755959979821E-01  -0.56882055480050E+03
 0.49319920858992050E+00   0.90849378054143E-01  -0.51788868999632E+03
 0.49380820784635610E+00   0.97377285761297E-01  -0.47093113946654E+03
 0.49437051312671421E+00   0.10437044620442E+00  -0.42767670424783E+03
 0.49488913290139319E+00   0.11186176843355E+00  -0.38786984227032E+03
 0.49536693947133847E+00   0.11988645240026E+00  -0.35126938354938E+03
 0.49580664630129623E+00   0.12848214300340E+00  -0.31764973290572E+03
 0.49621077875023101E+00   0.13768909369134E+00  -0.28680261936554E+03
 0.49658166967475592E+00   0.14755034009334E+00  -0.25853698897150E+03
 0.49692149054986012E+00   0.15811188415740E+00  -0.23267624958096E+03
 0.49723230438990035E+00   0.16942288927237E+00  -0.20905392781441E+03
 0.49751611633091897E+00   0.18153588684917E+00  -0.18750957158821E+03
 0.49777490087654869E+00   0.19450699482699E+00  -0.16788647523598E+03
 0.49801059476140774E+00   0.20839614855590E+00  -0.15003204130707E+03
 0.49822505688365898E+00   0.22326734448556E+00  -0.13380064808123E+03
 0.49842001077937026E+00   0.23918889705942E+00  -0.11905783939757E+03
 0.49859699966141219E+00   0.25623370917446E+00  -0.10568356582733E+03
 0.49875739045313011E+00   0.27447955651526E+00  -0.93571735623805E+02
 0.49890243791357569E+00   0.29400938600797E+00  -0.82625255150846E+02
 0.49903335531058535E+00   0.31491162856155E+00  -0.72750609766315E+02
 0.49915131119982187E+00   0.33728052616913E+00  -0.63858041959590E+02
 0.49925735847079339E+00   0.36121647332923E+00  -0.55866839137960E+02
 0.49935238609164656E+00   0.38682637261280E+00  -0.48708906619818E+02
 0.49943714341712525E+00   0.41422400404472E+00  -0.42326879810666E+02
 0.49951230972285060E+00   0.44353040778554E+00  -0.36668846233492E+02
 0.49957856205587747E+00   0.47487427938818E+00  -0.31683210608756E+02
 0.49963661440034524E+00   0.50839237666158E+00  -0.27315729243653E+02
 0.49968722319247427E+00   0.54422993689737E+00  -0.23509080380075E+02
 0.49973116708899762E+00   0.58254110290335E+00  -0.20204371329223E+02
 0.49976921400470087E+00   0.62348935593563E+00  -0.17343601824220E+02
 0.49980208849801661E+00   0.66724795322943E+00  -0.14872100490827E+02
 0.49983044934976295E+00   0.71400036739287E+00  -0.12740195524996E+02
 0.49985488169364212E+00   0.76394072444865E+00  -0.10903793205847E+02
 0.49987590146099103E+00   0.81727423678444E+00  -0.93240332018863E+01
 0.49989396476240855E+00   0.87421762670440E+00  -0.79665752601956E+01
 0.49990947481614417E+00   0.93499953566278E+00  -0.68010722797519E+01
 0.49992278453385264E+00   0.99986091361083E+00  -0.58009712066908E+01
 0.49993419823395807E+00   0.10690553822024E+01  -0.49433805748711E+01
 0.49994397596100087E+00   0.11428495648913E+01  -0.42087431127296E+01
 0.49995234039860403E+00   0.12215233762238E+01  -0.35803142147900E+01
 0.49995948410340907E+00   0.13053702618907E+01  -0.30436168900673E+01
 0.49996557512417716E+00   0.13946973803820E+01  -0.25860184723574E+01
 0.49997076050052813E+00   0.14898257163832E+01  -0.21964669362886E+01
 0.49997516823697224E+00   0.15910901154124E+01  -0.18653419723566E+01
 0.49997890872913198E+00   0.16988392286241E+01  -0.15843473707192E+01
 0.49998207645656756E+00   0.18134353562483E+01  -0.13463834953594E+01
 0.49998475230791262E+00   0.19352541778144E+01  -0.11453723519883E+01
 0.49998700636102816E+00   0.20646843571704E+01  -0.97604854883816E+00
 0.49998890049763434E+00   0.22021270103889E+01  -0.83376274789831E+00
 0.49999049014477037E+00   0.23479950249930E+01  -0.71435074813436E+00
 0.49999182485114912E+00   0.25027122195788E+01  -0.61409011669108E+00
 0.49999294806449507E+00   0.26667123339008E+01  -0.52971685863421E+00
 0.49999389682744971E+00   0.28404378408543E+01  -0.45844821657850E+00
 0.49999470191104700E+00   0.30243385735729E+01  -0.39797261180909E+00
 0.49999538845467711E+00   0.32188701630746E+01  -0.34640154824218E+00
 0.49999597688288611E+00   0.34244922845610E+01  -0.30220072856775E+00
 0.49999648383301626E+00   0.36416667135785E+01  -0.26412036149164E+00
 0.49999692293407233E+00   0.38708551967931E+01  -0.23113664817219E+00
 0.49999730539355558E+00   0.41125171460457E+01  -0.20240769602936E+00
 0.49999764041929168E+00   0.43671071685993E+01  -0.17724182893472E+00
 0.49999793552773630E+00   0.46350724509653E+01  -0.15507442584752E+00
 0.49999819678715496E+00   0.49168500183013E+01  -0.13544965228434E+00
 0.49999842902985459E+00   0.52128638959647E+01  -0.11800451705099E+00
 0.49999863605214312E+00   0.55235222042457E+01  -0.10245385106716E+00
 0.49999882080835600E+00   0.58492142214126E+01  -0.88575732338242E-01
 0.49999898559727413E+00   0.61903074538070E+01  -0.76197482458980E-01
 0.49999913223517345E+00   0.65471447546554E+01  -0.65182667571618E-01
 0.49999926220856589E+00   0.69200415353393E+01  -0.55419624937622E-01
 0.49999937680046835E+00   0.73092831139412E+01  -0.46811977948050E-01
 0.49999947718606647E+00   0.77151222458371E+01  -0.39271450209668E-01
 0.49999956449645599E+00   0.81377768798438E+01  -0.32713077519315E-01
 0.49999963985237839E+00   0.85774281809213E+01  -0.27052673705423E-01
 0.49999970437302887E+00   0.90342188566791E+01  -0.22206168998334E-01
 0.49999975916744477E+00   0.95082518200100E+01  -0.18090256826555E-01
 0.49999980531699717E+00   0.99995892142010E+01  -0.14623708946478E-01
 0.49999984385666107E+00   0.10508251820010E+02  -0.11728782351797E-01
 0.49999987576021093E+00   0.11034218856679E+02  -0.93323312060383E-02
 0.49999990193120614E+00   0.11577428180921E+02  -0.73664839952059E-02
 0.49999992319888581E+00   0.12137776879844E+02  -0.57689519209658E-02
 0.49999994031685857E+00   0.12715122245837E+02  -0.44831271898440E-02
 0.49999995396279862E+00   0.13309283113941E+02  -0.34581059225500E-02
 0.49999996473845820E+00   0.13920041535339E+02  -0.26486871868618E-02
 0.49999997317028994E+00   0.14547144754655E+02  -0.20153261895661E-02
 0.49999997971133386E+00   0.15190307453807E+02  -0.15239926277593E-02
 0.49999998474481055E+00   0.15849214221413E+02  -0.11459006839187E-02
 0.49999998858942551E+00   0.16523522204246E+02  -0.85711064798133E-03
 0.49999999150599389E+00   0.17212863895965E+02  -0.63803126433104E-03
 0.49999999370480641E+00   0.17916850018301E+02  -0.47286643833733E-03
 0.49999999535314998E+00   0.18635072450965E+02  -0.34905034270816E-03
 0.49999999658250793E+00   0.19367107168599E+02  -0.25670655222276E-03
 0.49999999749512131E+00   0.20112517146046E+02  -0.18815516939297E-03
 0.49999999816974144E+00   0.20870855196793E+02  -0.13748076342868E-03
 0.49999999866651818E+00   0.21641666713578E+02  -0.10016514197231E-03
 0.49999999903105297E+00   0.22424492284561E+02  -0.72782933160376E-04
 0.49999999929769012E+00   0.23218870163075E+02  -0.52754357728002E-04
 0.49999999949214424E+00   0.24024338573573E+02  -0.38147846409320E-04
 0.49999999963356861E+00   0.24840437840854E+02  -0.27524683804625E-04
 0.49999999969931985E+00   0.25666712333901E+02  -0.22585745483195E-04
 0.50000000000000000E+00   0.26502712219579E+02   0.62265748113077E-11
 0.50000000000000000E+00   0.27347995024993E+02   0.60369487187018E-11
 0.50000000000000000E+00   0.28202127010389E+02   0.58548721426632E-11
 0.50000000000000000E+00   0.29064684357170E+02   0.56816773508217E-11
 0.50000000000000000E+00   0.29935254177814E+02   0.55169202539673E-11
 0.50000000000000000E+00   0.30813435356248E+02   0.53597126736804E-11
 0.50000000000000000E+00   0.31698839228624E+02   0.52091664315412E-11
 0.50000000000000000E+00   0.32591090115412E+02   0.50661697059695E-11
 0.50000000000000000E+00   0.33489825716383E+02   0.49302784077554E-11
 0.50000000000000000E+00   0.34394697380382E+02   0.48010484476890E-11
 0.50000000000000000E+00   0.35305370261891E+02   0.46771475581409E-11
 0.50000000000000000E+00   0.36221523376224E+02   0.45590198283207E-11
 0.50000000000000000E+00   0.37142849564891E+02   0.44455550352041E-11
 0.50000000000000000E+00   0.38069055382202E+02   0.43376413572105E-11
 0.50000000000000000E+00   0.38999860913611E+02   0.42343906159203E-11
 0.50000000000000000E+00   0.39934999535663E+02   0.41351366775189E-11
 0.50000000000000000E+00   0.40874217626704E+02   0.40396574974011E-11
