 0.16990037634689137E+00   0.97578195523695E-18  -0.72970955598346E+05
 0.16993304280300950E+00   0.29483069282768E-04  -0.72949708521010E+05
 0.17004056484042970E+00   0.61082173640461E-04  -0.72879831165001E+05
 0.17023897416176786E+00   0.94949178290611E-04  -0.72751118912492E+05
 0.17054691870989055E+00   0.13124684686428E-03  -0.72551941997982E+05
 0.17098599348596946E+00   0.17014962340302E-03  -0.72269191468644E+05
 0.17158109986631223E+00   0.21184447044981E-03  -0.71888271294169E+05
 0.17236081735970443E+00   0.25653176725507E-03  -0.71393164783655E+05
 0.17335776201056319E+00   0.30442627240692E-03  -0.70766610703671E+05
 0.17460890993902128E+00   0.35575815550320E-03  -0.69990420209326E+05
 0.17615583941492946E+00   0.41077410281323E-03  -0.69045975754845E+05
 0.17804482850467712E+00   0.46973850223137E-03  -0.67914950264065E+05
 0.18032671640230580E+00   0.53293471320370E-03  -0.66580279282745E+05
 0.18305640260374997E+00   0.60066642771546E-03  -0.65027402211108E+05
 0.18629181840358067E+00   0.67325912886222E-03  -0.63245758956830E+05
 0.19009216697718495E+00   0.75106165399386E-03  -0.61230481809045E+05
 0.19451520530068361E+00   0.83444786992019E-03  -0.58984158436452E+05
 0.19961335917306752E+00   0.92381846820159E-03  -0.56518464705702E+05
 0.20542856147518146E+00   0.10196028891215E-02  -0.53855387543198E+05
 0.21198593362084778E+00   0.11222613835509E-02  -0.51027700688297E+05
 0.21928683217803263E+00   0.12322872225722E-02  -0.48078352364657E+05
 0.22730234602723795E+00   0.13502090654347E-02  -0.45058510183216E+05
 0.23596892577148820E+00   0.14765934971652E-02  -0.42024211323446E+05
 0.24518815789256240E+00   0.16120477479678E-02  -0.39031879210085E+05
 0.25483233658195198E+00   0.17572226074079E-02  -0.36133330713477E+05
 0.26475611888112932E+00   0.19128155473023E-02  -0.33371188496981E+05
 0.27481235711144125E+00   0.20795740682274E-02  -0.30775678897898E+05
 0.28486812471468692E+00   0.22582992856177E-02  -0.28363528051278E+05
 0.29481634239855042E+00   0.24498497725618E-02  -0.26139095619003E+05
 0.30458004140559308E+00   0.26551456776172E-02  -0.24097213168786E+05
 0.31410945803945028E+00   0.28751731372654E-02  -0.22226732564655E+05
 0.32337492207364094E+00   0.31109890040199E-02  -0.20513764868684E+05
 0.33235925719973586E+00   0.33637259126873E-02  -0.18943976252783E+05
 0.34105213908833731E+00   0.36345977088734E-02  -0.17503836727151E+05
 0.34944693172647145E+00   0.39249052655295E-02  -0.16181088121952E+05
 0.35753930126767997E+00   0.42360427151559E-02  -0.14964789998556E+05
 0.36532670754489188E+00   0.45695041272231E-02  -0.13845205255884E+05
 0.37280820281426968E+00   0.49268906624595E-02  -0.12813653858447E+05
 0.37998430328920119E+00   0.53099182378730E-02  -0.11862377413962E+05
 0.38685686889386522E+00   0.57204257387563E-02  -0.10984422379950E+05
 0.39342898075771504E+00   0.61603838164655E-02  -0.10173540426679E+05
 0.39970481717579481E+00   0.66319043134761E-02  -0.94241032496920E+04
 0.40568953007049224E+00   0.71372503601200E-02  -0.87310294413437E+04
 0.41138912382674503E+00   0.76788471905016E-02  -0.80897214603306E+04
 0.41681033806181311E+00   0.82592937283951E-02  -0.74960110962954E+04
 0.42196053557069213E+00   0.88813749974526E-02  -0.69461121145687E+04
 0.42684759637571534E+00   0.95480754138094E-02  -0.64365789983176E+04
 0.43147981851190131E+00   0.10262593023187E-01  -0.59642708936429E+04
 0.43586582590492484E+00   0.11028354748868E-01  -0.55263200165042E+04
 0.44001448345255240E+00   0.11849032721462E-01  -0.51201039056317E+04
 0.44393481920957678E+00   0.12728561766261E-01  -0.47432210079749E+04
 0.44763595340847800E+00   0.13671158129094E-01  -0.43934691665307E+04
 0.45112703393331088E+00   0.14681339527142E-01  -0.40688266472117E+04
 0.45441717781630719E+00   0.15763946616981E-01  -0.37674353933423E+04
 0.45751541836353066E+00   0.16924165978315E-01  -0.34875862340720E+04
 0.46043065765956898E+00   0.18167554718499E-01  -0.32277057964394E+04
 0.46317162447200411E+00   0.19500066809896E-01  -0.29863448798255E+04
 0.46574683797674860E+00   0.20928081279553E-01  -0.27621680472211E+04
 0.46816457820470969E+00   0.22458432378533E-01  -0.25539441753438E+04
 0.47043286450762006E+00   0.24098441866553E-01  -0.23605376990301E+04
 0.47255944332980038E+00   0.25855953556357E-01  -0.21809003108601E+04
 0.47455178569688394E+00   0.27739370271550E-01  -0.20140629697769E+04
 0.47641709278219724E+00   0.29757693381404E-01  -0.18591282535622E+04
 0.47816230508320651E+00   0.31920565086455E-01  -0.17152633224680E+04
 0.47979410866861322E+00   0.34238313639551E-01  -0.15816939199717E+04
 0.48131893272104181E+00   0.36722001698414E-01  -0.14576997614974E+04
 0.48274293694078030E+00   0.39383478017693E-01  -0.13426113089821E+04
 0.48407199321573391E+00   0.42235432700963E-01  -0.12358074774570E+04
 0.48531166962186595E+00   0.45291456246181E-01  -0.11367135611859E+04
 0.48646722417759952E+00   0.48566102631601E-01  -0.10447987535842E+04
 0.48754361184835210E+00   0.52074956703276E-01  -0.95957296921900E+03
 0.48854550373777428E+00   0.55834706139791E-01  -0.88058304131515E+03
 0.48947731419807960E+00   0.59863218284852E-01  -0.80740861269067E+03
 0.49034323024411897E+00   0.64179622153785E-01  -0.73965813167687E+03
 0.49114723775979896E+00   0.68804395935657E-01  -0.67696534618002E+03
 0.49189314002569978E+00   0.73759460328728E-01  -0.61898660228186E+03
 0.49258456582473931E+00   0.79068278063012E-01  -0.56539911888891E+03
 0.49322496682071659E+00   0.84755959979821E-01  -0.51590022502727E+03
 0.49381760715340195E+00   0.90849378054143E-01  -0.47020730328989E+03
 0.49436555202405752E+00   0.97377285761297E-01  -0.42805789893746E+03
 0.49487166510240033E+00   0.10437044620442E+00  -0.38920923222683E+03
 0.49533862354692526E+00   0.11186176843355E+00  -0.35343644329991E+03
 0.49576895031634816E+00   0.11988645240026E+00  -0.32052960221011E+03
 0.49616504816213891E+00   0.12848214300340E+00  -0.29029067798858E+03
 0.49652921233871777E+00   0.13768909369134E+00  -0.26253220339384E+03
 0.49686361412032304E+00   0.14755034009334E+00  -0.23707820973553E+03
 0.49717027409808823E+00   0.15811188415740E+00  -0.21376596471208E+03
 0.49745105390166777E+00   0.16942288927237E+00  -0.19244633271940E+03
 0.49770767910106606E+00   0.18153588684917E+00  -0.17298180141921E+03
 0.49794178395892047E+00   0.19450699482699E+00  -0.15524289425783E+03
 0.49815495777170254E+00   0.20839614855590E+00  -0.13910450551313E+03
 0.49834877391723897E+00   0.22326734448556E+00  -0.12444357792040E+03
 0.49852479037959752E+00   0.23918889705942E+00  -0.11113895770699E+03
 0.49868452009341196E+00   0.25623370917446E+00  -0.99073538547084E+02
 0.49882937979230407E+00   0.27447955651526E+00  -0.88138029256229E+02
 0.49896063776759958E+00   0.29400938600797E+00  -0.78234802171263E+02
 0.49907939248448691E+00   0.31491162856155E+00  -0.69279416534376E+02
 0.49918661137297210E+00   0.33728052616913E+00  -0.61197616851842E+02
 0.49928321482074023E+00   0.36121647332923E+00  -0.53918946019378E+02
 0.49937012445047513E+00   0.38682637261280E+00  -0.47373070763629E+02
 0.49944821867992745E+00   0.41422400404472E+00  -0.41493098646875E+02
 0.49951825540749589E+00   0.44353040778554E+00  -0.36221366206649E+02
 0.49958085027773835E+00   0.47487427938818E+00  -0.31511040444516E+02
 0.49963651862509750E+00   0.50839237666158E+00  -0.27322933918514E+02
 0.49968573752749568E+00   0.54422993689737E+00  -0.23620816876022E+02
 0.49972899255957259E+00   0.58254110290335E+00  -0.20367888612552E+02
 0.49976679707014338E+00   0.62348935593563E+00  -0.17525319573285E+02
 0.49979968699289151E+00   0.66724795322943E+00  -0.15052634417570E+02
 0.49982820071328560E+00   0.71400036739287E+00  -0.12909218267296E+02
 0.49985285483017283E+00   0.76394072444865E+00  -0.11056131026470E+02
 0.49987412495074673E+00   0.81727423678444E+00  -0.94575433312091E+01
 0.49989243692658369E+00   0.87421762670440E+00  -0.80813883981853E+01
 0.49990816872481492E+00   0.93499953566278E+00  -0.68992157255247E+01
 0.49992165786680504E+00   0.99986091361083E+00  -0.58856276591733E+01
 0.49993320736784569E+00   0.10690553822024E+01  -0.50178296827711E+01
 0.49994308679321120E+00   0.11428495648913E+01  -0.42755484506265E+01
 0.49995153100306405E+00   0.12215233762238E+01  -0.36411240245674E+01
 0.49995874097281168E+00   0.13053702618907E+01  -0.30994466176376E+01
 0.49996488805053402E+00   0.13946973803820E+01  -0.26376355033152E+01
 0.49997011984946105E+00   0.14898257163832E+01  -0.22445954259209E+01
 0.49997456543945751E+00   0.15910901154124E+01  -0.19106259366309E+01
 0.49997833867093266E+00   0.16988392286241E+01  -0.16271712152331E+01
 0.49998153969998776E+00   0.18134353562483E+01  -0.13867051457286E+01
 0.49998425541849367E+00   0.19352541778144E+01  -0.11826987416426E+01
 0.49998655959943028E+00   0.20646843571704E+01  -0.10096090246885E+01
 0.49998851340840633E+00   0.22021270103889E+01  -0.86284044541722E+00
 0.49999016669790708E+00   0.23479950249930E+01  -0.73864754663274E+00
 0.49999156024233127E+00   0.25027122195788E+01  -0.63396698900466E+00
 0.49999272871150746E+00   0.26667123339008E+01  -0.54619413011187E+00
 0.49999370366129331E+00   0.28404378408543E+01  -0.47295834020543E+00
 0.49999451542816409E+00   0.30243385735729E+01  -0.41198066072016E+00
 0.49999519317805868E+00   0.32188701630746E+01  -0.36107011701787E+00
 0.49999576353189235E+00   0.34244922845610E+01  -0.31822695091684E+00
 0.49999624906660611E+00   0.36416667135785E+01  -0.28175520436945E+00
 0.49999666769025425E+00   0.38708551967931E+01  -0.25030965050660E+00
 0.49999703298326270E+00   0.41125171460457E+01  -0.22287015201576E+00
 0.49999735505285953E+00   0.43671071685993E+01  -0.19867747418755E+00
 0.49999764144853320E+00   0.46350724509653E+01  -0.17716451580013E+00
 0.49999789790536442E+00   0.49168500183013E+01  -0.15790047079273E+00
 0.49999812886517048E+00   0.52128638959647E+01  -0.14055168057791E+00
 0.49999833781390651E+00   0.55235222042457E+01  -0.12485628898975E+00
 0.49999852749622348E+00   0.58492142214126E+01  -0.11060812493787E+00
 0.49999870006022412E+00   0.61903074538070E+01  -0.97645828556477E-01
 0.49999885716875142E+00   0.65471447546554E+01  -0.85844491412752E-01
 0.49999900009756432E+00   0.69200415353393E+01  -0.75108281696524E-01
 0.49999912982868888E+00   0.73092831139412E+01  -0.65363432002142E-01
 0.49999924713946492E+00   0.77151222458371E+01  -0.56551550353543E-01
 0.49999935268374046E+00   0.81377768798438E+01  -0.48623521234892E-01
 0.49999944706039290E+00   0.85774281809213E+01  -0.41534358469030E-01
 0.49999953086506738E+00   0.90342188566791E+01  -0.35239318867146E-01
 0.49999960472296101E+00   0.95082518200100E+01  -0.29691439569786E-01
 0.49999966930301648E+00   0.99995892142010E+01  -0.24840471932215E-01
 0.49999972531638004E+00   0.10508251820010E+02  -0.20632997255650E-01
 0.49999977350386182E+00   0.11034218856679E+02  -0.17013368771785E-01
 0.49999981461790965E+00   0.11577428180921E+02  -0.13925065628871E-01
 0.49999984940409481E+00   0.12137776879844E+02  -0.11312083600812E-01
 0.49999987858549799E+00   0.12715122245837E+02  -0.91201079113192E-02
 0.49999990285132084E+00   0.13309283113941E+02  -0.72973687040463E-02
 0.49999992284931682E+00   0.13920041535339E+02  -0.57952095537939E-02
 0.49999993918080210E+00   0.14547144754655E+02  -0.45684622257758E-02
 0.49999995239709888E+00   0.15190307453807E+02  -0.35757138437500E-02
 0.49999996299687310E+00   0.15849214221413E+02  -0.27795068269523E-02
 0.49999997142443076E+00   0.16523522204246E+02  -0.21464669087035E-02
 0.49999997806930518E+00   0.17212863895965E+02  -0.16473340945309E-02
 0.49999998326739775E+00   0.17916850018301E+02  -0.12568769837560E-02
 0.49999998730367440E+00   0.18635072450965E+02  -0.95369021666070E-03
 0.49999999041616155E+00   0.19367107168599E+02  -0.71989432441466E-03
 0.49999999280082696E+00   0.20112517146046E+02  -0.54076910313183E-03
 0.49999999461689448E+00   0.20870855196793E+02  -0.40435437351594E-03
 0.49999999599219591E+00   0.21641666713578E+02  -0.30104798907304E-03
 0.49999999702825970E+00   0.22424492284561E+02  -0.22322358889104E-03
 0.49999999780494397E+00   0.23218870163075E+02  -0.16488260001335E-03
 0.49999999838451320E+00   0.24024338573573E+02  -0.12134800806241E-03
 0.49999999881512919E+00   0.24840437840854E+02  -0.89002094652457E-04
 0.49999999913377691E+00   0.25666712333901E+02  -0.65066730011498E-04
 0.49999999936866985E+00   0.26502712219579E+02  -0.47422642642125E-04
 0.49999999954119922E+00   0.27347995024993E+02  -0.34463021261200E-04
 0.49999999966749237E+00   0.28202127010389E+02  -0.24976456133086E-04
 0.49999999969931963E+00   0.29064684357170E+02  -0.22585748460813E-04
 0.49999999999999989E+00   0.29935254177814E+02   0.33506530883187E-11
 0.50000000000000000E+00   0.30813435356248E+02   0.32573943542502E-11
 0.50000000000000000E+00   0.31698839228624E+02   0.31668001554408E-11
 0.50000000000000000E+00   0.32591090115412E+02   0.30813129825447E-11
 0.50000000000000000E+00   0.33489825716383E+02   0.29984903449076E-11
 0.50000000000000000E+00   0.34394697380382E+02   0.29196645101592E-11
 0.50000000000000000E+00   0.35305370261891E+02   0.28439472998798E-11
 0.50000000000000000E+00   0.36221523376224E+02   0.27720048478841E-11
 0.50000000000000000E+00   0.37142849564891E+02   0.27033930649623E-11
 0.50000000000000000E+00   0.38069055382202E+02   0.26376678619044E-11
 0.50000000000000000E+00   0.38999860913611E+02   0.25746071941057E-11
 0.50000000000000000E+00   0.39934999535663E+02   0.25144331061711E-11
 0.50000000000000000E+00   0.40874217626704E+02   0.24562574196807E-11
