 0.21866885771824179E+00   0.97578195523695E-18  -0.48320366381213E+05
 0.21870465263158603E+00   0.29483069282768E-04  -0.48306310900346E+05
 0.21882245284565185E+00   0.61082173640461E-04  -0.48260087112951E+05
 0.21903977245878167E+00   0.94949178290611E-04  -0.48174943237657E+05
 0.21937691774490906E+00   0.13124684686428E-03  -0.48043186590955E+05
 0.21985731336153336E+00   0.17014962340302E-03  -0.47856145709553E+05
 0.22050783661304810E+00   0.21184447044981E-03  -0.47604165037271E+05
 0.22135913931510828E+00   0.25653176725507E-03  -0.47276649522997E+05
 0.22244592622370354E+00   0.30442627240692E-03  -0.46862180730993E+05
 0.22380715365193299E+00   0.35575815550320E-03  -0.46348726635916E+05
 0.22548608960693228E+00   0.41077410281323E-03  -0.45723971605230E+05
 0.22753015671598473E+00   0.46973850223137E-03  -0.44975792147068E+05
 0.22999045112912350E+00   0.53293471320370E-03  -0.44092899986910E+05
 0.23292079989267478E+00   0.60066642771546E-03  -0.43065663149290E+05
 0.23637618916451450E+00   0.67325912886222E-03  -0.41887095999434E+05
 0.24041037627543557E+00   0.75106165399386E-03  -0.40553978425952E+05
 0.24507250762746724E+00   0.83444786992019E-03  -0.39068022072367E+05
 0.25040262976111161E+00   0.92381846820159E-03  -0.37436950453370E+05
 0.25642613963735827E+00   0.10196028891215E-02  -0.35675307879726E+05
 0.26314750878618431E+00   0.11222613835509E-02  -0.33804774160710E+05
 0.27054404554792139E+00   0.12322872225722E-02  -0.31853759524014E+05
 0.27856097236477906E+00   0.13502090654347E-02  -0.29856111272082E+05
 0.28710951470585799E+00   0.14765934971652E-02  -0.27848897804611E+05
 0.29606971789321967E+00   0.16120477479678E-02  -0.25869442805397E+05
 0.30529898785620424E+00   0.17572226074079E-02  -0.23952022399725E+05
 0.31464576988783555E+00   0.19128155473023E-02  -0.22124830325995E+05
 0.32396573968998632E+00   0.20795740682274E-02  -0.20407859671700E+05
 0.33313637674709873E+00   0.22582992856177E-02  -0.18812172650989E+05
 0.34206592084932747E+00   0.24498497725618E-02  -0.17340650618032E+05
 0.35069479299139245E+00   0.26551456776172E-02  -0.15989871753443E+05
 0.35899058413168905E+00   0.28751731372654E-02  -0.14752458443419E+05
 0.36693990413793726E+00   0.31109890040199E-02  -0.13619219923320E+05
 0.37454056528128077E+00   0.33637259126873E-02  -0.12580671106897E+05
 0.38179608281213706E+00   0.36345977088734E-02  -0.11627858675595E+05
 0.38871267501810491E+00   0.39249052655295E-02  -0.10752670685720E+05
 0.39529794959260417E+00   0.42360427151559E-02  -0.99478669705623E+04
 0.40156039956849660E+00   0.45695041272231E-02  -0.92070035045872E+04
 0.40750918577042944E+00   0.49268906624595E-02  -0.85243356883277E+04
 0.41315399761886817E+00   0.53099182378730E-02  -0.78947288197416E+04
 0.41850493518475690E+00   0.57204257387563E-02  -0.73135808978111E+04
 0.42357240193123280E+00   0.61603838164655E-02  -0.67767567831762E+04
 0.42836700698362595E+00   0.66319043134761E-02  -0.62805319235519E+04
 0.43289947688280001E+00   0.71372503601200E-02  -0.58215440601289E+04
 0.43718057672289051E+00   0.76788471905016E-02  -0.53967516143977E+04
 0.44122104044083721E+00   0.82592937283951E-02  -0.50033976907205E+04
 0.44503150991327961E+00   0.88813749974526E-02  -0.46389788193245E+04
 0.44862248242951253E+00   0.95480754138094E-02  -0.43012177168164E+04
 0.45200426604426625E+00   0.10262593023187E-01  -0.39880394647022E+04
 0.45518694226771783E+00   0.11028354748868E-01  -0.36975506068332E+04
 0.45818033551902837E+00   0.11849032721462E-01  -0.34280207489413E+04
 0.46099398875065767E+00   0.12728561766261E-01  -0.31778663111493E+04
 0.46363714464086697E+00   0.13671158129094E-01  -0.29456361404583E+04
 0.46611873174872615E+00   0.14681339527142E-01  -0.27299987369827E+04
 0.46844735502768486E+00   0.15763946616981E-01  -0.25297308869052E+04
 0.47063129009911331E+00   0.16924165978315E-01  -0.23437075281477E+04
 0.47267848069578855E+00   0.18167554718499E-01  -0.21708927026339E+04
 0.47459653869775847E+00   0.19500066809896E-01  -0.20103314725412E+04
 0.47639274620136091E+00   0.20928081279553E-01  -0.18611426975938E+04
 0.47807405909012562E+00   0.22458432378533E-01  -0.17225125865001E+04
 0.47964711161979229E+00   0.24098441866553E-01  -0.15936889480657E+04
 0.48111822159754924E+00   0.25855953556357E-01  -0.14739760760207E+04
 0.48249339584001033E+00   0.27739370271550E-01  -0.13627302055671E+04
 0.48377833575066825E+00   0.29757693381404E-01  -0.12593554781936E+04
 0.48497844308095295E+00   0.31920565086455E-01  -0.11633003435081E+04
 0.48609882623581019E+00   0.34238313639551E-01  -0.10740543124875E+04
 0.48714430783069018E+00   0.36722001698414E-01  -0.99114495777918E+03
 0.48811943451035228E+00   0.39383478017693E-01  -0.91413504079935E+03
 0.48902849010064475E+00   0.42235432700963E-01  -0.84261964787113E+03
 0.48987551268016472E+00   0.45291456246181E-01  -0.77622326151311E+03
 0.49066431488194190E+00   0.48566102631601E-01  -0.71459679639035E+03
 0.49139850484029668E+00   0.52074956703276E-01  -0.65741477761385E+03
 0.49208150363449027E+00   0.55834706139791E-01  -0.60437295814342E+03
 0.49271655530108505E+00   0.59863218284852E-01  -0.55518665160025E+03
 0.49330672820699761E+00   0.64179622153785E-01  -0.50958984559924E+03
 0.49385491058084974E+00   0.68804395935657E-01  -0.46733485593634E+03
 0.49436380574015432E+00   0.73759460328728E-01  -0.42819207977128E+03
 0.49483593235022733E+00   0.79068278063012E-01  -0.39194943088821E+03
 0.49527363245188921E+00   0.84755959979821E-01  -0.35841124560806E+03
 0.49567908685567208E+00   0.90849378054143E-01  -0.32739668975526E+03
 0.49605433528557191E+00   0.97377285761297E-01  -0.29873786438834E+03
 0.49640129774629616E+00   0.10437044620442E+00  -0.27227787416503E+03
 0.49672179366664437E+00   0.11186176843355E+00  -0.24786911343206E+03
 0.49701755601158581E+00   0.11988645240026E+00  -0.22537197481955E+03
 0.49729023851188203E+00   0.12848214300340E+00  -0.20465411207823E+03
 0.49754141539133684E+00   0.13768909369134E+00  -0.18559029611774E+03
 0.49777257456429264E+00   0.14755034009334E+00  -0.16806278393665E+03
 0.49798510732898937E+00   0.15811188415740E+00  -0.15196196672407E+03
 0.49818029993908558E+00   0.16942288927237E+00  -0.13718688762770E+03
 0.49835933405726718E+00   0.18153588684917E+00  -0.12364509987042E+03
 0.49852330136216289E+00   0.19450699482699E+00  -0.11125146928921E+03
 0.49867322957579185E+00   0.20839614855590E+00  -0.99926130631415E+02
 0.49881010555637462E+00   0.22326734448556E+00  -0.89592681796824E+02
 0.49893487834813555E+00   0.23918889705942E+00  -0.80177902747510E+02
 0.49904844034749357E+00   0.25623370917446E+00  -0.71613130660993E+02
 0.49915160441416828E+00   0.27447955651526E+00  -0.63835942125908E+02
 0.49924509690723679E+00   0.29400938600797E+00  -0.56790636964926E+02
 0.49932957216440677E+00   0.31491162856155E+00  -0.50427111670719E+02
 0.49940564029649093E+00   0.33728052616913E+00  -0.44698737610849E+02
 0.49947389621468963E+00   0.36121647332923E+00  -0.39560154060057E+02
 0.49953494061727088E+00   0.38682637261280E+00  -0.34965672329866E+02
 0.49958938826781996E+00   0.41422400404472E+00  -0.30868639761139E+02
 0.49963786290434375E+00   0.44353040778554E+00  -0.27221811077378E+02
 0.49968098104536185E+00   0.47487427938818E+00  -0.23978555193006E+02
 0.49971932897488225E+00   0.50839237666158E+00  -0.21094574818779E+02
 0.49975343866070965E+00   0.54422993689737E+00  -0.18529706176820E+02
 0.49978376976342437E+00   0.58254110290335E+00  -0.16249261147127E+02
 0.49981070612713430E+00   0.62348935593563E+00  -0.14224281734872E+02
 0.49983457328666492E+00   0.66724795322943E+00  -0.12430216476004E+02
 0.49985567202611819E+00   0.71400036739287E+00  -0.10844392646269E+02
 0.49987430414571909E+00   0.76394072444865E+00  -0.94440762500302E+01
 0.49989076714268715E+00   0.81727423678444E+00  -0.82068693941949E+01
 0.49990532723094278E+00   0.87421762670440E+00  -0.71127354922409E+01
 0.49991820087161321E+00   0.93499953566278E+00  -0.61453846430974E+01
 0.49992955752345958E+00   0.99986091361083E+00  -0.52920646979812E+01
 0.49993953473508335E+00   0.10690553822024E+01  -0.45424255892094E+01
 0.49994825365756157E+00   0.11428495648913E+01  -0.38873526991380E+01
 0.49995582925252513E+00   0.12215233762238E+01  -0.33181992102894E+01
 0.49996237462108556E+00   0.13053702618907E+01  -0.28264603895224E+01
 0.49996800108781669E+00   0.13946973803820E+01  -0.24037668875450E+01
 0.49997281609212429E+00   0.14898257163832E+01  -0.20420428028922E+01
 0.49997692059408044E+00   0.15910901154124E+01  -0.17337002487566E+01
 0.49998040710709363E+00   0.16988392286241E+01  -0.14717868626636E+01
 0.49998335885212974E+00   0.18134353562483E+01  -0.12500491037182E+01
 0.49998584999414591E+00   0.19352541778144E+01  -0.10629142977675E+01
 0.49998794654410611E+00   0.20646843571704E+01  -0.90542272665132E+00
 0.49998970736580556E+00   0.22021270103889E+01  -0.77315188089352E+00
 0.49999118486011263E+00   0.23479950249930E+01  -0.66216497296782E+00
 0.49999242523022425E+00   0.25027122195788E+01  -0.56899094557463E+00
 0.49999346853999654E+00   0.26667123339008E+01  -0.49062003967179E+00
 0.49999434886451960E+00   0.28404378408543E+01  -0.42449244578061E+00
 0.49999509469858572E+00   0.30243385735729E+01  -0.36846759298022E+00
 0.49999572959819250E+00   0.32188701630746E+01  -0.32077594090425E+00
 0.49999627292419108E+00   0.34244922845610E+01  -0.27996310506074E+00
 0.49999674055788362E+00   0.36416667135785E+01  -0.24483609367363E+00
 0.49999714551343311E+00   0.38708551967931E+01  -0.21441729879819E+00
 0.49999749842866448E+00   0.41125171460457E+01  -0.18790762440235E+00
 0.49999780795083137E+00   0.43671071685993E+01  -0.16465750576911E+00
 0.49999808104657362E+00   0.46350724509653E+01  -0.14414362441581E+00
 0.49999832326361715E+00   0.49168500183013E+01  -0.12594924858278E+00
 0.49999853896382507E+00   0.52128638959647E+01  -0.10974672624942E+00
 0.49999873153829349E+00   0.55235222042457E+01  -0.95281327220965E-01
 0.49999890360792776E+00   0.58492142214126E+01  -0.82356176113771E-01
 0.49999905720814469E+00   0.61903074538070E+01  -0.70818377886213E-01
 0.49999919395387832E+00   0.65471447546554E+01  -0.60546623079531E-01
 0.49999931518041346E+00   0.69200415353393E+01  -0.51440608809108E-01
 0.49999942205624759E+00   0.73092831139412E+01  -0.43412560962961E-01
 0.49999951566581852E+00   0.77151222458371E+01  -0.36381019925998E-01
 0.49999959706227481E+00   0.81377768798438E+01  -0.30266876734696E-01
 0.49999966729317152E+00   0.85774281809213E+01  -0.24991442791877E-01
 0.49999972740459214E+00   0.90342188566791E+01  -0.20476140272847E-01
 0.49999977843105137E+00   0.95082518200100E+01  -0.16643260501199E-01
 0.49999982137901255E+00   0.99995892142010E+01  -0.13417202043653E-01
 0.49999985721061080E+00   0.10508251820010E+02  -0.10725693332071E-01
 0.49999988683153868E+00   0.11034218856679E+02  -0.85007025787704E-02
 0.49999991108401209E+00   0.11577428180921E+02  -0.66789661622342E-02
 0.49999993074350191E+00   0.12137776879844E+02  -0.52022341028310E-02
 0.49999994651722096E+00   0.12715122245837E+02  -0.40173836737796E-02
 0.49999995904299716E+00   0.13309283113941E+02  -0.30765040817031E-02
 0.49999996888829834E+00   0.13920041535339E+02  -0.23369696880646E-02
 0.49999997654999040E+00   0.14547144754655E+02  -0.17614581274397E-02
 0.49999998245557287E+00   0.15190307453807E+02  -0.13178575757817E-02
 0.49999998696629633E+00   0.15849214221413E+02  -0.97903252314291E-03
 0.49999999038208687E+00   0.16523522204246E+02  -0.72245385198944E-03
 0.49999999294782965E+00   0.17212863895965E+02  -0.52972691544317E-03
 0.49999999486039903E+00   0.17916850018301E+02  -0.38606340591008E-03
 0.49999999627584846E+00   0.18635072450965E+02  -0.27974128366370E-03
 0.49999999731629491E+00   0.19367107168599E+02  -0.20158768560163E-03
 0.49999999807618889E+00   0.20112517146046E+02  -0.14450791472198E-03
 0.49999999862780903E+00   0.20870855196793E+02  -0.10307272540189E-03
 0.49999999902593018E+00   0.21641666713578E+02  -0.73167679981223E-04
 0.49999999931169098E+00   0.22424492284561E+02  -0.51702625281536E-04
 0.49999999951573287E+00   0.23218870163075E+02  -0.36375929395094E-04
 0.49999999966070185E+00   0.24024338573573E+02  -0.25486523500984E-04
 0.49999999999999989E+00   0.24840437840854E+02   0.81223916481576E-12
 0.50000000000000000E+00   0.25666712333901E+02   0.79070083813804E-12
 0.50000000000000000E+00   0.26502712219579E+02   0.76738615462091E-12
 0.50000000000000000E+00   0.27347995024993E+02   0.74407147110378E-12
 0.50000000000000000E+00   0.28202127010389E+02   0.72164496600635E-12
 0.50000000000000000E+00   0.29064684357170E+02   0.70010663932862E-12
 0.50000000000000000E+00   0.29935254177814E+02   0.68012262488537E-12
 0.50000000000000000E+00   0.30813435356248E+02   0.66080474425689E-12
 0.50000000000000000E+00   0.31698839228624E+02   0.64215299744319E-12
 0.50000000000000000E+00   0.32591090115412E+02   0.62438942904919E-12
 0.50000000000000000E+00   0.33489825716383E+02   0.60795812828474E-12
 0.50000000000000000E+00   0.34394697380382E+02   0.59197091673013E-12
 0.50000000000000000E+00   0.35305370261891E+02   0.57664983899031E-12
 0.50000000000000000E+00   0.36221523376224E+02   0.56221693967018E-12
 0.50000000000000000E+00   0.37142849564891E+02   0.54800608495498E-12
 0.50000000000000000E+00   0.38069055382202E+02   0.53490545326440E-12
 0.50000000000000000E+00   0.38999860913611E+02   0.52202686617875E-12
 0.50000000000000000E+00   0.39934999535663E+02   0.50981441290787E-12
 0.50000000000000000E+00   0.40874217626704E+02   0.49804604884685E-12
