 0.19567917179457797E+00   0.97578195523695E-18  -0.58409894428863E+05
 0.19571383596966441E+00   0.29483069282768E-04  -0.58392896966392E+05
 0.19582792313419337E+00   0.61082173640461E-04  -0.58336997200202E+05
 0.19603841861716825E+00   0.94949178290611E-04  -0.58234030611622E+05
 0.19636504515183595E+00   0.13124684686428E-03  -0.58074694049322E+05
 0.19683059590853455E+00   0.17014962340302E-03  -0.57848500820622E+05
 0.19746128520359701E+00   0.21184447044981E-03  -0.57543774305606E+05
 0.19828709868665420E+00   0.25653176725507E-03  -0.57147701610423E+05
 0.19934211463772647E+00   0.30442627240692E-03  -0.56646474147480E+05
 0.20066476628854374E+00   0.35575815550320E-03  -0.56025541284440E+05
 0.20229799169978097E+00   0.41077410281323E-03  -0.55270009420070E+05
 0.20428919878492480E+00   0.46973850223137E-03  -0.54365217311311E+05
 0.20668994408349337E+00   0.53293471320370E-03  -0.53297513763431E+05
 0.20955519086012789E+00   0.60066642771546E-03  -0.52055250582918E+05
 0.21294197655866620E+00   0.67325912886222E-03  -0.50629979858531E+05
 0.21690729045797133E+00   0.75106165399386E-03  -0.49017807415296E+05
 0.22150495572366080E+00   0.83444786992019E-03  -0.47220803166126E+05
 0.22678135358614926E+00   0.92381846820159E-03  -0.45248307322933E+05
 0.23276996050317106E+00   0.10196028891215E-02  -0.43117908651430E+05
 0.23948493601753523E+00   0.11222613835509E-02  -0.40855825054336E+05
 0.24691442558108381E+00   0.12322872225722E-02  -0.38496413709770E+05
 0.25501479200961902E+00   0.13502090654347E-02  -0.36080607018633E+05
 0.26370750306286006E+00   0.14765934971652E-02  -0.33653232797207E+05
 0.27288056951498663E+00   0.16120477479678E-02  -0.31259427682971E+05
 0.28239585924001537E+00   0.17572226074079E-02  -0.28940642966079E+05
 0.29210209319126690E+00   0.19128155473023E-02  -0.26730974533381E+05
 0.30185117298294950E+00   0.20795740682274E-02  -0.24654601223661E+05
 0.31151369139444135E+00   0.22582992856177E-02  -0.22724901755883E+05
 0.32098927739554051E+00   0.24498497725618E-02  -0.20945361721107E+05
 0.33020934949401309E+00   0.26551456776172E-02  -0.19311844280149E+05
 0.33913299342730746E+00   0.28751731372654E-02  -0.17815428865305E+05
 0.34773916645669817E+00   0.31109890040199E-02  -0.16445002294176E+05
 0.35601886804826299E+00   0.33637259126873E-02  -0.15189095499778E+05
 0.36396949569900444E+00   0.36345977088734E-02  -0.14036882523957E+05
 0.37159172114958838E+00   0.39249052655295E-02  -0.12978554922953E+05
 0.37888811307077747E+00   0.42360427151559E-02  -0.12005358525120E+05
 0.38586260879125123E+00   0.45695041272231E-02  -0.11109501952309E+05
 0.39252028546899664E+00   0.49268906624595E-02  -0.10284039645477E+05
 0.39886720905525130E+00   0.53099182378730E-02  -0.95227635762023E+04
 0.40491030032951969E+00   0.57204257387563E-02  -0.88201098666784E+04
 0.41065720753156343E+00   0.61603838164655E-02  -0.81710791387807E+04
 0.41611618532636113E+00   0.66319043134761E-02  -0.75711684248876E+04
 0.42129598098851995E+00   0.71372503601200E-02  -0.70163127254640E+04
 0.42620572854375477E+00   0.76788471905016E-02  -0.65028346412545E+04
 0.43085485135845408E+00   0.82592937283951E-02  -0.60274007935971E+04
 0.43525297344115499E+00   0.88813749974526E-02  -0.55869839758463E+04
 0.43940983951928109E+00   0.95480754138094E-02  -0.51788301638166E+04
 0.44333524378047950E+00   0.10262593023187E-01  -0.48004296630371E+04
 0.44703896701901158E+00   0.11028354748868E-01  -0.44494917928064E+04
 0.45053072180209830E+00   0.11849032721462E-01  -0.41239226072505E+04
 0.45382010516702576E+00   0.12728561766261E-01  -0.38218052362087E+04
 0.45691655827550548E+00   0.13671158129094E-01  -0.35413824972393E+04
 0.45982933238624607E+00   0.14681339527142E-01  -0.32810414869387E+04
 0.46256746045992408E+00   0.15763946616981E-01  -0.30392999070990E+04
 0.46513973368428341E+00   0.16924165978315E-01  -0.28147939203968E+04
 0.46755468220461160E+00   0.18167554718499E-01  -0.26062673622346E+04
 0.46982055937287959E+00   0.19500066809896E-01  -0.24125621605093E+04
 0.47194532889762647E+00   0.20928081279553E-01  -0.22326098334239E+04
 0.47393665440068145E+00   0.22458432378533E-01  -0.20654239465211E+04
 0.47580189108382764E+00   0.24098441866553E-01  -0.19100934130537E+04
 0.47754807949475842E+00   0.25855953556357E-01  -0.17657765158767E+04
 0.47918194175791329E+00   0.27739370271550E-01  -0.16316955146796E+04
 0.48070988105758145E+00   0.29757693381404E-01  -0.15071316835347E+04
 0.48213798549119835E+00   0.31920565086455E-01  -0.13914206114892E+04
 0.48347203737816780E+00   0.34238313639551E-01  -0.12839476145208E+04
 0.48471752834546200E+00   0.36722001698414E-01  -0.11841431785989E+04
 0.48587967879334687E+00   0.39383478017693E-01  -0.10914784962789E+04
 0.48696345806349484E+00   0.42235432700963E-01  -0.10054613402871E+04
 0.48797360010651192E+00   0.45291456246181E-01  -0.92563263319411E+03
 0.48891461034491940E+00   0.48566102631601E-01  -0.85156399597778E+03
 0.48979076317309755E+00   0.52074956703276E-01  -0.78285626462690E+03
 0.49060609422424223E+00   0.55834706139791E-01  -0.71913860714762E+03
 0.49136439416302125E+00   0.59863218284852E-01  -0.66006768545619E+03
 0.49206920984871472E+00   0.64179622153785E-01  -0.60532639453095E+03
 0.49272385533768071E+00   0.68804395935657E-01  -0.55462198292590E+03
 0.49333143156823606E+00   0.73759460328728E-01  -0.50768364067735E+03
 0.49389485119057641E+00   0.79068278063012E-01  -0.46425982016927E+03
 0.49441686413381319E+00   0.84755959979821E-01  -0.42411561673559E+03
 0.49490007973489525E+00   0.90849378054143E-01  -0.38703051320616E+03
 0.49534698214906148E+00   0.97377285761297E-01  -0.35279672154541E+03
 0.49575993711129934E+00   0.10437044620442E+00  -0.32121825131518E+03
 0.49614118993592532E+00   0.11186176843355E+00  -0.29211069771894E+03
 0.49649285702489981E+00   0.11988645240026E+00  -0.26530156370987E+03
 0.49681691602122824E+00   0.12848214300340E+00  -0.24063071721794E+03
 0.49711520225963451E+00   0.13768909369134E+00  -0.21795039887258E+03
 0.49738941897550931E+00   0.14755034009334E+00  -0.19712421557962E+03
 0.49764116243572487E+00   0.15811188415740E+00  -0.17802503622963E+03
 0.49787195092079212E+00   0.16942288927237E+00  -0.16053263104335E+03
 0.49808323838595714E+00   0.18153588684917E+00  -0.14453250168161E+03
 0.49827640312827098E+00   0.19450699482699E+00  -0.12991662200515E+03
 0.49845272402114710E+00   0.20839614855590E+00  -0.11658512775513E+03
 0.49861336803098333E+00   0.22326734448556E+00  -0.10444715964479E+03
 0.49875940221158677E+00   0.23918889705942E+00  -0.93419868214660E+02
 0.49889182550948247E+00   0.25623370917446E+00  -0.83425939127929E+02
 0.49901160598339972E+00   0.27447955651526E+00  -0.74390727270550E+02
 0.49911970929726396E+00   0.29400938600797E+00  -0.66240063298265E+02
 0.49921710947639886E+00   0.31491162856155E+00  -0.58899406455679E+02
 0.49930477890351349E+00   0.33728052616913E+00  -0.52294565986696E+02
 0.49938365993971973E+00   0.36121647332923E+00  -0.46353807404661E+02
 0.49945462548856856E+00   0.38682637261280E+00  -0.41010790524328E+02
 0.49951844124681982E+00   0.41422400404472E+00  -0.36207379882406E+02
 0.49957574881959893E+00   0.44353040778554E+00  -0.31894886037925E+02
 0.49962709040199088E+00   0.47487427938818E+00  -0.28032183443705E+02
 0.49967297307077507E+00   0.50839237666158E+00  -0.24580855872368E+02
 0.49971392092343786E+00   0.54422993689737E+00  -0.21501263947361E+02
 0.49975045788040240E+00   0.58254110290335E+00  -0.18753831185919E+02
 0.49978304614748770E+00   0.62348935593563E+00  -0.16303663011830E+02
 0.49981205229638437E+00   0.66724795322943E+00  -0.14123087273400E+02
 0.49983776230729510E+00   0.71400036739287E+00  -0.12190514660242E+02
 0.49986041886923016E+00   0.76394072444865E+00  -0.10487628785609E+02
 0.49988025431654559E+00   0.81727423678444E+00  -0.89969069403835E+01
 0.49989750881886991E+00   0.87421762670440E+00  -0.77002507715885E+01
 0.49991243420347770E+00   0.93499953566278E+00  -0.65786973427428E+01
 0.49992528793391022E+00   0.99986091361083E+00  -0.56128700113700E+01
 0.49993632246792613E+00   0.10690553822024E+01  -0.47837764376059E+01
 0.49994577445259253E+00   0.11428495648913E+01  -0.40736187987161E+01
 0.49995385689305771E+00   0.12215233762238E+01  -0.34663806648755E+01
 0.49996075594764733E+00   0.13053702618907E+01  -0.29480664853680E+01
 0.49996663244673217E+00   0.13946973803820E+01  -0.25065864345578E+01
 0.49997162661463701E+00   0.14898257163832E+01  -0.21314008810756E+01
 0.49997586320748272E+00   0.15910901154124E+01  -0.18131338312215E+01
 0.49997945440643066E+00   0.16988392286241E+01  -0.15433551572331E+01
 0.49998249981583126E+00   0.18134353562483E+01  -0.13145804175815E+01
 0.49998508524592961E+00   0.19352541778144E+01  -0.11203620520010E+01
 0.49998728240669976E+00   0.20646843571704E+01  -0.95531218581802E+00
 0.49998915026467483E+00   0.22021270103889E+01  -0.81500055886387E+00
 0.49999073744987571E+00   0.23479950249930E+01  -0.69577361451688E+00
 0.49999208475914725E+00   0.25027122195788E+01  -0.59456638008792E+00
 0.49999322715528066E+00   0.26667123339008E+01  -0.50875224669129E+00
 0.49999419510394050E+00   0.28404378408543E+01  -0.43604250758481E+00
 0.49999501535418511E+00   0.30243385735729E+01  -0.37442770253981E+00
 0.49999571135403853E+00   0.32188701630746E+01  -0.32214638287523E+00
 0.49999630347793089E+00   0.34244922845610E+01  -0.27766801325480E+00
 0.49999680919159062E+00   0.36416667135785E+01  -0.23968057517584E+00
 0.49999724322664224E+00   0.38708551967931E+01  -0.20707744425984E+00
 0.49999761779547058E+00   0.41125171460457E+01  -0.17894124476222E+00
 0.49999794284969246E+00   0.43671071685993E+01  -0.15452443015905E+00
 0.49999822637082197E+00   0.46350724509653E+01  -0.13322744657049E+00
 0.49999847467598563E+00   0.49168500183013E+01  -0.11457576660653E+00
 0.49999869272139863E+00   0.52128638959647E+01  -0.98197092035671E-01
 0.49999888438900547E+00   0.55235222042457E+01  -0.83799821568473E-01
 0.49999905274530038E+00   0.58492142214126E+01  -0.71153608636909E-01
 0.49999920026480194E+00   0.61903074538070E+01  -0.60072574507315E-01
 0.49999932901358685E+00   0.65471447546554E+01  -0.50401521687159E-01
 0.49999944079084913E+00   0.69200415353393E+01  -0.42005300396352E-01
 0.49999953722899415E+00   0.73092831139412E+01  -0.34761289836653E-01
 0.49999961985555230E+00   0.77151222458371E+01  -0.28554747336341E-01
 0.49999969012310896E+00   0.81377768798438E+01  -0.23276560113385E-01
 0.49999974941594183E+00   0.85774281809213E+01  -0.18822746616180E-01
 0.49999979904333580E+00   0.90342188566791E+01  -0.15094958655880E-01
 0.49999984022886801E+00   0.95082518200100E+01  -0.12001286163909E-01
 0.49999987410223390E+00   0.99995892142010E+01  -0.94568712026435E-02
 0.49999990169627251E+00   0.10508251820010E+02  -0.73841313266012E-02
 0.49999992394836085E+00   0.11034218856679E+02  -0.57126548605817E-02
 0.49999994170364670E+00   0.11577428180921E+02  -0.43789580116549E-02
 0.49999995571795536E+00   0.12137776879844E+02  -0.33262665302347E-02
 0.49999996665969804E+00   0.12715122245837E+02  -0.25043723504563E-02
 0.49999997511146760E+00   0.13309283113941E+02  -0.18695137060658E-02
 0.49999998157250203E+00   0.13920041535339E+02  -0.13841900760254E-02
 0.49999998646287941E+00   0.14547144754655E+02  -0.10168470964422E-02
 0.49999999012964480E+00   0.15190307453807E+02  -0.74141632193703E-03
 0.49999999285449337E+00   0.15849214221413E+02  -0.53673805009913E-03
 0.49999999486233876E+00   0.16523522204246E+02  -0.38591781442232E-03
 0.49999999633005643E+00   0.17212863895965E+02  -0.27566952832681E-03
 0.49999999739483286E+00   0.17916850018301E+02  -0.19568834723405E-03
 0.49999999816173790E+00   0.18635072450965E+02  -0.13808192167186E-03
 0.49999999871031908E+00   0.19367107168599E+02  -0.96874978576356E-04
 0.49999999910016635E+00   0.20112517146046E+02  -0.67591444084414E-04
 0.49999999937548045E+00   0.20870855196793E+02  -0.46911096670765E-04
 0.49999999956875030E+00   0.21641666713578E+02  -0.32393537995556E-04
 0.49999999969931963E+00   0.22424492284561E+02  -0.22585750083515E-04
 0.50000000000000000E+00   0.23218870163075E+02   0.17674750552032E-11
 0.50000000000000000E+00   0.24024338573573E+02   0.17106316363424E-11
 0.50000000000000000E+00   0.24840437840854E+02   0.16551204851112E-11
 0.50000000000000000E+00   0.25666712333901E+02   0.16031620475587E-11
 0.50000000000000000E+00   0.26502712219579E+02   0.15523138330309E-11
 0.50000000000000000E+00   0.27347995024993E+02   0.15047962875769E-11
 0.50000000000000000E+00   0.28202127010389E+02   0.14592771435673E-11
 0.50000000000000000E+00   0.29064684357170E+02   0.14162004902118E-11
 0.50000000000000000E+00   0.29935254177814E+02   0.13749001936958E-11
 0.50000000000000000E+00   0.30813435356248E+02   0.13358203432290E-11
 0.50000000000000000E+00   0.31698839228624E+02   0.12982948049967E-11
 0.50000000000000000E+00   0.32591090115412E+02   0.12627676682087E-11
 0.50000000000000000E+00   0.33489825716383E+02   0.12287948436551E-11
 0.50000000000000000E+00   0.34394697380382E+02   0.11965983759410E-11
 0.50000000000000000E+00   0.35305370261891E+02   0.11657341758564E-11
 0.50000000000000000E+00   0.36221523376224E+02   0.11362022434014E-11
 0.50000000000000000E+00   0.37142849564891E+02   0.11082246231808E-11
 0.50000000000000000E+00   0.38069055382202E+02   0.10811351813800E-11
 0.50000000000000000E+00   0.38999860913611E+02   0.10553780072087E-11
 0.50000000000000000E+00   0.39934999535663E+02   0.10307310560620E-11
 0.50000000000000000E+00   0.40874217626704E+02   0.10069722833350E-11
