 0.30138147809091304E+00   0.97578195523695E-18  -0.24751557542556E+05
 0.30141626429147278E+00   0.29483069282768E-04  -0.24744366479338E+05
 0.30153071857992397E+00   0.61082173640461E-04  -0.24720718002390E+05
 0.30174177141676300E+00   0.94949178290611E-04  -0.24677157433050E+05
 0.30206894997340017E+00   0.13124684686428E-03  -0.24609749243615E+05
 0.30253463068182096E+00   0.17014962340302E-03  -0.24514057070390E+05
 0.30316426866704727E+00   0.21184447044981E-03  -0.24385140968860E+05
 0.30398657728116807E+00   0.25653176725507E-03  -0.24217580421499E+05
 0.30503362016869912E+00   0.30442627240692E-03  -0.24005533629716E+05
 0.30634076771047525E+00   0.35575815550320E-03  -0.23742844890186E+05
 0.30794645216238681E+00   0.41077410281323E-03  -0.23423213405429E+05
 0.30989163856708368E+00   0.46973850223137E-03  -0.23040436688064E+05
 0.31221890996745427E+00   0.53293471320370E-03  -0.22588739567123E+05
 0.31497105076495024E+00   0.60066642771546E-03  -0.22063194266247E+05
 0.31818900787614840E+00   0.67325912886222E-03  -0.21460226923390E+05
 0.32190912731298904E+00   0.75106165399386E-03  -0.20778190180959E+05
 0.32615962053121972E+00   0.83444786992019E-03  -0.20017959846227E+05
 0.33095633081006937E+00   0.92381846820159E-03  -0.19183487492998E+05
 0.33629806354159852E+00   0.10196028891215E-02  -0.18282214316180E+05
 0.34216201907423482E+00   0.11222613835509E-02  -0.17325232132348E+05
 0.34850018920160059E+00   0.12322872225722E-02  -0.16327076125345E+05
 0.35523785271926345E+00   0.13502090654347E-02  -0.15305063138531E+05
 0.36227536301339797E+00   0.14765934971652E-02  -0.14278157928958E+05
 0.36949405704885752E+00   0.16120477479678E-02  -0.13265455790347E+05
 0.37676620481242795E+00   0.17572226074079E-02  -0.12284492745154E+05
 0.38396758607811143E+00   0.19128155473023E-02  -0.11349692859196E+05
 0.39099001486952312E+00   0.20795740682274E-02  -0.10471284491579E+05
 0.39775065411249039E+00   0.22582992856177E-02  -0.96549266985141E+04
 0.40419579503850062E+00   0.24498497725618E-02  -0.89020929597315E+04
 0.41029873466117450E+00   0.26551456776172E-02  -0.82110318480052E+04
 0.41605349865059010E+00   0.28751731372654E-02  -0.75779680032348E+04
 0.42146726049674688E+00   0.31109890040199E-02  -0.69981983573277E+04
 0.42655391305982149E+00   0.33637259126873E-02  -0.64668691992604E+04
 0.43132989164917523E+00   0.36345977088734E-02  -0.59793988168985E+04
 0.43581205389986294E+00   0.39249052655295E-02  -0.55316358941100E+04
 0.44001684305743877E+00   0.42360427151559E-02  -0.51198750606813E+04
 0.44396003757562519E+00   0.45695041272231E-02  -0.47408181921623E+04
 0.44765670032542881E+00   0.49268906624595E-02  -0.43915249270188E+04
 0.45112117957019660E+00   0.53099182378730E-02  -0.40693668629489E+04
 0.45436712165546334E+00   0.57204257387563E-02  -0.37719880654789E+04
 0.45740748746353205E+00   0.61603838164655E-02  -0.34972713903416E+04
 0.46025457116003243E+00   0.66319043134761E-02  -0.32433097031526E+04
 0.46292002067784555E+00   0.71372503601200E-02  -0.30083811865602E+04
 0.46541485951619493E+00   0.76788471905016E-02  -0.27909280699452E+04
 0.46774950949043848E+00   0.82592937283951E-02  -0.25895382373749E+04
 0.46993381411747437E+00   0.88813749974526E-02  -0.24029292663000E+04
 0.47197706236657866E+00   0.95480754138094E-02  -0.22299345273089E+04
 0.47388801254618618E+00   0.10262593023187E-01  -0.20694910381565E+04
 0.47567491613378998E+00   0.11028354748868E-01  -0.19206288163702E+04
 0.47734554138899266E+00   0.11849032721462E-01  -0.17824615164112E+04
 0.47890719661899367E+00   0.12728561766261E-01  -0.16541781715287E+04
 0.48036675299167825E+00   0.13671158129094E-01  -0.15350358885600E+04
 0.48173066681418397E+00   0.14681339527142E-01  -0.14243533671684E+04
 0.48300500121453510E+00   0.15763946616981E-01  -0.13215051343051E+04
 0.48419544718082530E+00   0.16924165978315E-01  -0.12259164007742E+04
 0.48530734392659852E+00   0.18167554718499E-01  -0.11370584602586E+04
 0.48634569856263088E+00   0.19500066809896E-01  -0.10544445625230E+04
 0.48731520506430615E+00   0.20928081279553E-01  -0.97762620213675E+03
 0.48822026253022438E+00   0.22458432378533E-01  -0.90618977227114E+03
 0.48906499273162374E+00   0.24098441866553E-01  -0.83975354019303E+03
 0.48985325695362719E+00   0.25855953556357E-01  -0.77796490721434E+03
 0.49058867212830082E+00   0.27739370271550E-01  -0.72049792123657E+03
 0.49127462625611312E+00   0.29757693381404E-01  -0.66705101479973E+03
 0.49191429310681573E+00   0.31920565086455E-01  -0.61734494580990E+03
 0.49251064618332496E+00   0.34238313639551E-01  -0.57112092196029E+03
 0.49306647192342312E+00   0.36722001698414E-01  -0.52813889332313E+03
 0.49358438210478267E+00   0.39383478017693E-01  -0.48817600068621E+03
 0.49406682541012570E+00   0.42235432700963E-01  -0.45102516991325E+03
 0.49451609810289121E+00   0.45291456246181E-01  -0.41649384484848E+03
 0.49493435376192690E+00   0.48566102631601E-01  -0.38440285293207E+03
 0.49532361202969100E+00   0.52074956703276E-01  -0.35458539853801E+03
 0.49568576634678307E+00   0.55834706139791E-01  -0.32688617877854E+03
 0.49602259068256704E+00   0.59863218284852E-01  -0.30116061469766E+03
 0.49633574533531583E+00   0.64179622153785E-01  -0.27727418681464E+03
 0.49662678197478072E+00   0.68804395935657E-01  -0.25510185721448E+03
 0.49689714824150000E+00   0.73759460328728E-01  -0.23452755038075E+03
 0.49714819239306884E+00   0.79068278063012E-01  -0.21544365231553E+03
 0.49738116865600451E+00   0.84755959979821E-01  -0.19775047538895E+03
 0.49759724399751304E+00   0.90849378054143E-01  -0.18135563276669E+03
 0.49779750679624291E+00   0.97377285761297E-01  -0.16617328459923E+03
 0.49798297718819617E+00   0.10437044620442E+00  -0.15212327166313E+03
 0.49815461773830727E+00   0.11186176843355E+00  -0.13913023724735E+03
 0.49831334206924571E+00   0.11988645240026E+00  -0.12712291467143E+03
 0.49846001908451915E+00   0.12848214300340E+00  -0.11603375676898E+03
 0.49859547198542570E+00   0.13768909369134E+00  -0.10579896527946E+03
 0.49872047369583261E+00   0.14755034009334E+00  -0.96358796115916E+02
 0.49883574195547348E+00   0.15811188415740E+00  -0.87657893177923E+02
 0.49894193717055213E+00   0.16942288927237E+00  -0.79645417480744E+02
 0.49903966453257070E+00   0.18153588684917E+00  -0.72274858085266E+02
 0.49912948013884045E+00   0.19450699482699E+00  -0.65503545422105E+02
 0.49921189972662450E+00   0.20839614855590E+00  -0.59291971809704E+02
 0.49928740829301799E+00   0.22326734448556E+00  -0.53603049133170E+02
 0.49935646903439534E+00   0.23918889705942E+00  -0.48401421120523E+02
 0.49941953040251508E+00   0.25623370917446E+00  -0.43652920108511E+02
 0.49947703046996617E+00   0.27447955651526E+00  -0.39324228364145E+02
 0.49952939816857389E+00   0.29400938600797E+00  -0.35382776165798E+02
 0.49957705130764940E+00   0.31491162856155E+00  -0.31796883132319E+02
 0.49962039160994781E+00   0.33728052616913E+00  -0.28536124526418E+02
 0.49965979735511767E+00   0.36121647332923E+00  -0.25571877927283E+02
 0.49969561467692869E+00   0.38682637261280E+00  -0.22877971464958E+02
 0.49972814930562792E+00   0.41422400404472E+00  -0.20431298902441E+02
 0.49975766182149400E+00   0.44353040778554E+00  -0.18212171135271E+02
 0.49978437105345097E+00   0.47487427938818E+00  -0.16204055967881E+02
 0.49980846988743222E+00   0.50839237666158E+00  -0.14392385954531E+02
 0.49983015074170389E+00   0.54422993689737E+00  -0.12762640879060E+02
 0.49984962498682928E+00   0.58254110290335E+00  -0.11298886658723E+02
 0.49986711863824074E+00   0.62348935593563E+00  -0.99840982196793E+01
 0.49988284776060382E+00   0.66724795322943E+00  -0.88020068822872E+01
 0.49989699575996421E+00   0.71400036739287E+00  -0.77388052903455E+01
 0.49990970701008675E+00   0.76394072444865E+00  -0.67836246386268E+01
 0.49992109421558373E+00   0.81727423678444E+00  -0.59279799183812E+01
 0.49993125070770750E+00   0.87421762670440E+00  -0.51648449799393E+01
 0.49994026148706716E+00   0.93499953566278E+00  -0.44878221622857E+01
 0.49994821061384292E+00   0.99986091361083E+00  -0.38905866262247E+01
 0.49995518476047357E+00   0.10690553822024E+01  -0.33666191527264E+01
 0.49996127365532328E+00   0.11428495648913E+01  -0.29091725773689E+01
 0.49996656841411524E+00   0.12215233762238E+01  -0.25113969236839E+01
 0.49997115874651360E+00   0.13053702618907E+01  -0.21665490389588E+01
 0.49997512989313175E+00   0.13946973803820E+01  -0.18682224816799E+01
 0.49997855996328927E+00   0.14898257163832E+01  -0.16105473132641E+01
 0.49998151814868608E+00   0.15910901154124E+01  -0.13883241090610E+01
 0.49998406410719387E+00   0.16988392286241E+01  -0.11970700958391E+01
 0.49998624863360835E+00   0.18134353562483E+01  -0.10329686426685E+01
 0.49998811549608252E+00   0.19352541778144E+01  -0.89273121616778E+00
 0.49998970394041975E+00   0.20646843571704E+01  -0.77340919345731E+00
 0.49999105093370805E+00   0.22021270103889E+01  -0.67222527636260E+00
 0.49999219214328988E+00   0.23479950249930E+01  -0.58649991895233E+00
 0.49999316132068589E+00   0.25027122195788E+01  -0.51369757894153E+00
 0.49999398880500223E+00   0.26667123339008E+01  -0.45153911515050E+00
 0.49999470029249959E+00   0.28404378408543E+01  -0.39809419438521E+00
 0.49999531652429785E+00   0.30243385735729E+01  -0.35180473420514E+00
 0.49999585380298811E+00   0.32188701630746E+01  -0.31144608470163E+00
 0.49999632489823670E+00   0.34244922845610E+01  -0.27605899412757E+00
 0.49999673995625649E+00   0.36416667135785E+01  -0.24488128695510E+00
 0.49999710722119856E+00   0.38708551967931E+01  -0.21729367184087E+00
 0.49999743353072335E+00   0.41125171460457E+01  -0.19278251364857E+00
 0.49999772462497438E+00   0.43671071685993E+01  -0.17091662288806E+00
 0.49999798532998840E+00   0.46350724509653E+01  -0.15133347741338E+00
 0.49999821967106683E+00   0.49168500183013E+01  -0.13373070554235E+00
 0.49999843095661478E+00   0.52128638959647E+01  -0.11785978777969E+00
 0.49999862185719190E+00   0.55235222042457E+01  -0.10352011829340E+00
 0.49999879449150331E+00   0.58492142214126E+01  -0.90552545313236E-01
 0.49999895052170606E+00   0.61903074538070E+01  -0.78832211763983E-01
 0.49999909125455083E+00   0.65471447546554E+01  -0.68260957772803E-01
 0.49999921774188316E+00   0.69200415353393E+01  -0.58759771294784E-01
 0.49999933087321419E+00   0.73092831139412E+01  -0.50261834485260E-01
 0.49999943145381259E+00   0.77151222458371E+01  -0.42706657721021E-01
 0.49999952026359362E+00   0.81377768798438E+01  -0.36035656051378E-01
 0.49999959809461275E+00   0.85774281809213E+01  -0.30189332828509E-01
 0.49999966576782529E+00   0.90342188566791E+01  -0.25106020757531E-01
 0.49999972413249549E+00   0.95082518200100E+01  -0.20721926268587E-01
 0.49999977405367257E+00   0.99995892142010E+01  -0.16972070261109E-01
 0.49999981639397434E+00   0.10508251820010E+02  -0.13791656352152E-01
 0.49999985199526303E+00   0.11034218856679E+02  -0.11117447359909E-01
 0.49999988166386139E+00   0.11577428180921E+02  -0.88888757186034E-02
 0.49999990616051593E+00   0.12137776879844E+02  -0.70487974286890E-02
 0.49999992619432482E+00   0.12715122245837E+02  -0.55439481298671E-02
 0.49999994241900975E+00   0.13309283113941E+02  -0.43252231187585E-02
 0.49999995543020620E+00   0.13920041535339E+02  -0.33478808997698E-02
 0.49999996576330341E+00   0.14547144754655E+02  -0.25717054212977E-02
 0.49999997389210965E+00   0.15190307453807E+02  -0.19611063071512E-02
 0.49999998022888781E+00   0.15849214221413E+02  -0.14851162604097E-02
 0.49999998512612798E+00   0.16523522204246E+02  -0.11172577751335E-02
 0.49999998888006592E+00   0.17212863895965E+02  -0.83527898789582E-03
 0.49999999173561072E+00   0.17916850018301E+02  -0.62078342104610E-03
 0.49999999389217809E+00   0.18635072450965E+02  -0.45879186254272E-03
 0.49999999550989416E+00   0.19367107168599E+02  -0.33727635874681E-03
 0.49999999671572076E+00   0.20112517146046E+02  -0.24670014851291E-03
 0.49999999760917624E+00   0.20870855196793E+02  -0.17958782001171E-03
 0.49999999826746305E+00   0.21641666713578E+02  -0.13014030709479E-03
 0.49999999874990697E+00   0.22424492284561E+02  -0.93901306690847E-04
 0.49999999910170484E+00   0.23218870163075E+02  -0.67475857163712E-04
 0.49999999935701572E+00   0.24024338573573E+02  -0.48298061799956E-04
 0.49999999954146795E+00   0.24840437840854E+02  -0.34442838432569E-04
 0.49999999967415854E+00   0.25666712333901E+02  -0.24475733380935E-04
 0.49999999999999989E+00   0.26502712219579E+02   0.71609385088323E-13
 0.50000000000000000E+00   0.27347995024993E+02   0.74495964952348E-13
 0.50000000000000000E+00   0.28202127010389E+02   0.74051875742498E-13
 0.50000000000000000E+00   0.29064684357170E+02   0.72497563508023E-13
 0.50000000000000000E+00   0.29935254177814E+02   0.70499162063697E-13
 0.50000000000000000E+00   0.30813435356248E+02   0.68722805224297E-13
 0.50000000000000000E+00   0.31698839228624E+02   0.66613381477509E-13
 0.50000000000000000E+00   0.32591090115412E+02   0.65059069243034E-13
 0.50000000000000000E+00   0.33489825716383E+02   0.63393734706096E-13
 0.50000000000000000E+00   0.34394697380382E+02   0.61506355564234E-13
 0.50000000000000000E+00   0.35305370261891E+02   0.59952043329758E-13
 0.50000000000000000E+00   0.36221523376224E+02   0.58508753397746E-13
 0.50000000000000000E+00   0.37142849564891E+02   0.57065463465733E-13
 0.50000000000000000E+00   0.38069055382202E+02   0.55622173533720E-13
 0.50000000000000000E+00   0.38999860913611E+02   0.54289905904170E-13
 0.50000000000000000E+00   0.39934999535663E+02   0.53179682879545E-13
 0.50000000000000000E+00   0.40874217626704E+02   0.51736392947532E-13
