 0.19745495852221056E-01   0.97578195523695E-18  -0.91348785481461E+06
 0.20296231114653160E-01   0.29483069282768E-04  -0.88768137006965E+06
 0.22117687147476119E-01   0.61082173640461E-04  -0.81148522693718E+06
 0.25475068131527570E-01   0.94949178290611E-04  -0.69958912393848E+06
 0.30531931508353864E-01   0.13124684686428E-03  -0.57749887512720E+06
 0.37154513177481460E-01   0.17014962340302E-03  -0.46786851213562E+06
 0.44887572926184317E-01   0.21184447044981E-03  -0.38079560511511E+06
 0.53243056986376679E-01   0.25653176725507E-03  -0.31514301256913E+06
 0.61954419591784743E-01   0.30442627240692E-03  -0.26555003503299E+06
 0.70939099010981013E-01   0.35575815550320E-03  -0.22716039942939E+06
 0.80175538116007666E-01   0.41077410281323E-03  -0.19666415342879E+06
 0.89650508261548023E-01   0.46973850223137E-03  -0.17190974390380E+06
 0.99349749052479563E-01   0.53293471320370E-03  -0.15146001430659E+06
 0.10925724539904148E+00   0.60066642771546E-03  -0.13431979961506E+06
 0.11935526692366588E+00   0.67325912886222E-03  -0.11977814539057E+06
 0.12962446259719682E+00   0.75106165399386E-03  -0.10731357748957E+06
 0.14004398339820243E+00   0.83444786992019E-03  -0.96534895052660E+05
 0.15059163157130848E+00   0.92381846820159E-03  -0.87142860201174E+05
 0.16124403463199677E+00   0.10196028891215E-02  -0.78904657960119E+05
 0.17197684153135015E+00   0.11222613835509E-02  -0.71636421567277E+05
 0.18276493767963620E+00   0.12322872225722E-02  -0.65191000268061E+05
 0.19358267491404968E+00   0.13502090654347E-02  -0.59449222080531E+05
 0.20440411199501407E+00   0.14765934971652E-02  -0.54313539474643E+05
 0.21520326086032687E+00   0.16120477479678E-02  -0.49703332710477E+05
 0.22595433367251105E+00   0.17572226074079E-02  -0.45551387331558E+05
 0.23663198567344340E+00   0.19128155473023E-02  -0.41801217030338E+05
 0.24721154901236214E+00   0.20795740682274E-02  -0.38405004266820E+05
 0.25766925303087718E+00   0.22582992856177E-02  -0.35321998464085E+05
 0.26798242695493030E+00   0.24498497725618E-02  -0.32517257369301E+05
 0.27812968153486595E+00   0.26551456776172E-02  -0.29960648730863E+05
 0.28809106686112057E+00   0.28751731372654E-02  -0.27626051535898E+05
 0.29784820433125564E+00   0.31109890040199E-02  -0.25490711731799E+05
 0.30738439151927177E+00   0.33637259126873E-02  -0.23534718625231E+05
 0.31668467946631829E+00   0.36345977088734E-02  -0.21740576348494E+05
 0.32573592264151163E+00   0.39249052655295E-02  -0.20092850810181E+05
 0.33452680248545275E+00   0.42360427151559E-02  -0.18577877024662E+05
 0.34304782602531197E+00   0.45695041272231E-02  -0.17183515073568E+05
 0.35129130152342636E+00   0.49268906624595E-02  -0.15898945494590E+05
 0.35925129348181484E+00   0.53099182378730E-02  -0.14714496833585E+05
 0.36692355956978517E+00   0.57204257387563E-02  -0.13621499589410E+05
 0.37430547217334653E+00   0.61603838164655E-02  -0.12612161939062E+05
 0.38139592729098570E+00   0.66319043134761E-02  -0.11679463535248E+05
 0.38819524343209288E+00   0.71372503601200E-02  -0.10817064379973E+05
 0.39470505302689146E+00   0.76788471905016E-02  -0.10019226340700E+05
 0.40092818864766144E+00   0.82592937283951E-02  -0.92807453237783E+04
 0.40686856609009014E+00   0.88813749974526E-02  -0.85968924781158E+04
 0.41253106609253049E+00   0.95480754138094E-02  -0.79633630893894E+04
 0.41792141620410500E+00   0.10262593023187E-01  -0.73762320554105E+04
 0.42304607407771089E+00   0.11028354748868E-01  -0.68319150168390E+04
 0.42791211329360856E+00   0.11849032721462E-01  -0.63271343614425E+04
 0.43252711275171712E+00   0.12728561766261E-01  -0.58588894291789E+04
 0.43689905074804236E+00   0.13671158129094E-01  -0.54244303224338E+04
 0.44103620510795816E+00   0.14681339527142E-01  -0.50212347731722E+04
 0.44494706118444799E+00   0.15763946616981E-01  -0.46469875414223E+04
 0.44864023004151854E+00   0.16924165978315E-01  -0.42995618300177E+04
 0.45212437943760930E+00   0.18167554718499E-01  -0.39770022265868E+04
 0.45540817975021131E+00   0.19500066809896E-01  -0.36775087720045E+04
 0.45850026507260599E+00   0.20928081279553E-01  -0.33994219562061E+04
 0.46140920614699116E+00   0.22458432378533E-01  -0.31412087648012E+04
 0.46414348769644842E+00   0.24098441866553E-01  -0.29014502370710E+04
 0.46671148080982838E+00   0.25855953556357E-01  -0.26788311194984E+04
 0.46912140399090818E+00   0.27739370271550E-01  -0.24721319106653E+04
 0.47138127391697277E+00   0.29757693381404E-01  -0.22802229663413E+04
 0.47349885452638940E+00   0.31920565086455E-01  -0.21020597513996E+04
 0.47548161588581850E+00   0.34238313639551E-01  -0.19366781732444E+04
 0.47733671121188764E+00   0.36722001698414E-01  -0.17831892595018E+04
 0.47907097427485063E+00   0.39383478017693E-01  -0.16407729830066E+04
 0.48069093380508859E+00   0.42235432700963E-01  -0.15086714909068E+04
 0.48220283826966370E+00   0.45291456246181E-01  -0.13861822329023E+04
 0.48361268342593666E+00   0.48566102631601E-01  -0.12726515318379E+04
 0.48492623562855974E+00   0.52074956703276E-01  -0.11674690724475E+04
 0.48614904538648379E+00   0.55834706139791E-01  -0.10700636520623E+04
 0.48728644799341519E+00   0.59863218284852E-01  -0.97990035252175E+03
 0.48834355135375745E+00   0.64179622153785E-01  -0.89647904154255E+03
 0.48932521556322039E+00   0.68804395935657E-01  -0.81933378071498E+03
 0.49023603392310700E+00   0.73759460328728E-01  -0.74803234123002E+03
 0.49108032862792994E+00   0.79068278063012E-01  -0.68217477986194E+03
 0.49186217142118116E+00   0.84755959979821E-01  -0.62139028324603E+03
 0.49258542529304006E+00   0.90849378054143E-01  -0.56533260139298E+03
 0.49325378312951140E+00   0.97377285761297E-01  -0.51367593101000E+03
 0.49387077428786474E+00   0.10437044620442E+00  -0.46611344607607E+03
 0.49443973547378689E+00   0.11186176843355E+00  -0.42235868711986E+03
 0.49496377638138994E+00   0.11988645240026E+00  -0.38214742025659E+03
 0.49544577609760193E+00   0.12848214300340E+00  -0.34523720453473E+03
 0.49588842083700124E+00   0.13768909369134E+00  -0.31140388914926E+03
 0.49629426563168283E+00   0.14755034009334E+00  -0.28043639223386E+03
 0.49666579140661399E+00   0.15811188415740E+00  -0.25213193764363E+03
 0.49700543327245755E+00   0.16942288927237E+00  -0.22629356360780E+03
 0.49731556822704592E+00   0.18153588684917E+00  -0.20273076487812E+03
 0.49759846628170279E+00   0.19450699482699E+00  -0.18126293126060E+03
 0.49785622700426591E+00   0.20839614855590E+00  -0.16172389623084E+03
 0.49809074009823234E+00   0.22326734448556E+00  -0.14396467028913E+03
 0.49830370801805823E+00   0.23918889705942E+00  -0.12785150175113E+03
 0.49849672368344278E+00   0.25623370917446E+00  -0.11325981564213E+03
 0.49867132560935457E+00   0.27447955651526E+00  -0.10006991048331E+03
 0.49882896332339660E+00   0.29400938600797E+00  -0.88169459554081E+02
 0.49897092057961062E+00   0.31491162856155E+00  -0.77459198754167E+02
 0.49909829405462081E+00   0.33728052616913E+00  -0.67854427561468E+02
 0.49921205097011628E+00   0.36121647332923E+00  -0.59280575033805E+02
 0.49931311876466844E+00   0.38682637261280E+00  -0.51666378206606E+02
 0.49940245607519890E+00   0.41422400404472E+00  -0.44938493025961E+02
 0.49948108090266063E+00   0.44353040778554E+00  -0.39019343155118E+02
 0.49955005586316337E+00   0.47487427938818E+00  -0.33828203013545E+02
 0.49961044444489666E+00   0.50839237666158E+00  -0.29284461081689E+02
 0.49966325804565320E+00   0.54422993689737E+00  -0.25311574183857E+02
 0.49970941348775133E+00   0.58254110290335E+00  -0.21840232872969E+02
 0.49974971530126633E+00   0.62348935593563E+00  -0.18809666146689E+02
 0.49978486532441657E+00   0.66724795322943E+00  -0.16166896518370E+02
 0.49981548601218206E+00   0.71400036739287E+00  -0.13864969872006E+02
 0.49984213575115233E+00   0.76394072444865E+00  -0.11861790978421E+02
 0.49986530755500796E+00   0.81727423678444E+00  -0.10120211368525E+02
 0.49988542334053421E+00   0.87421762670440E+00  -0.86084512820450E+01
 0.49990283808169872E+00   0.93499953566278E+00  -0.72997808321393E+01
 0.49991785440865155E+00   0.99986091361083E+00  -0.61714178941680E+01
 0.49993073945204675E+00   0.10690553822024E+01  -0.52032587672983E+01
 0.49994173728605640E+00   0.11428495648913E+01  -0.43769406561714E+01
 0.49995107519982784E+00   0.12215233762238E+01  -0.36753685641144E+01
 0.49995896521764749E+00   0.13053702618907E+01  -0.30825995901483E+01
 0.49996560318424244E+00   0.13946973803820E+01  -0.25839104362102E+01
 0.49997116731210262E+00   0.14898257163832E+01  -0.21659055464219E+01
 0.49997581725818702E+00   0.15910901154124E+01  -0.18165856635852E+01
 0.49997969406379539E+00   0.16988392286241E+01  -0.15253517093611E+01
 0.49998292084609380E+00   0.18134353562483E+01  -0.12829523447118E+01
 0.49998560397191477E+00   0.19352541778144E+01  -0.10813954232089E+01
 0.49998783447406508E+00   0.20646843571704E+01  -0.91384132453964E+00
 0.49998968956563988E+00   0.22021270103889E+01  -0.77448900122771E+00
 0.49999123418335284E+00   0.23479950249930E+01  -0.65845990257679E+00
 0.49999252252052884E+00   0.25027122195788E+01  -0.56168271750187E+00
 0.49999359951078282E+00   0.26667123339008E+01  -0.48078185242378E+00
 0.49999450222044550E+00   0.28404378408543E+01  -0.41297278620885E+00
 0.49999526111452181E+00   0.30243385735729E+01  -0.35596694060409E+00
 0.49999590117588116E+00   0.32188701630746E+01  -0.30788758664371E+00
 0.49999644287315537E+00   0.34244922845610E+01  -0.26719712309736E+00
 0.49999690298402116E+00   0.36416667135785E+01  -0.23263522334558E+00
 0.49999729528580328E+00   0.38708551967931E+01  -0.20316695223479E+00
 0.49999763112631140E+00   0.41125171460457E+01  -0.17793988173174E+00
 0.49999791988711878E+00   0.43671071685993E+01  -0.15624928766341E+00
 0.49999816935121133E+00   0.46350724509653E+01  -0.13751053089924E+00
 0.49999838598798391E+00   0.49168500183013E+01  -0.12123764787126E+00
 0.49999857517052182E+00   0.52128638959647E+01  -0.10702702807765E+00
 0.49999874134171762E+00   0.55235222042457E+01  -0.94544935219421E-01
 0.49999888814571880E+00   0.58492142214126E+01  -0.83517632821801E-01
 0.49999901853888673E+00   0.61903074538070E+01  -0.73723048979879E-01
 0.49999913489032705E+00   0.65471447546554E+01  -0.64983224694842E-01
 0.49999923907728572E+00   0.69200415353393E+01  -0.57157147858021E-01
 0.49999933257656604E+00   0.73092831139412E+01  -0.50133886282870E-01
 0.49999941655037744E+00   0.77151222458371E+01  -0.43826138959584E-01
 0.49999949192386522E+00   0.81377768798438E+01  -0.38164412319214E-01
 0.49999955945168240E+00   0.85774281809213E+01  -0.33092019571605E-01
 0.49999961977188856E+00   0.90342188566791E+01  -0.28561032019825E-01
 0.49999967344672447E+00   0.95082518200100E+01  -0.24529216256632E-01
 0.49999972099106255E+00   0.99995892142010E+01  -0.20957897033648E-01
 0.49999976289033449E+00   0.10508251820010E+02  -0.17810610625241E-01
 0.49999979961033059E+00   0.11034218856679E+02  -0.15052368754752E-01
 0.49999983160140082E+00   0.11577428180921E+02  -0.12649342963710E-01
 0.49999985929930479E+00   0.12137776879844E+02  -0.10568800816330E-01
 0.49999988312437837E+00   0.12715122245837E+02  -0.87791684829526E-02
 0.49999990348002354E+00   0.13309283113941E+02  -0.72501441354973E-02
 0.49999992075097160E+00   0.13920041535339E+02  -0.59528284282937E-02
 0.49999993530143971E+00   0.14547144754655E+02  -0.48598629722347E-02
 0.49999994747321119E+00   0.15190307453807E+02  -0.39455745073544E-02
 0.49999995758373300E+00   0.15849214221413E+02  -0.31861178421408E-02
 0.49999996592441776E+00   0.16523522204246E+02  -0.25596033448618E-02
 0.49999997275938751E+00   0.17212863895965E+02  -0.20461913632568E-02
 0.49999997832485654E+00   0.17916850018301E+02  -0.16281385430030E-02
 0.49999998282926128E+00   0.18635072450965E+02  -0.12897880655691E-02
 0.49999998645413135E+00   0.19367107168599E+02  -0.10175042477414E-02
 0.49999998935560053E+00   0.20112517146046E+02  -0.79955903745521E-03
 0.49999999166639941E+00   0.20870855196793E+02  -0.62598229677313E-03
 0.49999999349815338E+00   0.21641666713578E+02  -0.48838924020655E-03
 0.49999999494381586E+00   0.22424492284561E+02  -0.37979763216400E-03
 0.49999999608009849E+00   0.23218870163075E+02  -0.29444523615352E-03
 0.49999999696979380E+00   0.24024338573573E+02  -0.22761535835958E-03
 0.49999999766392056E+00   0.24840437840854E+02  -0.17547571117449E-03
 0.49999999820365154E+00   0.25666712333901E+02  -0.13493356219518E-03
 0.49999999862201017E+00   0.26502712219579E+02  -0.10350836193629E-03
 0.49999999894533365E+00   0.27347995024993E+02  -0.79221763570558E-04
 0.49999999919451893E+00   0.28202127010389E+02  -0.60504101748737E-04
 0.49999999938606671E+00   0.29064684357170E+02  -0.46115892241794E-04
 0.49999999953295016E+00   0.29935254177814E+02  -0.35082679003651E-04
 0.49999999964532671E+00   0.30813435356248E+02  -0.26641462813615E-04
 0.49999999969932085E+00   0.31698839228624E+02  -0.22585673655762E-04
 0.50000000000000089E+00   0.32591090115412E+02   0.76117778746720E-10
 0.50000000000000089E+00   0.33489825716383E+02   0.74080297451928E-10
 0.50000000000000089E+00   0.34394697380382E+02   0.72134298534365E-10
 0.50000000000000089E+00   0.35305370261891E+02   0.70274452923513E-10
 0.50000000000000067E+00   0.36221523376224E+02   0.68498096084113E-10
 0.50000000000000067E+00   0.37142849564891E+02   0.66798566678017E-10
 0.50000000000000067E+00   0.38069055382202E+02   0.65174532437595E-10
 0.50000000000000067E+00   0.38999860913611E+02   0.63618443846281E-10
 0.50000000000000067E+00   0.39934999535663E+02   0.62128968636443E-10
 0.50000000000000067E+00   0.40874217626704E+02   0.60701443871380E-10
