 0.16328769594286965E+00   0.97578195523695E-18  -0.77447048412324E+05
 0.16331972610280870E+00   0.29483069282768E-04  -0.77424493748659E+05
 0.16342515654443979E+00   0.61082173640461E-04  -0.77350315286571E+05
 0.16361971287186228E+00   0.94949178290611E-04  -0.77213680848304E+05
 0.16392169552196076E+00   0.13124684686428E-03  -0.77002244679836E+05
 0.16435230808539786E+00   0.17014962340302E-03  -0.76702090909283E+05
 0.16493601692433324E+00   0.21184447044981E-03  -0.76297725207582E+05
 0.16570092642981396E+00   0.25653176725507E-03  -0.75772145038030E+05
 0.16667914460123426E+00   0.30442627240692E-03  -0.75107026766929E+05
 0.16790711992583349E+00   0.35575815550320E-03  -0.74283062047532E+05
 0.16942590481286457E+00   0.41077410281323E-03  -0.73280487459087E+05
 0.17128128540728230E+00   0.46973850223137E-03  -0.72079847939071E+05
 0.17352368887176148E+00   0.53293471320370E-03  -0.70663028776255E+05
 0.17620774535520042E+00   0.60066642771546E-03  -0.69014573243428E+05
 0.17939134151853448E+00   0.67325912886222E-03  -0.67123271372592E+05
 0.18313396240782526E+00   0.75106165399386E-03  -0.64983955966415E+05
 0.18749409165024833E+00   0.83444786992019E-03  -0.62599374111102E+05
 0.19252545150626357E+00   0.92381846820159E-03  -0.59981920496393E+05
 0.19827195377328649E+00   0.10196028891215E-02  -0.57154935545903E+05
 0.20476145097157550E+00   0.11222613835509E-02  -0.54153210454821E+05
 0.21199876934166412E+00   0.12322872225722E-02  -0.51022337176105E+05
 0.21995906689586503E+00   0.13502090654347E-02  -0.47816632994314E+05
 0.22858317181652243E+00   0.14765934971652E-02  -0.44595584537259E+05
 0.23777692688466576E+00   0.16120477479678E-02  -0.41419088520740E+05
 0.24741626446081760E+00   0.17572226074079E-02  -0.38342151661324E+05
 0.25735842220135141E+00   0.19128155473023E-02  -0.35410020671215E+05
 0.26745752796979749E+00   0.20795740682274E-02  -0.32654783058231E+05
 0.27758064655610371E+00   0.22582992856177E-02  -0.30094195301987E+05
 0.28761966433824426E+00   0.24498497725618E-02  -0.27732886344226E+05
 0.29749592398600655E+00   0.26551456776172E-02  -0.25565370637315E+05
 0.30715765855154226E+00   0.28751731372654E-02  -0.23579814899425E+05
 0.31657310159485791E+00   0.31109890040199E-02  -0.21761476333614E+05
 0.32572298974146280E+00   0.33637259126873E-02  -0.20095139822606E+05
 0.33459495169179054E+00   0.36345977088734E-02  -0.18566443493321E+05
 0.34318035292157656E+00   0.39249052655295E-02  -0.17162375484282E+05
 0.35147291910918138E+00   0.42360427151559E-02  -0.15871322665474E+05
 0.35946824184123610E+00   0.45695041272231E-02  -0.14682949185605E+05
 0.36716359263634901E+00   0.49268906624595E-02  -0.13588041177263E+05
 0.37455780801018990E+00   0.53099182378730E-02  -0.12578362978015E+05
 0.38165117998954690E+00   0.57204257387563E-02  -0.11646533126519E+05
 0.38844534147896559E+00   0.61603838164655E-02  -0.10785918571582E+05
 0.39494314736148428E+00   0.66319043134761E-02  -0.99905442222881E+04
 0.40114855359906221E+00   0.71372503601200E-02  -0.92550153033329E+04
 0.40706649646023185E+00   0.76788471905016E-02  -0.85744504359818E+04
 0.41270277369968628E+00   0.82592937283951E-02  -0.79444237455253E+04
 0.41806392919068569E+00   0.88813749974526E-02  -0.73609146020405E+04
 0.42315714218607903E+00   0.95480754138094E-02  -0.68202638478818E+04
 0.42799012206866838E+00   0.10262593023187E-01  -0.63191355650944E+04
 0.43257100915703378E+00   0.11028354748868E-01  -0.58544835983131E+04
 0.43690828186921482E+00   0.11849032721462E-01  -0.54235221808341E+04
 0.44101067032521668E+00   0.12728561766261E-01  -0.50237001186786E+04
 0.44488707630360758E+00   0.13671158129094E-01  -0.46526780733664E+04
 0.44854649937444491E+00   0.14681339527142E-01  -0.43083085511628E+04
 0.45199796903169043E+00   0.15763946616981E-01  -0.39886182560310E+04
 0.45525048276791957E+00   0.16924165978315E-01  -0.36917924958099E+04
 0.45831295029438857E+00   0.18167554718499E-01  -0.34161613464978E+04
 0.46119414451086760E+00   0.19500066809896E-01  -0.31601872797030E+04
 0.46390266031175709E+00   0.20928081279553E-01  -0.29224539498012E+04
 0.46644688269413864E+00   0.22458432378533E-01  -0.27016558362174E+04
 0.46883496554691817E+00   0.24098441866553E-01  -0.24965884720673E+04
 0.47107482145888419E+00   0.25855953556357E-01  -0.23061391008312E+04
 0.47317412059155251E+00   0.27739370271550E-01  -0.21292778068376E+04
 0.47514029362776655E+00   0.29757693381404E-01  -0.19650494157388E+04
 0.47698053174880239E+00   0.31920565086455E-01  -0.18125666166884E+04
 0.47870177769263489E+00   0.34238313639551E-01  -0.16710046512266E+04
 0.48031070678696874E+00   0.36722001698414E-01  -0.15395975168313E+04
 0.48181370300822279E+00   0.39383478017693E-01  -0.14176351563519E+04
 0.48321683869689880E+00   0.42235432700963E-01  -0.13044608577899E+04
 0.48452586555320920E+00   0.45291456246181E-01  -0.11994682123548E+04
 0.48574622023183006E+00   0.48566102631601E-01  -0.11020973486898E+04
 0.48688304307571439E+00   0.52074956703276E-01  -0.10118305459010E+04
 0.48794120526516921E+00   0.55834706139791E-01  -0.92818757642209E+03
 0.48892533834216412E+00   0.59863218284852E-01  -0.85072121873829E+03
 0.48983986024778448E+00   0.64179622153785E-01  -0.77901335366075E+03
 0.49068899316020465E+00   0.68804395935657E-01  -0.71267196114168E+03
 0.49147677031161957E+00   0.73759460328728E-01  -0.65132918650070E+03
 0.49220703164098500E+00   0.79068278063012E-01  -0.59464044163295E+03
 0.49288341170467920E+00   0.84755959979821E-01  -0.54228424017833E+03
 0.49350932740047881E+00   0.90849378054143E-01  -0.49396215989971E+03
 0.49408797613355154E+00   0.97377285761297E-01  -0.44939810470018E+03
 0.49462235331143861E+00   0.10437044620442E+00  -0.40833618731427E+03
 0.49511528745889927E+00   0.11186176843355E+00  -0.37053737304279E+03
 0.49556947492627929E+00   0.11988645240026E+00  -0.33577626512274E+03
 0.49598749016767951E+00   0.12848214300340E+00  -0.30383984785695E+03
 0.49637176579182885E+00   0.13768909369134E+00  -0.27452859439585E+03
 0.49672456476858573E+00   0.14755034009334E+00  -0.24765820525086E+03
 0.49704797470478368E+00   0.15811188415740E+00  -0.22305969761621E+03
 0.49734393541633687E+00   0.16942288927237E+00  -0.20057700746860E+03
 0.49761428795198992E+00   0.18153588684917E+00  -0.18006301808716E+03
 0.49786082284899369E+00   0.19450699482699E+00  -0.16137570097028E+03
 0.49808530783379434E+00   0.20839614855590E+00  -0.14437585599594E+03
 0.49828948400049150E+00   0.22326734448556E+00  -0.12892726269597E+03
 0.49847503046376718E+00   0.23918889705942E+00  -0.11489922585922E+03
 0.49864350960293136E+00   0.25623370917446E+00  -0.10217058880598E+03
 0.49879631830336979E+00   0.27447955651526E+00  -0.90633293206782E+02
 0.49893468012290526E+00   0.29400938600797E+00  -0.80192856118987E+02
 0.49905969923054494E+00   0.31491162856155E+00  -0.70764205361635E+02
 0.49917243955712937E+00   0.33728052616913E+00  -0.62265641611493E+02
 0.49927394451898927E+00   0.36121647332923E+00  -0.54617302795098E+02
 0.49936517460543045E+00   0.38682637261280E+00  -0.47745822902832E+02
 0.49944694386023103E+00   0.41422400404472E+00  -0.41589069264427E+02
 0.49951992336858042E+00   0.44353040778554E+00  -0.36095835180804E+02
 0.49958469859302895E+00   0.47487427938818E+00  -0.31221489436564E+02
 0.49964183480016955E+00   0.50839237666158E+00  -0.26923030006228E+02
 0.49969192029626386E+00   0.54422993689737E+00  -0.23155816750298E+02
 0.49973557945059055E+00   0.58254110290335E+00  -0.19872580994420E+02
 0.49977346096141351E+00   0.62348935593563E+00  -0.17024297730788E+02
 0.49980621232607614E+00   0.66724795322943E+00  -0.14562094436727E+02
 0.49983445203451493E+00   0.71400036739287E+00  -0.12439330411350E+02
 0.49985874854977336E+00   0.76394072444865E+00  -0.10613166096501E+02
 0.49987961076910026E+00   0.81727423678444E+00  -0.90452705225805E+01
 0.49989748931069905E+00   0.87421762670440E+00  -0.77017167319172E+01
 0.49991278339672807E+00   0.93499953566278E+00  -0.65524583532566E+01
 0.49992584705148024E+00   0.99986091361083E+00  -0.55708591242283E+01
 0.49993699187944474E+00   0.10690553822024E+01  -0.47334805339034E+01
 0.49994648837248418E+00   0.11428495648913E+01  -0.40199808138755E+01
 0.49995456884632272E+00   0.12215233762238E+01  -0.34128921653320E+01
 0.49996143275357263E+00   0.13053702618907E+01  -0.28972199779455E+01
 0.49996725283442522E+00   0.13946973803820E+01  -0.24599795588124E+01
 0.49997218027627044E+00   0.14898257163832E+01  -0.20898076524946E+01
 0.49997634803547797E+00   0.15910901154124E+01  -0.17767122667262E+01
 0.49997987248845621E+00   0.16988392286241E+01  -0.15119481734903E+01
 0.49998285409677257E+00   0.18134353562483E+01  -0.12879665926628E+01
 0.49998537784202296E+00   0.19352541778144E+01  -0.10983822588525E+01
 0.49998751402763181E+00   0.20646843571704E+01  -0.93791299169823E+00
 0.49998931982421380E+00   0.22021270103889E+01  -0.80226346382883E+00
 0.49999084170220498E+00   0.23479950249930E+01  -0.68794236094845E+00
 0.49999211858256681E+00   0.25027122195788E+01  -0.59202563513272E+00
 0.49999318507250984E+00   0.26667123339008E+01  -0.51191339672681E+00
 0.49999407374556093E+00   0.28404378408543E+01  -0.44515860976524E+00
 0.49999481564165327E+00   0.30243385735729E+01  -0.38942950440606E+00
 0.49999543920157108E+00   0.32188701630746E+01  -0.34258960076465E+00
 0.49999596881726466E+00   0.34244922845610E+01  -0.30280659010965E+00
 0.49999642409043810E+00   0.36416667135785E+01  -0.26860801545234E+00
 0.49999682005523610E+00   0.38708551967931E+01  -0.23886453517644E+00
 0.49999716799131233E+00   0.41125171460457E+01  -0.21272884212592E+00
 0.49999747636507008E+00   0.43671071685993E+01  -0.18956495700458E+00
 0.49999775162757165E+00   0.46350724509653E+01  -0.16888828992950E+00
 0.49999799879021689E+00   0.49168500183013E+01  -0.15032239606608E+00
 0.49999822180391157E+00   0.52128638959647E+01  -0.13357049293147E+00
 0.49999842380061832E+00   0.55235222042457E+01  -0.11839731534649E+00
 0.49999860725318257E+00   0.58492142214126E+01  -0.10461710955376E+00
 0.49999877409395205E+00   0.61903074538070E+01  -0.92084722565954E-01
 0.49999892581642014E+00   0.65471447546554E+01  -0.80687966975939E-01
 0.49999906357111434E+00   0.69200415353393E+01  -0.70340417976698E-01
 0.49999918825814410E+00   0.73092831139412E+01  -0.60974461491666E-01
 0.49999930061376868E+00   0.77151222458371E+01  -0.52534791443406E-01
 0.49999940128626807E+00   0.81377768798438E+01  -0.44972710613182E-01
 0.49999949089646734E+00   0.85774281809213E+01  -0.38241584296230E-01
 0.49999957007977913E+00   0.90342188566791E+01  -0.32293682181437E-01
 0.49999963950897464E+00   0.95082518200100E+01  -0.27078467951589E-01
 0.49999969989947129E+00   0.99995892142010E+01  -0.22542202013820E-01
 0.49999975200117058E+00   0.10508251820010E+02  -0.18628554625449E-01
 0.49999979658222193E+00   0.11034218856679E+02  -0.15279825444176E-01
 0.49999983441017992E+00   0.11577428180921E+02  -0.12438358909608E-01
 0.49999986623483927E+00   0.12137776879844E+02  -0.10047833593775E-01
 0.49999989277503409E+00   0.12715122245837E+02  -0.80542537352439E-02
 0.49999991470966265E+00   0.13309283113941E+02  -0.64066234388882E-02
 0.49999993267188564E+00   0.13920041535339E+02  -0.50573824363909E-02
 0.49999994724516034E+00   0.14547144754655E+02  -0.39627040002390E-02
 0.49999995896025101E+00   0.15190307453807E+02  -0.30827194624603E-02
 0.49999996829305993E+00   0.15849214221413E+02  -0.23816811741906E-02
 0.49999997566357857E+00   0.16523522204246E+02  -0.18280412704312E-02
 0.49999998143632518E+00   0.17212863895965E+02  -0.13944187574237E-02
 0.49999998592241879E+00   0.17916850018301E+02  -0.10574437915771E-02
 0.49999998938313794E+00   0.18635072450965E+02  -0.79749030577014E-03
 0.49999999203459511E+00   0.19367107168599E+02  -0.59832490967482E-03
 0.49999999405305984E+00   0.20112517146046E+02  -0.44670702215965E-03
 0.49999999558048630E+00   0.20870855196793E+02  -0.33197369909743E-03
 0.49999999672988599E+00   0.21641666713578E+02  -0.24563603572636E-03
 0.49999999759029978E+00   0.22424492284561E+02  -0.18100567526469E-03
 0.49999999823122787E+00   0.23218870163075E+02  -0.13286207954133E-03
 0.49999999870645878E+00   0.24024338573573E+02  -0.97164900974889E-04
 0.49999999905730003E+00   0.24840437840854E+02  -0.70811310967756E-04
 0.49999999931524969E+00   0.25666712333901E+02  -0.51435305649772E-04
 0.49999999950416996E+00   0.26502712219579E+02  -0.37244482864907E-04
 0.49999999964202890E+00   0.27347995024993E+02  -0.26889153017962E-04
 0.49999999969931985E+00   0.28202127010389E+02  -0.22585747332382E-04
 0.50000000000000000E+00   0.29064684357170E+02   0.44453329905991E-11
 0.50000000000000000E+00   0.29935254177814E+02   0.43192116550017E-11
 0.50000000000000000E+00   0.30813435356248E+02   0.41970871222929E-11
 0.50000000000000000E+00   0.31698839228624E+02   0.40794034816827E-11
 0.50000000000000000E+00   0.32591090115412E+02   0.39679370900103E-11
 0.50000000000000000E+00   0.33489825716383E+02   0.38613556796463E-11
 0.50000000000000000E+00   0.34394697380382E+02   0.37601033398005E-11
 0.50000000000000000E+00   0.35305370261891E+02   0.36630698474482E-11
 0.50000000000000000E+00   0.36221523376224E+02   0.35702552025896E-11
 0.50000000000000000E+00   0.37142849564891E+02   0.34818814498294E-11
 0.50000000000000000E+00   0.38069055382202E+02   0.33975044999579E-11
 0.50000000000000000E+00   0.38999860913611E+02   0.33160141299504E-11
 0.50000000000000000E+00   0.39934999535663E+02   0.32385205628316E-11
 0.50000000000000000E+00   0.40874217626704E+02   0.31639135755768E-11
