 0.29604424720916889E+00   0.97578195523695E-18  -0.25874899957563E+05
 0.29607933806085568E+00   0.29483069282768E-04  -0.25867382023134E+05
 0.29619479635094409E+00   0.61082173640461E-04  -0.25842658580312E+05
 0.29640770671146449E+00   0.94949178290611E-04  -0.25797117929640E+05
 0.29673778072235185E+00   0.13124684686428E-03  -0.25726645645717E+05
 0.29720761590837252E+00   0.17014962340302E-03  -0.25626603704205E+05
 0.29784293329190664E+00   0.21184447044981E-03  -0.25491827613220E+05
 0.29867276693628736E+00   0.25653176725507E-03  -0.25316650459879E+05
 0.29972956805302481E+00   0.30442627240692E-03  -0.25094964901507E+05
 0.30104917573062706E+00   0.35575815550320E-03  -0.24820335421224E+05
 0.30267058841228006E+00   0.41077410281323E-03  -0.24486174812351E+05
 0.30463545257766667E+00   0.46973850223137E-03  -0.24085998646506E+05
 0.30698716570748197E+00   0.53293471320370E-03  -0.23613769235067E+05
 0.30976947470435734E+00   0.60066642771546E-03  -0.23064334802144E+05
 0.31302444505114679E+00   0.67325912886222E-03  -0.22433959028342E+05
 0.31678969185194605E+00   0.75106165399386E-03  -0.21720919668226E+05
 0.32109481844109139E+00   0.83444786992019E-03  -0.20926132332212E+05
 0.32595712270958693E+00   0.92381846820159E-03  -0.20053728207049E+05
 0.33137682560030968E+00   0.10196028891215E-02  -0.19111486722475E+05
 0.33733235579762733E+00   0.11222613835509E-02  -0.18111003870378E+05
 0.34377655794978734E+00   0.12322872225722E-02  -0.17067475529952E+05
 0.35063498341449195E+00   0.13502090654347E-02  -0.15999005682310E+05
 0.35780750043238629E+00   0.14765934971652E-02  -0.14925421130492E+05
 0.36517411153752655E+00   0.16120477479678E-02  -0.13866685150317E+05
 0.37260495141887862E+00   0.17572226074079E-02  -0.12841130872419E+05
 0.37997307355115612E+00   0.19128155473023E-02  -0.11863838019721E+05
 0.38716731100351887E+00   0.20795740682274E-02  -0.10945499895574E+05
 0.39410196361336342E+00   0.22582992856177E-02  -0.10092032805737E+05
 0.40072087578407822E+00   0.24498497725618E-02  -0.93049772269573E+04
 0.40699546152422716E+00   0.26551456776172E-02  -0.85825021435737E+04
 0.41291841726076894E+00   0.28751731372654E-02  -0.79206606117612E+04
 0.41849602924687512E+00   0.31109890040199E-02  -0.73145358133170E+04
 0.42374160764918695E+00   0.33637259126873E-02  -0.67590534423740E+04
 0.42867119938240561E+00   0.36345977088734E-02  -0.62494235587093E+04
 0.43330139999887873E+00   0.39249052655295E-02  -0.57813061851997E+04
 0.43764848122815625E+00   0.42360427151559E-02  -0.53508275650090E+04
 0.44172812173803411E+00   0.45695041272231E-02  -0.49545397027749E+04
 0.44555534431916488E+00   0.49268906624595E-02  -0.45893686329633E+04
 0.44914450738161943E+00   0.53099182378730E-02  -0.42525665345963E+04
 0.45250930944355927E+00   0.57204257387563E-02  -0.39416704451446E+04
 0.45566279835307555E+00   0.61603838164655E-02  -0.36544670524130E+04
 0.45861738366406141E+00   0.66319043134761E-02  -0.33889626062584E+04
 0.46138485153459335E+00   0.71372503601200E-02  -0.31433571034815E+04
 0.46397638165374189E+00   0.76788471905016E-02  -0.29160220507185E+04
 0.46640256576393369E+00   0.82592937283951E-02  -0.27054812362644E+04
 0.46867342739928658E+00   0.88813749974526E-02  -0.25103940429409E+04
 0.47079844250951508E+00   0.95480754138094E-02  -0.23295409154780E+04
 0.47278656068414859E+00   0.10262593023187E-01  -0.21618106616438E+04
 0.47464622673298157E+00   0.11028354748868E-01  -0.20061893197538E+04
 0.47638540241595995E+00   0.11849032721462E-01  -0.18617503687703E+04
 0.47801158814924771E+00   0.12728561766261E-01  -0.17276460929101E+04
 0.47953184454415698E+00   0.13671158129094E-01  -0.16030999420817E+04
 0.48095281366210485E+00   0.14681339527142E-01  -0.14873997537773E+04
 0.48228073989193909E+00   0.15763946616981E-01  -0.13798917222334E+04
 0.48352149037594738E+00   0.16924165978315E-01  -0.12799750175176E+04
 0.48468057492775646E+00   0.18167554718499E-01  -0.11870969713237E+04
 0.48576316539918440E+00   0.19500066809896E-01  -0.11007487581687E+04
 0.48677411446399499E+00   0.20928081279553E-01  -0.10204615107960E+04
 0.48771797379444043E+00   0.22458432378533E-01  -0.94580281723327E+03
 0.48859901161150310E+00   0.24098441866553E-01  -0.87637355440721E+03
 0.48942122959189821E+00   0.25855953556357E-01  -0.81180501970446E+03
 0.49018837911428048E+00   0.27739370271550E-01  -0.75175632757075E+03
 0.49090397682387926E+00   0.29757693381404E-01  -0.69591204329971E+03
 0.49157131948927740E+00   0.31920565086455E-01  -0.64398003068707E+03
 0.49219349811775137E+00   0.34238313639551E-01  -0.59568949428470E+03
 0.49277341128724783E+00   0.36722001698414E-01  -0.55078920061734E+03
 0.49331377764481094E+00   0.39383478017693E-01  -0.50904586591489E+03
 0.49381714751466982E+00   0.42235432700963E-01  -0.47024270060999E+03
 0.49428591355648915E+00   0.45291456246181E-01  -0.43417810294095E+03
 0.49472232041862019E+00   0.48566102631601E-01  -0.40066449529389E+03
 0.49512847334693771E+00   0.52074956703276E-01  -0.36952729712444E+03
 0.49550634574307928E+00   0.55834706139791E-01  -0.34060402699816E+03
 0.49585778572458339E+00   0.59863218284852E-01  -0.31374352290703E+03
 0.49618452183295619E+00   0.64179622153785E-01  -0.28880526388038E+03
 0.49648816817175967E+00   0.68804395935657E-01  -0.26565876645866E+03
 0.49677022943267574E+00   0.73759460328728E-01  -0.24418301708022E+03
 0.49703210645115520E+00   0.79068278063012E-01  -0.22426588829142E+03
 0.49727510303506234E+00   0.84755959979821E-01  -0.20580347972538E+03
 0.49750043466317573E+00   0.90849378054143E-01  -0.18869933656580E+03
 0.49770923905906939E+00   0.97377285761297E-01  -0.17286354346113E+03
 0.49790258757027495E+00   0.10437044620442E+00  -0.15821177337620E+03
 0.49808149512406658E+00   0.11186176843355E+00  -0.14466445815628E+03
 0.49824692617548588E+00   0.11988645240026E+00  -0.13214627378593E+03
 0.49839979526114253E+00   0.12848214300340E+00  -0.12058604222658E+03
 0.49854096316985863E+00   0.13768909369134E+00  -0.10991697071311E+03
 0.49867123180585721E+00   0.14755034009334E+00  -0.10007699443299E+03
 0.49879134116861679E+00   0.15811188415740E+00  -0.91008963534603E+02
 0.49890197052857543E+00   0.16942288927237E+00  -0.82660517895927E+02
 0.49900374397970160E+00   0.18153588684917E+00  -0.74983636571292E+02
 0.49909723915650289E+00   0.19450699482699E+00  -0.67933953642109E+02
 0.49918299733872973E+00   0.20839614855590E+00  -0.61469974242044E+02
 0.49926153321719646E+00   0.22326734448556E+00  -0.55552320305288E+02
 0.49933334293249987E+00   0.23918889705942E+00  -0.50143109828165E+02
 0.49939890941152099E+00   0.25623370917446E+00  -0.45205542230163E+02
 0.49945870442963380E+00   0.27447955651526E+00  -0.40703732094999E+02
 0.49951318720660876E+00   0.29400938600797E+00  -0.36602805084706E+02
 0.49956279971660900E+00   0.31491162856155E+00  -0.32869241954404E+02
 0.49960795929371671E+00   0.33728052616913E+00  -0.29471426591270E+02
 0.49964904963001183E+00   0.36121647332923E+00  -0.26380315380950E+02
 0.49968641207315917E+00   0.38682637261280E+00  -0.23570084444826E+02
 0.49972034045233465E+00   0.41422400404472E+00  -0.21018512051257E+02
 0.49975108420654168E+00   0.44353040778554E+00  -0.18706737514394E+02
 0.49977886411018602E+00   0.47487427938818E+00  -0.16618074131214E+02
 0.49980389785282919E+00   0.50839237666158E+00  -0.14736082848434E+02
 0.49982641991606930E+00   0.54422993689737E+00  -0.13043076155004E+02
 0.49984667802856264E+00   0.58254110290335E+00  -0.11520383304479E+02
 0.49986490891370655E+00   0.62348935593563E+00  -0.10150171692330E+02
 0.49988131510720640E+00   0.66724795322943E+00  -0.89171871708611E+01
 0.49989605797737452E+00   0.71400036739287E+00  -0.78092764269212E+01
 0.49990926508356393E+00   0.76394072444865E+00  -0.68168321753094E+01
 0.49992104307536139E+00   0.81727423678444E+00  -0.59318225529678E+01
 0.49993148955859124E+00   0.87421762670440E+00  -0.51468986593539E+01
 0.49994070119133749E+00   0.93499953566278E+00  -0.44547857084687E+01
 0.49994877766579848E+00   0.99986091361083E+00  -0.38479834801343E+01
 0.49995582228362812E+00   0.10690553822024E+01  -0.33187227822757E+01
 0.49996194017685835E+00   0.11428495648913E+01  -0.28590988150257E+01
 0.49996723524835507E+00   0.12215233762238E+01  -0.24613007298582E+01
 0.49997180677599579E+00   0.13053702618907E+01  -0.21178664523115E+01
 0.49997574642312881E+00   0.13946973803820E+01  -0.18219069961362E+01
 0.49997913617291723E+00   0.14898257163832E+01  -0.15672613988617E+01
 0.49998204748527952E+00   0.15910901154124E+01  -0.13485598490047E+01
 0.49998454176254903E+00   0.16988392286241E+01  -0.11611885404634E+01
 0.49998667196598096E+00   0.18134353562483E+01  -0.10011681138441E+01
 0.49998848490827835E+00   0.19352541778144E+01  -0.86498134990467E+00
 0.49999002342697385E+00   0.20646843571704E+01  -0.74940984041436E+00
 0.49999132759564813E+00   0.22021270103889E+01  -0.65144295458741E+00
 0.49999243462131748E+00   0.23479950249930E+01  -0.56828550993902E+00
 0.49999337788069137E+00   0.25027122195788E+01  -0.49743013619900E+00
 0.49999418598359402E+00   0.26667123339008E+01  -0.43672760388271E+00
 0.49999488248686114E+00   0.28404378408543E+01  -0.38440829565313E+00
 0.49999548631030133E+00   0.30243385735729E+01  -0.33905094555352E+00
 0.49999601254792109E+00   0.32188701630746E+01  -0.29952169177303E+00
 0.49999647333979153E+00   0.34244922845610E+01  -0.26490857757420E+00
 0.49999687860533670E+00   0.36416667135785E+01  -0.23446646434086E+00
 0.49999723657651896E+00   0.38708551967931E+01  -0.20757697729614E+00
 0.49999755415095676E+00   0.41125171460457E+01  -0.18372197829029E+00
 0.49999783711567908E+00   0.43671071685993E+01  -0.16246675665351E+00
 0.49999809029334075E+00   0.46350724509653E+01  -0.14344904484515E+00
 0.49999831765136077E+00   0.49168500183013E+01  -0.12637081954292E+00
 0.49999852240023751E+00   0.52128638959647E+01  -0.11099091596574E+00
 0.49999870709466626E+00   0.55235222042457E+01  -0.97117431841079E-01
 0.49999887374157448E+00   0.58492142214126E+01  -0.84599611847450E-01
 0.49999902391294504E+00   0.61903074538070E+01  -0.73319372619586E-01
 0.49999915885785401E+00   0.65471447546554E+01  -0.63182886657364E-01
 0.49999927960689189E+00   0.69200415353393E+01  -0.54112738623677E-01
 0.49999938706243668E+00   0.73092831139412E+01  -0.46041144270810E-01
 0.49999948206968331E+00   0.77151222458371E+01  -0.38904614952906E-01
 0.49999956546554358E+00   0.81377768798438E+01  -0.32640284496919E-01
 0.49999963810521914E+00   0.85774281809213E+01  -0.27183913055529E-01
 0.49999970086904127E+00   0.90342188566791E+01  -0.22469373365220E-01
 0.49999975465452867E+00   0.95082518200100E+01  -0.18429247260276E-01
 0.49999980035998315E+00   0.99995892142010E+01  -0.14996057904297E-01
 0.49999983886585730E+00   0.10508251820010E+02  -0.12103669320822E-01
 0.49999987101857646E+00   0.11034218856679E+02  -0.96885015872377E-02
 0.49999989761903052E+00   0.11577428180921E+02  -0.76903952953447E-02
 0.49999991941556787E+00   0.12137776879844E+02  -0.60531377375836E-02
 0.49999993709994839E+00   0.12715122245837E+02  -0.47247669556114E-02
 0.49999995130462582E+00   0.13309283113941E+02  -0.36577758294489E-02
 0.49999996260052726E+00   0.13920041535339E+02  -0.28092788335539E-02
 0.49999997149541209E+00   0.14547144754655E+02  -0.21411353730381E-02
 0.49999997843337773E+00   0.15190307453807E+02  -0.16199868352202E-02
 0.49999998379604477E+00   0.15849214221413E+02  -0.12171675956238E-02
 0.49999998790559086E+00   0.16523522204246E+02  -0.90847712719921E-03
 0.49999999102940851E+00   0.17212863895965E+02  -0.67383011947442E-03
 0.49999999338590229E+00   0.17916850018301E+02  -0.49682099464876E-03
 0.49999999515086085E+00   0.18635072450965E+02  -0.36424532184332E-03
 0.49999999646388987E+00   0.19367107168599E+02  -0.26561654434154E-03
 0.49999999743452128E+00   0.20112517146046E+02  -0.19270710871089E-03
 0.49999999814774998E+00   0.20870855196793E+02  -0.13913261373766E-03
 0.49999999866887052E+00   0.21641666713578E+02  -0.99988400248163E-04
 0.49999999904758546E+00   0.22424492284561E+02  -0.71541052840240E-04
 0.49999999932140937E+00   0.23218870163075E+02  -0.50972638620417E-04
 0.49999999951843721E+00   0.24024338573573E+02  -0.36172804957380E-04
 0.49999999965955655E+00   0.24840437840854E+02  -0.25572563397525E-04
 0.49999999969931963E+00   0.25666712333901E+02  -0.22585751817905E-04
 0.50000000000000000E+00   0.26502712219579E+02   0.89372953482325E-13
 0.50000000000000000E+00   0.27347995024993E+02   0.88484775062625E-13
 0.50000000000000000E+00   0.28202127010389E+02   0.86375351315837E-13
 0.50000000000000000E+00   0.29064684357170E+02   0.84154905266587E-13
 0.50000000000000000E+00   0.29935254177814E+02   0.81823436914874E-13
 0.50000000000000000E+00   0.30813435356248E+02   0.79491968563161E-13
 0.50000000000000000E+00   0.31698839228624E+02   0.77160500211448E-13
 0.50000000000000000E+00   0.32591090115412E+02   0.75162098767123E-13
 0.50000000000000000E+00   0.33489825716383E+02   0.73274719625260E-13
 0.50000000000000000E+00   0.34394697380382E+02   0.71276318180935E-13
 0.50000000000000000E+00   0.35305370261891E+02   0.69388939039072E-13
 0.50000000000000000E+00   0.36221523376224E+02   0.67723604502135E-13
 0.50000000000000000E+00   0.37142849564891E+02   0.66058269965197E-13
 0.50000000000000000E+00   0.38069055382202E+02   0.64503957730722E-13
 0.50000000000000000E+00   0.38999860913611E+02   0.62838623193784E-13
 0.50000000000000000E+00   0.39934999535663E+02   0.61506355564234E-13
 0.50000000000000000E+00   0.40874217626704E+02   0.59952043329758E-13
