 0.21532375894279920E-01   0.97578195523695E-18  -0.83456463231100E+06
 0.22130637537798141E-01   0.29483069282768E-04  -0.81098838456239E+06
 0.24108377217404678E-01   0.61082173640461E-04  -0.74137758451221E+06
 0.27750246684155162E-01   0.94949178290611E-04  -0.63915215474319E+06
 0.33226852447593949E-01   0.13124684686428E-03  -0.52761365043284E+06
 0.40383268647578720E-01   0.17014962340302E-03  -0.42745826648008E+06
 0.48716978930869362E-01   0.21184447044981E-03  -0.34791087251858E+06
 0.57694083678339267E-01   0.25653176725507E-03  -0.28793258885311E+06
 0.67023400843728459E-01   0.30442627240692E-03  -0.24262598766735E+06
 0.76613341402272161E-01   0.35575815550320E-03  -0.20755448175363E+06
 0.86438210296162596E-01   0.41077410281323E-03  -0.17969417108728E+06
 0.96481391363571381E-01   0.46973850223137E-03  -0.15707944519208E+06
 0.10672533777569761E+00   0.53293471320370E-03  -0.13839735087325E+06
 0.11715084395183974E+00   0.60066642771546E-03  -0.12273872862062E+06
 0.12773713224748554E+00   0.67325912886222E-03  -0.10945406722208E+06
 0.13846199633698786E+00   0.75106165399386E-03  -0.98066960218587E+05
 0.14930197101132844E+00   0.83444786992019E-03  -0.88220015677667E+05
 0.16023252558739293E+00   0.92381846820159E-03  -0.79639856762249E+05
 0.17122827776779451E+00   0.10196028891215E-02  -0.72113788902334E+05
 0.18226322414397000E+00   0.11222613835509E-02  -0.65473835328038E+05
 0.19331098297212754E+00   0.12322872225722E-02  -0.59585562021726E+05
 0.20434504443776647E+00   0.13502090654347E-02  -0.54340095597319E+05
 0.21533902336680966E+00   0.14765934971652E-02  -0.49648318157064E+05
 0.22626690925931478E+00   0.16120477479678E-02  -0.45436576549090E+05
 0.23710330861730511E+00   0.17572226074079E-02  -0.41643464307821E+05
 0.24782367480743128E+00   0.19128155473023E-02  -0.38217375908999E+05
 0.25840452112760104E+00   0.20795740682274E-02  -0.35114625392151E+05
 0.26882361331249399E+00   0.22582992856177E-02  -0.32297983017497E+05
 0.27906013838751009E+00   0.24498497725618E-02  -0.29735525433924E+05
 0.28909484753134485E+00   0.26551456776172E-02  -0.27399723668960E+05
 0.29891017139887366E+00   0.28751731372654E-02  -0.25266713435707E+05
 0.30849030715330211E+00   0.31109890040199E-02  -0.23315706575899E+05
 0.31782127722649650E+00   0.33637259126873E-02  -0.21528512753852E+05
 0.32689096053990840E+00   0.36345977088734E-02  -0.19889148003839E+05
 0.33568909755141735E+00   0.39249052655295E-02  -0.18383512239283E+05
 0.34420727102775334E+00   0.42360427151559E-02  -0.16999121922416E+05
 0.35243886486613535E+00   0.45695041272231E-02  -0.15724887160916E+05
 0.36037900359697567E+00   0.49268906624595E-02  -0.14550924820052E+05
 0.36802447539214339E+00   0.53099182378730E-02  -0.13468401011194E+05
 0.37537364148566321E+00   0.57204257387563E-02  -0.12469397681435E+05
 0.38242633489508754E+00   0.61603838164655E-02  -0.11546799086520E+05
 0.38918375122443422E+00   0.66319043134761E-02  -0.10694194755258E+05
 0.39564833414786482E+00   0.71372503601200E-02  -0.99057962031727E+04
 0.40182365793272135E+00   0.76788471905016E-02  -0.91763651674268E+04
 0.40771430907713524E+00   0.82592937283951E-02  -0.85011515447611E+04
 0.41332576882727090E+00   0.88813749974526E-02  -0.78758395423718E+04
 0.41866429801825622E+00   0.95480754138094E-02  -0.72965008158863E+04
 0.42373682536694390E+00   0.10262593023187E-01  -0.67595535819903E+04
 0.42855084005027699E+00   0.11028354748868E-01  -0.62617268657640E+04
 0.43311428914807309E+00   0.11849032721462E-01  -0.58000291816753E+04
 0.43743548033418145E+00   0.12728561766261E-01  -0.53717210576217E+04
 0.44152299009011498E+00   0.13671158129094E-01  -0.49742908967476E+04
 0.44538557772032916E+00   0.14681339527142E-01  -0.46054337338483E+04
 0.44903210560034218E+00   0.15763946616981E-01  -0.42630324828673E+04
 0.45247146640990754E+00   0.16924165978315E-01  -0.39451412904892E+04
 0.45571251857412443E+00   0.18167554718499E-01  -0.36499706123792E+04
 0.45876403163402280E+00   0.19500066809896E-01  -0.33758736255045E+04
 0.46163464348896677E+00   0.20928081279553E-01  -0.31213336087948E+04
 0.46433283087304456E+00   0.22458432378533E-01  -0.28849520074233E+04
 0.46686689249073388E+00   0.24098441866553E-01  -0.26654370843821E+04
 0.46924494093035374E+00   0.25855953556357E-01  -0.24615933493781E+04
 0.47147489608297188E+00   0.27739370271550E-01  -0.22723122262259E+04
 0.47356447187445400E+00   0.29757693381404E-01  -0.20965644697691E+04
 0.47552115168706555E+00   0.31920565086455E-01  -0.19333945275662E+04
 0.47735215484110827E+00   0.34238313639551E-01  -0.17819164749203E+04
 0.47906440269661510E+00   0.36722001698414E-01  -0.16413106897183E+04
 0.48066449440278891E+00   0.39383478017693E-01  -0.15108203752921E+04
 0.48215869880382534E+00   0.42235432700963E-01  -0.13897473736172E+04
 0.48355296338906217E+00   0.45291456246181E-01  -0.12774471842662E+04
 0.48485293648570649E+00   0.48566102631601E-01  -0.11733234744980E+04
 0.48606399640933001E+00   0.52074956703276E-01  -0.10768225449052E+04
 0.48719128077326429E+00   0.55834706139791E-01  -0.98742823617484E+03
 0.48823970992263988E+00   0.59863218284852E-01  -0.90465768851617E+03
 0.48921400004842741E+00   0.64179622153785E-01  -0.82805823469790E+03
 0.49011866387787156E+00   0.68804395935657E-01  -0.75720552624935E+03
 0.49095800008810242E+00   0.73759460328728E-01  -0.69170274730463E+03
 0.49173607681213444E+00   0.79068278063012E-01  -0.63118045646546E+03
 0.49245671909536648E+00   0.84755959979821E-01  -0.57529626797204E+03
 0.49312351231635965E+00   0.90849378054143E-01  -0.52373343791304E+03
 0.49373982854322213E+00   0.97377285761297E-01  -0.47619782721244E+03
 0.49430886757173698E+00   0.10437044620442E+00  -0.43241388735927E+03
 0.49483368760943613E+00   0.11186176843355E+00  -0.39212158390120E+03
 0.49531720288562830E+00   0.11988645240026E+00  -0.35507596305347E+03
 0.49576215355100883E+00   0.12848214300340E+00  -0.32104890306056E+03
 0.49617107979858832E+00   0.13768909369134E+00  -0.28983058376047E+03
 0.49654632848079300E+00   0.14755034009334E+00  -0.26122852455091E+03
 0.49689009453587257E+00   0.15811188415740E+00  -0.23506403756635E+03
 0.49720447776700416E+00   0.16942288927237E+00  -0.21116758963383E+03
 0.49749152982038070E+00   0.18153588684917E+00  -0.18937497780022E+03
 0.49775327242683198E+00   0.19450699482699E+00  -0.16952573447818E+03
 0.49799167935129840E+00   0.20839614855590E+00  -0.15146430987735E+03
 0.49820862786736902E+00   0.22326734448556E+00  -0.13504357078114E+03
 0.49840584039606972E+00   0.23918889705942E+00  -0.12012904386366E+03
 0.49858485074551001E+00   0.25623370917446E+00  -0.10660130264953E+03
 0.49874702849108865E+00   0.27447955651526E+00  -0.94353978656157E+02
 0.49889365428696386E+00   0.29400938600797E+00  -0.83287959212490E+02
 0.49902597332141951E+00   0.31491162856155E+00  -0.73307269813277E+02
 0.49914516322017100E+00   0.33728052616913E+00  -0.64321427750516E+02
 0.49925225998837797E+00   0.36121647332923E+00  -0.56250958136031E+02
 0.49934813272747430E+00   0.38682637261280E+00  -0.49029232025914E+02
 0.49943352920453510E+00   0.41422400404472E+00  -0.42598977302239E+02
 0.49950915110775329E+00   0.44353040778554E+00  -0.36906572099728E+02
 0.49957571568568876E+00   0.47487427938818E+00  -0.31897379132680E+02
 0.49963398413025006E+00   0.50839237666158E+00  -0.27513591743299E+02
 0.49968475684765096E+00   0.54422993689737E+00  -0.23694573932346E+02
 0.49972884618138497E+00   0.58254110290335E+00  -0.20378895813361E+02
 0.49976704059462340E+00   0.62348935593563E+00  -0.17507010055018E+02
 0.49980007321063080E+00   0.66724795322943E+00  -0.15023600257810E+02
 0.49982860341095336E+00   0.71400036739287E+00  -0.12878948672582E+02
 0.49985321383709391E+00   0.76394072444865E+00  -0.11029148195201E+02
 0.49987441816626554E+00   0.81727423678444E+00  -0.94355072302241E+01
 0.49989267091660650E+00   0.87421762670440E+00  -0.80638045719912E+01
 0.49990837289194107E+00   0.93499953566278E+00  -0.68838739878417E+01
 0.49992187277986533E+00   0.99986091361083E+00  -0.58694793114618E+01
 0.49993346951841244E+00   0.10690553822024E+01  -0.49981328696255E+01
 0.49994341804214737E+00   0.11428495648913E+01  -0.42506608848147E+01
 0.49995193715623748E+00   0.12215233762238E+01  -0.36106097508603E+01
 0.49995921691395451E+00   0.13053702618907E+01  -0.30636902129003E+01
 0.49996542392797505E+00   0.13946973803820E+01  -0.25973772121907E+01
 0.49997070458045123E+00   0.14898257163832E+01  -0.22006678902895E+01
 0.49997518697136201E+00   0.15910901154124E+01  -0.18639345901140E+01
 0.49997898255710554E+00   0.16988392286241E+01  -0.15788012811846E+01
 0.49998218807421096E+00   0.18134353562483E+01  -0.13379986851674E+01
 0.49998488781941397E+00   0.19352541778144E+01  -0.11351927247982E+01
 0.49998715591585485E+00   0.20646843571704E+01  -0.96481408833372E+00
 0.49998905804719584E+00   0.22021270103889E+01  -0.82192781800887E+00
 0.49999065237690793E+00   0.23479950249930E+01  -0.70216414645652E+00
 0.49999198981688786E+00   0.25027122195788E+01  -0.60169823776751E+00
 0.49999311410871217E+00   0.26667123339008E+01  -0.51724402273772E+00
 0.49999406212368180E+00   0.28404378408543E+01  -0.44603161459526E+00
 0.49999486450526587E+00   0.30243385735729E+01  -0.38575901696542E+00
 0.49999554653601086E+00   0.32188701630746E+01  -0.33452698043123E+00
 0.49999612903803747E+00   0.34244922845610E+01  -0.29077134352940E+00
 0.49999662916873400E+00   0.36416667135785E+01  -0.25320325145733E+00
 0.49999706105899955E+00   0.38708551967931E+01  -0.22076120554228E+00
 0.49999743630432592E+00   0.41125171460457E+01  -0.19257416955927E+00
 0.49999776434701093E+00   0.43671071685993E+01  -0.16793285544077E+00
 0.49999805279029641E+00   0.46350724509653E+01  -0.14626612374984E+00
 0.49999830767520653E+00   0.49168500183013E+01  -0.12712018679999E+00
 0.49999853373776398E+00   0.52128638959647E+01  -0.11013928626457E+00
 0.49999873465306732E+00   0.55235222042457E+01  -0.95047358141018E-01
 0.49999891326517371E+00   0.58492142214126E+01  -0.81630764292880E-01
 0.49999907179776865E+00   0.61903074538070E+01  -0.69722467352456E-01
 0.49999921203938019E+00   0.65471447546554E+01  -0.59188117904831E-01
 0.49999933549748254E+00   0.69200415353393E+01  -0.49914478711965E-01
 0.49999944351757925E+00   0.73092831139412E+01  -0.41800479566486E-01
 0.49999953736590141E+00   0.77151222458371E+01  -0.34751005249342E-01
 0.49999961827745337E+00   0.81377768798438E+01  -0.28673286505311E-01
 0.49999968747441331E+00   0.85774281809213E+01  -0.23475517791907E-01
 0.49999974616272796E+00   0.90342188566791E+01  -0.19067113031143E-01
 0.49999979551630858E+00   0.95082518200100E+01  -0.15359892727279E-01
 0.49999983665785663E+00   0.99995892142010E+01  -0.12269524148163E-01
 0.49999987064292650E+00   0.10508251820010E+02  -0.97167185028875E-02
 0.49999989845015047E+00   0.11034218856679E+02  -0.76279651286786E-02
 0.49999992097711771E+00   0.11577428180921E+02  -0.59358410281334E-02
 0.49999993903954176E+00   0.12137776879844E+02  -0.45790733680047E-02
 0.49999995337143943E+00   0.12715122245837E+02  -0.35025260611290E-02
 0.49999996462531149E+00   0.13309283113941E+02  -0.26571861552043E-02
 0.49999997337261054E+00   0.13920041535339E+02  -0.20001286933127E-02
 0.49999998010535596E+00   0.14547144754655E+02  -0.14943953838946E-02
 0.49999998523958272E+00   0.15190307453807E+02  -0.11087355563797E-02
 0.49999998912076693E+00   0.15849214221413E+02  -0.81719860868734E-03
 0.49999999203086087E+00   0.16523522204246E+02  -0.59860556035041E-03
 0.49999999419629010E+00   0.17212863895965E+02  -0.43594833971650E-03
 0.49999999579622695E+00   0.17916850018301E+02  -0.31576834546065E-03
 0.49999999697057068E+00   0.18635072450965E+02  -0.22755697928156E-03
 0.49999999782724702E+00   0.19367107168599E+02  -0.16320734509057E-03
 0.49999999844861387E+00   0.20112517146046E+02  -0.11653308079529E-03
 0.49999999889690194E+00   0.20870855196793E+02  -0.82859739240160E-04
 0.49999999921871141E+00   0.21641666713578E+02  -0.58686865013868E-04
 0.49999999944865453E+00   0.22424492284561E+02  -0.41414581703147E-04
 0.49999999961224539E+00   0.23218870163075E+02  -0.29126384931022E-04
 0.49999999969932041E+00   0.24024338573573E+02  -0.22585703782330E-04
 0.50000000000000044E+00   0.24840437840854E+02   0.46548098708854E-10
 0.50000000000000044E+00   0.25666712333901E+02   0.45051962160869E-10
 0.50000000000000044E+00   0.26502712219579E+02   0.43631764867769E-10
 0.50000000000000044E+00   0.27347995024993E+02   0.42283510026664E-10
 0.50000000000000044E+00   0.28202127010389E+02   0.41003200834666E-10
 0.50000000000000022E+00   0.29064684357170E+02   0.39786396399677E-10
 0.50000000000000022E+00   0.29935254177814E+02   0.38629544008018E-10
 0.50000000000000022E+00   0.30813435356248E+02   0.37529090946009E-10
 0.50000000000000022E+00   0.31698839228624E+02   0.36480152232343E-10
 0.50000000000000022E+00   0.32591090115412E+02   0.35481395599390E-10
 0.50000000000000022E+00   0.33489825716383E+02   0.34529268333472E-10
 0.50000000000000022E+00   0.34394697380382E+02   0.33621105899329E-10
 0.50000000000000022E+00   0.35305370261891E+02   0.32753799672491E-10
 0.50000000000000022E+00   0.36221523376224E+02   0.31925129206911E-10
 0.50000000000000022E+00   0.37142849564891E+02   0.31133318145748E-10
 0.50000000000000022E+00   0.38069055382202E+02   0.30376146042954E-10
 0.50000000000000022E+00   0.38999860913611E+02   0.29650948363269E-10
 0.50000000000000022E+00   0.39934999535663E+02   0.28957058972878E-10
 0.50000000000000022E+00   0.40874217626704E+02   0.28291147202708E-10
