 0.29038804735529548E-01   0.97578195523695E-18  -0.60912403000334E+06
 0.29832463178657575E-01   0.29483069282768E-04  -0.59191980390926E+06
 0.32451147502352708E-01   0.61082173640461E-04  -0.54112335802277E+06
 0.37253372781850543E-01   0.94949178290611E-04  -0.46652724083116E+06
 0.44426728876900121E-01   0.13124684686428E-03  -0.38513522517436E+06
 0.53714127033521269E-01   0.17014962340302E-03  -0.31204983769589E+06
 0.64408152150937495E-01   0.21184447044981E-03  -0.25400264958554E+06
 0.75784402051422242E-01   0.25653176725507E-03  -0.21023554630767E+06
 0.87452382607564896E-01   0.30442627240692E-03  -0.17717473018441E+06
 0.99285304235384342E-01   0.35575815550320E-03  -0.15158270121219E+06
 0.11124223704299671E+00   0.41077410281323E-03  -0.13125283823086E+06
 0.12329491454929732E+00   0.46973850223137E-03  -0.11475078415042E+06
 0.13541522475257034E+00   0.53293471320370E-03  -0.10111844369275E+06
 0.14757445111807696E+00   0.60066642771546E-03  -0.89692380554573E+05
 0.15974350637829535E+00   0.67325912886222E-03  -0.79998630425195E+05
 0.17189320944340114E+00   0.75106165399386E-03  -0.71689547795137E+05
 0.18399456468831041E+00   0.83444786992019E-03  -0.64504334859964E+05
 0.19601903743883636E+00   0.92381846820159E-03  -0.58243501515881E+05
 0.20793882011034392E+00   0.10196028891215E-02  -0.52751838792829E+05
 0.21972708378469688E+00   0.11222613835509E-02  -0.47906769179677E+05
 0.23135821050178648E+00   0.12322872225722E-02  -0.43610191915188E+05
 0.24280800218500179E+00   0.13502090654347E-02  -0.39782658241739E+05
 0.25405386287655085E+00   0.14765934971652E-02  -0.36359135256355E+05
 0.26507495179460072E+00   0.16120477479678E-02  -0.33285874859896E+05
 0.27585230559991858E+00   0.17572226074079E-02  -0.30518065471875E+05
 0.28636892913709822E+00   0.19128155473023E-02  -0.28018047325114E+05
 0.29660985475870327E+00   0.20795740682274E-02  -0.25753939596600E+05
 0.30656217111864509E+00   0.22582992856177E-02  -0.23698572592406E+05
 0.31621502300857351E+00   0.24498497725618E-02  -0.21828648714113E+05
 0.32555958438962351E+00   0.26551456776172E-02  -0.20124076975336E+05
 0.33458900723011387E+00   0.28751731372654E-02  -0.18567440565680E+05
 0.34329834909332169E+00   0.31109890040199E-02  -0.17143567412158E+05
 0.35168448262997581E+00   0.33637259126873E-02  -0.15839181200901E+05
 0.35974599022475096E+00   0.36345977088734E-02  -0.14642615785850E+05
 0.36748304703598722E+00   0.39249052655295E-02  -0.13543579928584E+05
 0.37489729556734908E+00   0.42360427151559E-02  -0.12532962297876E+05
 0.38199171473505295E+00   0.45695041272231E-02  -0.11602668895767E+05
 0.38877048616125637E+00   0.49268906624595E-02  -0.10745486770790E+05
 0.39523886014942822E+00   0.53099182378730E-02  -0.99549691715952E+04
 0.40140302349625012E+00   0.57204257387563E-02  -0.92253382885696E+04
 0.40726997098036510E+00   0.61603838164655E-02  -0.85514025017214E+04
 0.41284738205271415E+00   0.66319043134761E-02  -0.79284856546956E+04
 0.41814350394568578E+00   0.71372503601200E-02  -0.73523663475890E+04
 0.42316704212610501E+00   0.76788471905016E-02  -0.68192256152790E+04
 0.42792705874538306E+00   0.82592937283951E-02  -0.63256016557658E+04
 0.43243287949223191E+00   0.88813749974526E-02  -0.58683505115618E+04
 0.43669400903094102E+00   0.95480754138094E-02  -0.54446117994062E+04
 0.44072005501177186E+00   0.10262593023187E-01  -0.50517787394388E+04
 0.44452066046909533E+00   0.11028354748868E-01  -0.46874718620657E+04
 0.44810544427652516E+00   0.11849032721462E-01  -0.43495158749779E+04
 0.45148394920540214E+00   0.12728561766261E-01  -0.40359192586833E+04
 0.45466559703278997E+00   0.13671158129094E-01  -0.37448562299890E+04
 0.45765965006767001E+00   0.14681339527142E-01  -0.34746507717698E+04
 0.46047517841058383E+00   0.15763946616981E-01  -0.32237624760414E+04
 0.46312103223586953E+00   0.16924165978315E-01  -0.29907739871761E+04
 0.46560581839288684E+00   0.18167554718499E-01  -0.27743798638397E+04
 0.46793788067290554E+00   0.19500066809896E-01  -0.25733767021471E+04
 0.47012528319557173E+00   0.20928081279553E-01  -0.23866543783496E+04
 0.47217579655077624E+00   0.22458432378533E-01  -0.22131882763904E+04
 0.47409688660566524E+00   0.24098441866553E-01  -0.20520323631396E+04
 0.47589570625713240E+00   0.25855953556357E-01  -0.19023129622837E+04
 0.47757909084206340E+00   0.27739370271550E-01  -0.17632230600466E+04
 0.47915355828960854E+00   0.29757693381404E-01  -0.16340169621788E+04
 0.48062531515706702E+00   0.31920565086455E-01  -0.15140051321630E+04
 0.48200026906277260E+00   0.34238313639551E-01  -0.14025491038221E+04
 0.48328404643352985E+00   0.36722001698414E-01  -0.12990564977401E+04
 0.48448201217618664E+00   0.39383478017693E-01  -0.12029763572111E+04
 0.48559928605355307E+00   0.42235432700963E-01  -0.11137951607060E+04
 0.48664075093576453E+00   0.45291456246181E-01  -0.10310338302082E+04
 0.48761105149668299E+00   0.48566102631601E-01  -0.95424578437257E+03
 0.48851458680191207E+00   0.52074956703276E-01  -0.88301571002488E+03
 0.48935550352803553E+00   0.55834706139791E-01  -0.81695848515660E+03
 0.49013769628700832E+00   0.59863218284852E-01  -0.75571772739025E+03
 0.49086481836019402E+00   0.64179622153785E-01  -0.69896370278544E+03
 0.49154030227544820E+00   0.68804395935657E-01  -0.64639063495607E+03
 0.49216738684385175E+00   0.73759460328728E-01  -0.59771366952469E+03
 0.49274914599693176E+00   0.79068278063012E-01  -0.55266584118469E+03
 0.49328851467956675E+00   0.84755959979821E-01  -0.51099539131336E+03
 0.49378830765301385E+00   0.90849378054143E-01  -0.47246373419733E+03
 0.49425122802998361E+00   0.97377285761297E-01  -0.43684429432780E+03
 0.49467986360668414E+00   0.10437044620442E+00  -0.40392234273993E+03
 0.49507667066764943E+00   0.11186176843355E+00  -0.37349583948110E+03
 0.49544394726151647E+00   0.11988645240026E+00  -0.34537711540596E+03
 0.49578380179907633E+00   0.12848214300340E+00  -0.31939493708991E+03
 0.49609812950633364E+00   0.13768909369134E+00  -0.29539599551106E+03
 0.49638861842444004E+00   0.14755034009334E+00  -0.27324417054299E+03
 0.49665680858607741E+00   0.15811188415740E+00  -0.25281578808052E+03
 0.49690419823340515E+00   0.16942288927237E+00  -0.23399135920821E+03
 0.49713232771164839E+00   0.18153588684917E+00  -0.21664908365762E+03
 0.49734275947249129E+00   0.19450699482699E+00  -0.20066628491362E+03
 0.49753697394080487E+00   0.20839614855590E+00  -0.18592722558866E+03
 0.49771628386330347E+00   0.22326734448556E+00  -0.17232949415237E+03
 0.49788182354037697E+00   0.23918889705942E+00  -0.15978470607503E+03
 0.49803459179733850E+00   0.25623370917446E+00  -0.14821515013444E+03
 0.49817550703889879E+00   0.27447955651526E+00  -0.13754954659014E+03
 0.49830544870647048E+00   0.29400938600797E+00  -0.12771985764239E+03
 0.49842527709485535E+00   0.31491162856155E+00  -0.11865974973584E+03
 0.49853583354781073E+00   0.33728052616913E+00  -0.11030454676569E+03
 0.49863792753783509E+00   0.36121647332923E+00  -0.10259217714416E+03
 0.49873231841999444E+00   0.38682637261280E+00  -0.95464523775713E+02
 0.49881969887762179E+00   0.41422400404472E+00  -0.88868646691342E+02
 0.49890068492633893E+00   0.44353040778554E+00  -0.82757511924904E+02
 0.49897581452634260E+00   0.47487427938818E+00  -0.77090073276578E+02
 0.49904555415731655E+00   0.50839237666158E+00  -0.71830756799965E+02
 0.49911031079906343E+00   0.54422993689737E+00  -0.66948541443588E+02
 0.49917044597028282E+00   0.58254110290335E+00  -0.62415888237554E+02
 0.49922628874231817E+00   0.62348935593563E+00  -0.58207749940978E+02
 0.49927814559439032E+00   0.66724795322943E+00  -0.54300821172291E+02
 0.49932630615615942E+00   0.71400036739287E+00  -0.50673100100477E+02
 0.49937104498724455E+00   0.76394072444865E+00  -0.47303749719743E+02
 0.49941262053077523E+00   0.81727423678444E+00  -0.44173172561018E+02
 0.49945127322478400E+00   0.87421762670440E+00  -0.41263149184130E+02
 0.49948722486505559E+00   0.93499953566278E+00  -0.38556882776124E+02
 0.49952067984540655E+00   0.99986091361083E+00  -0.36038902820959E+02
 0.49955182681036014E+00   0.10690553822024E+01  -0.33694938174306E+02
 0.49958083921907331E+00   0.11428495648913E+01  -0.31511872459534E+02
 0.49960787542611657E+00   0.12215233762238E+01  -0.29477736105593E+02
 0.49963307963889186E+00   0.13053702618907E+01  -0.27581632674548E+02
 0.49965658347816766E+00   0.13946973803820E+01  -0.25813620069309E+02
 0.49967850725743379E+00   0.14898257163832E+01  -0.24164613126679E+02
 0.49969896105881806E+00   0.15910901154124E+01  -0.22626301702682E+02
 0.49971804589542068E+00   0.16988392286241E+01  -0.21191062417545E+02
 0.49973585487491062E+00   0.18134353562483E+01  -0.19851870445142E+02
 0.49975247441377946E+00   0.19352541778144E+01  -0.18602207613122E+02
 0.49976798400709110E+00   0.20646843571704E+01  -0.17436079212225E+02
 0.49978245865782578E+00   0.22021270103889E+01  -0.16347830906223E+02
 0.49979596778987578E+00   0.23479950249930E+01  -0.15332230101285E+02
 0.49980857619344965E+00   0.25027122195788E+01  -0.14384394545340E+02
 0.49982034433420836E+00   0.26667123339008E+01  -0.13499768813536E+02
 0.49983132864178281E+00   0.28404378408543E+01  -0.12674102380300E+02
 0.49984158177903204E+00   0.30243385735729E+01  -0.11903429171072E+02
 0.49985115289331250E+00   0.32188701630746E+01  -0.11184048494046E+02
 0.49986008785094627E+00   0.34244922845610E+01  -0.10512507259008E+02
 0.49986842945599708E+00   0.36416667135785E+01  -0.98855833966448E+01
 0.49987621765439394E+00   0.38708551967931E+01  -0.93002703975315E+01
 0.49988348972437041E+00   0.41125171460457E+01  -0.87537628954278E+01
 0.49989028045413159E+00   0.43671071685993E+01  -0.82434432245483E+01
 0.49989662230759330E+00   0.46350724509653E+01  -0.77668688851602E+01
 0.49990254557899177E+00   0.49168500183013E+01  -0.73217608562124E+01
 0.49990807853710439E+00   0.52128638959647E+01  -0.69059926977440E+01
 0.49991324755978001E+00   0.55235222042457E+01  -0.65175803895916E+01
 0.49991807725942772E+00   0.58492142214126E+01  -0.61546728564118E+01
 0.49992259060007349E+00   0.61903074538070E+01  -0.58155431323086E+01
 0.49992680900655762E+00   0.65471447546554E+01  -0.54985801213983E+01
 0.49993075246640367E+00   0.69200415353393E+01  -0.52022809134917E+01
 0.49993443962486228E+00   0.73092831139412E+01  -0.49252436167374E+01
 0.49993788787359428E+00   0.77151222458371E+01  -0.46661606715681E+01
 0.49994111343343250E+00   0.81377768798438E+01  -0.44238126126354E+01
 0.49994413143162919E+00   0.85774281809213E+01  -0.41970622476257E+01
 0.49994695597397348E+00   0.90342188566791E+01  -0.39848492239316E+01
 0.49994960021213125E+00   0.95082518200100E+01  -0.37861849561140E+01
 0.49995207640654454E+00   0.99995892142010E+01  -0.36001478889493E+01
 0.49995439598519298E+00   0.10508251820010E+02  -0.34258790726079E+01
 0.49995656959851165E+00   0.11034218856679E+02  -0.32625780281741E+01
 0.49995860717072649E+00   0.11577428180921E+02  -0.31094988832831E+01
 0.49996051794785895E+00   0.12137776879844E+02  -0.29659467591341E+01
 0.49996231054262585E+00   0.12715122245837E+02  -0.28312743915342E+01
 0.49996399297644795E+00   0.13309283113941E+02  -0.27048789699391E+01
 0.49996557271876307E+00   0.13920041535339E+02  -0.25861991796843E+01
 0.49996705672382419E+00   0.14547144754655E+02  -0.24747124337472E+01
 0.49996845146514834E+00   0.15190307453807E+02  -0.23699322814459E+01
 0.49996976296777068E+00   0.15849214221413E+02  -0.22714059824637E+01
 0.49997099683844681E+00   0.16523522204246E+02  -0.21787122354951E+01
 0.49997215829393077E+00   0.17212863895965E+02  -0.20914590516402E+01
 0.49997325218745292E+00   0.17916850018301E+02  -0.20092817634290E+01
 0.49997428303350711E+00   0.18635072450965E+02  -0.19318411610469E+01
 0.49997525503105200E+00   0.19367107168599E+02  -0.18588217479497E+01
 0.49997617208522244E+00   0.20112517146046E+02  -0.17899301086211E+01
 0.49997703782763891E+00   0.20870855196793E+02  -0.17248933817239E+01
 0.49997785563540087E+00   0.21641666713578E+02  -0.16634578323526E+01
 0.49997862864884024E+00   0.22424492284561E+02  -0.16053875174981E+01
 0.49997935978811020E+00   0.23218870163075E+02  -0.15504630392015E+01
 0.49998005176867533E+00   0.24024338573573E+02  -0.14984803802035E+01
 0.49998070711577119E+00   0.24840437840854E+02  -0.14492498171935E+01
 0.49998132817789342E+00   0.25666712333901E+02  -0.14025949070352E+01
 0.49998191713937346E+00   0.26502712219579E+02  -0.13583515415932E+01
 0.49998247603209800E+00   0.27347995024993E+02  -0.13163670670177E+01
 0.49998300674642265E+00   0.28202127010389E+02  -0.12764994635548E+01
 0.49998351104133143E+00   0.29064684357170E+02  -0.12386165821541E+01
 0.49998399055388471E+00   0.29935254177814E+02  -0.12025954343339E+01
 0.49998444680800769E+00   0.30813435356248E+02  -0.11683215319439E+01
 0.49998488122265361E+00   0.31698839228624E+02  -0.11356882736374E+01
 0.49998529511938772E+00   0.32591090115412E+02  -0.11045963750332E+01
 0.49998568972942797E+00   0.33489825716383E+02  -0.10749533397020E+01
 0.49998606620017710E+00   0.34394697380382E+02  -0.10466729682698E+01
 0.49998642560128381E+00   0.35305370261891E+02  -0.10196749030763E+01
 0.49998676893026073E+00   0.36221523376224E+02  -0.99388420597176E+00
 0.49998709711769451E+00   0.37142849564891E+02  -0.96923096697174E+00
 0.49998741103207023E+00   0.38069055382202E+02  -0.94564994162414E+00
 0.49998771148424431E+00   0.38999860913611E+02  -0.92308021507076E+00
 0.49998799923158388E+00   0.39934999535663E+02  -0.90146489090896E+00
 0.49998827498180354E+00   0.40874217626704E+02  -0.88075080307704E+00
