 0.39331109018083767E-01   0.97578195523695E-18  -0.43989806986108E+06
 0.40382005732558318E-01   0.29483069282768E-04  -0.42747281394011E+06
 0.43840578324707162E-01   0.61082173640461E-04  -0.39078666545390E+06
 0.50147898132524654E-01   0.94949178290611E-04  -0.33691192099606E+06
 0.59485749875812441E-01   0.13124684686428E-03  -0.27812906613036E+06
 0.71428825835811907E-01   0.17014962340302E-03  -0.22534545321433E+06
 0.84979749441845276E-01   0.21184447044981E-03  -0.18342274735476E+06
 0.99164343564362351E-01   0.25653176725507E-03  -0.15181341746282E+06
 0.11347149832670697E+00   0.30442627240692E-03  -0.12793638747335E+06
 0.12773765545537277E+00   0.35575815550320E-03  -0.10945346543135E+06
 0.14191073879046467E+00   0.41077410281323E-03  -0.94770982778330E+05
 0.15595672183151846E+00   0.46973850223137E-03  -0.82853016916661E+05
 0.16984404920363966E+00   0.53293471320370E-03  -0.73007611696483E+05
 0.18354266897798036E+00   0.60066642771546E-03  -0.64755619892714E+05
 0.19702423302721775E+00   0.67325912886222E-03  -0.57754734875272E+05
 0.21026230818086417E+00   0.75106165399386E-03  -0.51753880022316E+05
 0.22323255330467032E+00   0.83444786992019E-03  -0.46564701854205E+05
 0.23591285990447416E+00   0.92381846820159E-03  -0.42043124503811E+05
 0.24828345548860717E+00   0.10196028891215E-02  -0.38077052772567E+05
 0.26032696991858095E+00   0.11222613835509E-02  -0.34577958491799E+05
 0.27202846588290480E+00   0.12322872225722E-02  -0.31474991021421E+05
 0.28337543542679011E+00   0.13502090654347E-02  -0.28710770496082E+05
 0.29435776513674283E+00   0.14765934971652E-02  -0.26238328388970E+05
 0.30496767310250217E+00   0.16120477479678E-02  -0.24018846200117E+05
 0.31519962115451139E+00   0.17572226074079E-02  -0.22019959474023E+05
 0.32505020610612245E+00   0.19128155473023E-02  -0.20214468846240E+05
 0.33451803382501355E+00   0.20795740682274E-02  -0.18579348526690E+05
 0.34360357993163571E+00   0.22582992856177E-02  -0.17094975099681E+05
 0.35230904079103970E+00   0.24498497725618E-02  -0.15744521555298E+05
 0.36063817824731331E+00   0.26551456776172E-02  -0.14513476663192E+05
 0.36859616126680173E+00   0.28751731372654E-02  -0.13389260437288E+05
 0.37618940732670297E+00   0.31109890040199E-02  -0.12360913989091E+05
 0.38342542602754331E+00   0.33637259126873E-02  -0.11418847493232E+05
 0.39031266703764633E+00   0.36345977088734E-02  -0.10554633935048E+05
 0.39686037410880520E+00   0.39249052655295E-02  -0.97608392115062E+04
 0.40307844654631725E+00   0.42360427151559E-02  -0.90308813122373E+04
 0.40897730918209496E+00   0.45695041272231E-02  -0.83589129239260E+04
 0.41456779159313345E+00   0.49268906624595E-02  -0.77397230245996E+04
 0.41986101703330553E+00   0.53099182378730E-02  -0.71686539678658E+04
 0.42486830130653092E+00   0.57204257387563E-02  -0.66415312751877E+04
 0.42960106160437050E+00   0.61603838164655E-02  -0.61546039107311E+04
 0.43407073516032157E+00   0.66319043134761E-02  -0.57044932475729E+04
 0.43828870743475956E+00   0.71372503601200E-02  -0.52881492752321E+04
 0.44226624943609677E+00   0.76788471905016E-02  -0.49028128682305E+04
 0.44601446370228920E+00   0.82592937283951E-02  -0.45459831499490E+04
 0.44954423840904356E+00   0.88813749974526E-02  -0.42153891577174E+04
 0.45286620903350699E+00   0.95480754138094E-02  -0.39089651531895E+04
 0.45599072698145759E+00   0.10262593023187E-01  -0.36248290338015E+04
 0.45892783457875524E+00   0.11028354748868E-01  -0.33612633920106E+04
 0.46168724583092680E+00   0.11849032721462E-01  -0.31166988433622E+04
 0.46427833236541988E+00   0.12728561766261E-01  -0.28896993055993E+04
 0.46671011398670137E+00   0.13671158129094E-01  -0.26789489616368E+04
 0.46899125329281877E+00   0.14681339527142E-01  -0.24832406813564E+04
 0.47113005382151807E+00   0.15763946616981E-01  -0.23014657124741E+04
 0.47313446121319730E+00   0.16924165978315E-01  -0.21326044804833E+04
 0.47501206689613218E+00   0.18167554718499E-01  -0.19757183628907E+04
 0.47677011381641865E+00   0.19500066809896E-01  -0.18299423244122E+04
 0.47841550375163211E+00   0.20928081279553E-01  -0.16944783180548E+04
 0.47995480576497251E+00   0.22458432378533E-01  -0.15685893724446E+04
 0.48139426537858743E+00   0.24098441866553E-01  -0.14515942985800E+04
 0.48273981407542865E+00   0.25855953556357E-01  -0.13428629593729E+04
 0.48399707878517567E+00   0.27739370271550E-01  -0.12418120526812E+04
 0.48517139108098761E+00   0.29757693381404E-01  -0.11479013625406E+04
 0.48626779592277947E+00   0.31920565086455E-01  -0.10606304332377E+04
 0.48729105994430350E+00   0.34238313639551E-01  -0.97953561577733E+03
 0.48824567950838060E+00   0.36722001698414E-01  -0.90418742540930E+03
 0.48913588904588651E+00   0.39383478017693E-01  -0.83418813248384E+03
 0.48996567050867251E+00   0.42235432700963E-01  -0.76916949033358E+03
 0.49073876498475666E+00   0.45291456246181E-01  -0.70879049245769E+03
 0.49145868741616111E+00   0.48566102631601E-01  -0.65273506459113E+03
 0.49212874463246448E+00   0.52074956703276E-01  -0.60070965736898E+03
 0.49275205543559175E+00   0.55834706139791E-01  -0.55244082142563E+03
 0.49333156966748803E+00   0.59863218284852E-01  -0.50767298544646E+03
 0.49387008222700068E+00   0.64179622153785E-01  -0.46616672960877E+03
 0.49437023914743017E+00   0.68804395935657E-01  -0.42769775645926E+03
 0.49483453612038086E+00   0.73759460328728E-01  -0.39205651039718E+03
 0.49526531340770208E+00   0.79068278063012E-01  -0.35904812891254E+03
 0.49566475258481973E+00   0.84755959979821E-01  -0.32849230087257E+03
 0.49603487926537543E+00   0.90849378054143E-01  -0.30022271227244E+03
 0.49637757310499347E+00   0.97377285761297E-01  -0.27408598062513E+03
 0.49669458373211012E+00   0.10437044620442E+00  -0.24994018090876E+03
 0.49698754974818127E+00   0.11186176843355E+00  -0.22765317849237E+03
 0.49725801756491594E+00   0.11988645240026E+00  -0.20710101054824E+03
 0.49750745718748768E+00   0.12848214300340E+00  -0.18816652979215E+03
 0.49773727275346813E+00   0.13768909369134E+00  -0.17073847042161E+03
 0.49794880654131901E+00   0.14755034009334E+00  -0.15471102765386E+03
 0.49814333627699076E+00   0.15811188415740E+00  -0.13998395857388E+03
 0.49832206699267362E+00   0.16942288927237E+00  -0.12646310535319E+03
 0.49848612052874297E+00   0.18153588684917E+00  -0.11406110458188E+03
 0.49863652786498763E+00   0.19450699482699E+00  -0.10269789000866E+03
 0.49877423078091232E+00   0.20839614855590E+00  -0.92300498734677E+02
 0.49890009726614382E+00   0.22326734448556E+00  -0.82801849356722E+02
 0.49901494691041082E+00   0.23918889705942E+00  -0.74138778635984E+02
 0.49911957148610436E+00   0.25623370917446E+00  -0.66250451661903E+02
 0.49921473488070689E+00   0.27447955651526E+00  -0.59078336103547E+02
 0.49930115283958171E+00   0.29400938600797E+00  -0.52567700508566E+02
 0.49937947093253554E+00   0.31491162856155E+00  -0.46669246488195E+02
 0.49945025867869380E+00   0.33728052616913E+00  -0.41339525112989E+02
 0.49951402314044474E+00   0.36121647332923E+00  -0.36539891137423E+02
 0.49957123363405992E+00   0.38682637261280E+00  -0.32234625673529E+02
 0.49962234692881252E+00   0.41422400404472E+00  -0.28389027112203E+02
 0.49966782548277244E+00   0.44353040778554E+00  -0.24968029625589E+02
 0.49970814535678459E+00   0.47487427938818E+00  -0.21935600211073E+02
 0.49974379365165716E+00   0.50839237666158E+00  -0.19254924546395E+02
 0.49977525743343604E+00   0.54422993689737E+00  -0.16889233050722E+02
 0.49980300737183059E+00   0.58254110290335E+00  -0.14803024337400E+02
 0.49982747997832622E+00   0.62348935593563E+00  -0.12963393924474E+02
 0.49984906267253770E+00   0.66724795322943E+00  -0.11341150605576E+02
 0.49986808611652095E+00   0.71400036739287E+00  -0.99113871258495E+01
 0.49988482784585220E+00   0.76394072444865E+00  -0.86532027187948E+01
 0.49989952811424299E+00   0.81727423678444E+00  -0.75485088852871E+01
 0.49991241096686750E+00   0.87421762670440E+00  -0.65804433893277E+01
 0.49992369609326093E+00   0.93499953566278E+00  -0.57324779845185E+01
 0.49993359299125961E+00   0.99986091361083E+00  -0.49888556935786E+01
 0.49994228633223770E+00   0.10690553822024E+01  -0.43356892416615E+01
 0.49994992763251572E+00   0.11428495648913E+01  -0.37615856912646E+01
 0.49995663798578716E+00   0.12215233762238E+01  -0.32574402042523E+01
 0.49996251679972925E+00   0.13053702618907E+01  -0.28157789728137E+01
 0.49996765048344677E+00   0.13946973803820E+01  -0.24301060882587E+01
 0.49997211816277914E+00   0.14898257163832E+01  -0.20944738637387E+01
 0.49997599413963861E+00   0.15910901154124E+01  -0.18032978573325E+01
 0.49997934800785626E+00   0.16988392286241E+01  -0.15513479960029E+01
 0.49998224360006782E+00   0.18134353562483E+01  -0.13338275420113E+01
 0.49998473779230734E+00   0.19352541778144E+01  -0.11464627681907E+01
 0.49998687991588070E+00   0.20646843571704E+01  -0.98554703336642E+00
 0.49998871221758662E+00   0.22021270103889E+01  -0.84790612630508E+00
 0.49999027144018349E+00   0.23479950249930E+01  -0.73077947840907E+00
 0.49999159109139790E+00   0.25027122195788E+01  -0.63164967264975E+00
 0.49999270343734559E+00   0.26667123339008E+01  -0.54809266897197E+00
 0.49999364017281567E+00   0.28404378408543E+01  -0.47772743005810E+00
 0.49999443149914258E+00   0.30243385735729E+01  -0.41828516977969E+00
 0.49999510445540513E+00   0.32188701630746E+01  -0.36773469165968E+00
 0.49999568168937991E+00   0.34244922845610E+01  -0.32437469624161E+00
 0.49999618122586426E+00   0.36416667135785E+01  -0.28685117202033E+00
 0.49999661703195353E+00   0.38708551967931E+01  -0.25411492499200E+00
 0.49999699990064883E+00   0.41125171460457E+01  -0.22535519909927E+00
 0.49999733828966370E+00   0.43671071685993E+01  -0.19993666425830E+00
 0.49999763896081634E+00   0.46350724509653E+01  -0.17735138498671E+00
 0.49999790740883016E+00   0.49168500183013E+01  -0.15718660892640E+00
 0.49999814812991838E+00   0.52128638959647E+01  -0.13910459064423E+00
 0.49999836479111059E+00   0.55235222042457E+01  -0.12282987170185E+00
 0.49999856034965162E+00   0.58492142214126E+01  -0.10814031131073E+00
 0.49999873715447168E+00   0.61903074538070E+01  -0.94859463881019E-01
 0.49999889704605183E+00   0.65471447546554E+01  -0.82849077230481E-01
 0.49999904145945406E+00   0.69200415353393E+01  -0.72001353165194E-01
 0.49999917152806489E+00   0.73092831139412E+01  -0.62231154537487E-01
 0.49999928818204120E+00   0.77151222458371E+01  -0.53468610301800E-01
 0.49999939223464318E+00   0.81377768798438E+01  -0.45652630483864E-01
 0.49999948445074538E+00   0.85774281809213E+01  -0.38725759874827E-01
 0.49999956559412850E+00   0.90342188566791E+01  -0.32630625655960E-01
 0.49999963645306550E+00   0.95082518200100E+01  -0.27308015438156E-01
 0.49999969784665144E+00   0.99995892142010E+01  -0.22696401787058E-01
 0.49999975061669644E+00   0.10508251820010E+02  -0.18732551167959E-01
 0.49999979561127739E+00   0.11034218856679E+02  -0.15352759409681E-01
 0.49999983366590489E+00   0.11577428180921E+02  -0.12494266415092E-01
 0.49999986558678017E+00   0.12137776879844E+02  -0.10096513727083E-01
 0.49999989213838097E+00   0.12715122245837E+02  -0.81020770339482E-02
 0.49999991403547167E+00   0.13309283113941E+02  -0.64572663494795E-02
 0.49999993193834769E+00   0.13920041535339E+02  -0.51124831567235E-02
 0.49999994644992846E+00   0.14547144754655E+02  -0.40224388216781E-02
 0.49999995811385478E+00   0.15190307453807E+02  -0.31462974585201E-02
 0.49999996741345631E+00   0.15849214221413E+02  -0.24477535033758E-02
 0.49999997477187080E+00   0.16523522204246E+02  -0.18950227438359E-02
 0.49999998055362249E+00   0.17212863895965E+02  -0.14607237665043E-02
 0.49999998506773363E+00   0.17916850018301E+02  -0.11216441963589E-02
 0.49999998857216371E+00   0.18635072450965E+02  -0.85840729755482E-03
 0.49999999127917266E+00   0.19367107168599E+02  -0.65506906656099E-03
 0.49999999336114448E+00   0.20112517146046E+02  -0.49868077667381E-03
 0.49999999495644709E+00   0.20870855196793E+02  -0.37884888390449E-03
 0.49999999617499818E+00   0.21641666713578E+02  -0.28731684726524E-03
 0.49999999710332788E+00   0.22424492284561E+02  -0.21758491508916E-03
 0.49999999780902343E+00   0.23218870163075E+02  -0.16457627141309E-03
 0.49999999834452247E+00   0.24024338573573E+02  -0.12435200167116E-03
 0.49999999875028101E+00   0.24840437840854E+02  -0.93873260547328E-04
 0.49999999905736420E+00   0.25666712333901E+02  -0.70806562246339E-04
 0.49999999928953570E+00   0.26502712219579E+02  -0.53366883838057E-04
 0.49999999946491869E+00   0.27347995024993E+02  -0.40192911811898E-04
 0.49999999959730113E+00   0.28202127010389E+02  -0.30248930727339E-04
 0.49999999969715453E+00   0.29064684357170E+02  -0.22748400582362E-04
 0.50000000000000000E+00   0.29935254177814E+02   0.81823436914874E-12
 0.50000000000000000E+00   0.30813435356248E+02   0.80180306838429E-12
 0.50000000000000000E+00   0.31698839228624E+02   0.78181905394104E-12
 0.50000000000000000E+00   0.32591090115412E+02   0.76183503949778E-12
 0.50000000000000000E+00   0.33489825716383E+02   0.74185102505453E-12
 0.50000000000000000E+00   0.34394697380382E+02   0.72253314442605E-12
 0.50000000000000000E+00   0.35305370261891E+02   0.70432548682220E-12
 0.50000000000000000E+00   0.36221523376224E+02   0.68633987382327E-12
 0.50000000000000000E+00   0.37142849564891E+02   0.66968652845389E-12
 0.50000000000000000E+00   0.38069055382202E+02   0.65347727229437E-12
 0.50000000000000000E+00   0.38999860913611E+02   0.63771210534469E-12
 0.50000000000000000E+00   0.39934999535663E+02   0.62294613911718E-12
 0.50000000000000000E+00   0.40874217626704E+02   0.60840221749459E-12
