 0.16171460829761217E+00   0.97578195523695E-18  -0.78565763661332E+05
 0.16174647964151911E+00   0.29483069282768E-04  -0.78542882100902E+05
 0.16185138800927729E+00   0.61082173640461E-04  -0.78467628338723E+05
 0.16204498247940019E+00   0.94949178290611E-04  -0.78329013321449E+05
 0.16234547648632866E+00   0.13124684686428E-03  -0.78114512289246E+05
 0.16277397542004962E+00   0.17014962340302E-03  -0.77810007635079E+05
 0.16335483619162094E+00   0.21184447044981E-03  -0.77399780454273E+05
 0.16411604318993181E+00   0.25653176725507E-03  -0.76866581744135E+05
 0.16508957540875629E+00   0.30442627240692E-03  -0.76191822267704E+05
 0.16631174633316043E+00   0.35575815550320E-03  -0.75355913799336E+05
 0.16782347228377315E+00   0.41077410281323E-03  -0.74338806446746E+05
 0.16967040972667691E+00   0.46973850223137E-03  -0.73120763148866E+05
 0.17190287337597029E+00   0.53293471320370E-03  -0.71683406629642E+05
 0.17457541308515939E+00   0.60066642771546E-03  -0.70011056131349E+05
 0.17774588704284483E+00   0.67325912886222E-03  -0.68092339220987E+05
 0.18147382829521566E+00   0.75106165399386E-03  -0.65922013836787E+05
 0.18581787392952814E+00   0.83444786992019E-03  -0.63502866930424E+05
 0.19083203629164214E+00   0.92381846820159E-03  -0.60847472912981E+05
 0.19656068281164313E+00   0.10196028891215E-02  -0.57979510602761E+05
 0.20303230663893895E+00   0.11222613835509E-02  -0.54934275584155E+05
 0.21025255981227414E+00   0.12322872225722E-02  -0.51758020772190E+05
 0.21819758166911768E+00   0.13502090654347E-02  -0.48505850903296E+05
 0.22680927060014061E+00   0.14765934971652E-02  -0.45238115003404E+05
 0.23599452682964550E+00   0.16120477479678E-02  -0.42015578148253E+05
 0.24563020682236023E+00   0.17572226074079E-02  -0.38894044552793E+05
 0.25557422897691540E+00   0.19128155473023E-02  -0.35919416976528E+05
 0.26568109214024604E+00   0.20795740682274E-02  -0.33124248252183E+05
 0.27581791986587079E+00   0.22582992856177E-02  -0.30526552474256E+05
 0.28587640142023985E+00   0.24498497725618E-02  -0.28131025929261E+05
 0.29577751307638500E+00   0.26551456776172E-02  -0.25932103811416E+05
 0.30546903414094517E+00   0.28751731372654E-02  -0.23917781568855E+05
 0.31491871243269109E+00   0.31109890040199E-02  -0.22073102951855E+05
 0.32410679373933277E+00   0.33637259126873E-02  -0.20382632528025E+05
 0.33302042007245936E+00   0.36345977088734E-02  -0.18831800455401E+05
 0.34165047751118210E+00   0.39249052655295E-02  -0.17407406445752E+05
 0.34999022263494156E+00   0.42360427151559E-02  -0.16097669186012E+05
 0.35803479216899159E+00   0.45695041272231E-02  -0.14892103120228E+05
 0.36578102116633049E+00   0.49268906624595E-02  -0.13781360898514E+05
 0.37322733180458356E+00   0.53099182378730E-02  -0.12757087508686E+05
 0.38037362695737742E+00   0.57204257387563E-02  -0.11811794469611E+05
 0.38722117790407706E+00   0.61603838164655E-02  -0.10938752501916E+05
 0.39377250708593725E+00   0.66319043134761E-02  -0.10131899763014E+05
 0.40003126822053392E+00   0.71372503601200E-02  -0.93857630743018E+04
 0.40600212595664342E+00   0.76788471905016E-02  -0.86953900314242E+04
 0.41169063695296693E+00   0.82592937283951E-02  -0.80562902744819E+04
 0.41710313394133786E+00   0.88813749974526E-02  -0.74643845054981E+04
 0.42224661400880170E+00   0.95480754138094E-02  -0.69159600906253E+04
 0.42712863201537271E+00   0.10262593023187E-01  -0.64076322871748E+04
 0.43175719976679694E+00   0.11028354748868E-01  -0.59363103000970E+04
 0.43614069129589217E+00   0.11849032721462E-01  -0.54991675062524E+04
 0.44028775438479961E+00   0.12728561766261E-01  -0.50936152929654E+04
 0.44420722829891163E+00   0.13671158129094E-01  -0.47172800436472E+04
 0.44790806762024360E+00   0.14681339527142E-01  -0.43679828700503E+04
 0.45139927208684760E+00   0.15763946616981E-01  -0.40437217391474E+04
 0.45468982249131146E+00   0.16924165978315E-01  -0.37426556731232E+04
 0.45778862298477330E+00   0.18167554718499E-01  -0.34630907140747E+04
 0.46070445056266479E+00   0.19500066809896E-01  -0.32034673434696E+04
 0.46344591298735593E+00   0.20928081279553E-01  -0.29623490389418E+04
 0.46602141670023856E+00   0.22458432378533E-01  -0.27384116574603E+04
 0.46843914597612391E+00   0.24098441866553E-01  -0.25304333877650E+04
 0.47070705318499867E+00   0.25855953556357E-01  -0.23372851532869E+04
 0.47283285739782444E+00   0.27739370271550E-01  -0.21579215760771E+04
 0.47482404553286128E+00   0.29757693381404E-01  -0.19913728591678E+04
 0.47668786879608410E+00   0.31920565086455E-01  -0.18367380466774E+04
 0.47843132933903998E+00   0.34238313639551E-01  -0.16931799274357E+04
 0.48006115767166369E+00   0.36722001698414E-01  -0.15599213932747E+04
 0.48158378729113249E+00   0.39383478017693E-01  -0.14362426124444E+04
 0.48300533545717711E+00   0.42235432700963E-01  -0.13214782255117E+04
 0.48433159691016192E+00   0.45291456246181E-01  -0.12150139840488E+04
 0.48556805256236502E+00   0.48566102631601E-01  -0.11162826547834E+04
 0.48671989061999033E+00   0.52074956703276E-01  -0.10247593756963E+04
 0.48779203480803418E+00   0.55834706139791E-01  -0.93995685841954E+03
 0.48878917348479101E+00   0.59863218284852E-01  -0.86142088569728E+03
 0.48971578390708637E+00   0.64179622153785E-01  -0.78872650374803E+03
 0.49057614727547350E+00   0.68804395935657E-01  -0.72147519681613E+03
 0.49137435230462528E+00   0.73759460328728E-01  -0.65929316699411E+03
 0.49211428801943458E+00   0.79068278063012E-01  -0.60183061910009E+03
 0.49279963032310881E+00   0.84755959979821E-01  -0.54876166363443E+03
 0.49343383104916078E+00   0.90849378054143E-01  -0.49978414409939E+03
 0.49402012050526234E+00   0.97377285761297E-01  -0.45461853498935E+03
 0.49456153065682851E+00   0.10437044620442E+00  -0.41300536764173E+03
 0.49506093295546660E+00   0.11186176843355E+00  -0.37470165270370E+03
 0.49552106900802967E+00   0.11988645240026E+00  -0.33947796442929E+03
 0.49594455214066696E+00   0.12848214300340E+00  -0.30711783756238E+03
 0.49633384187481078E+00   0.13768909369134E+00  -0.27741928477153E+03
 0.49669121905737240E+00   0.14755034009334E+00  -0.25019629638356E+03
 0.49701878895975721E+00   0.15811188415740E+00  -0.22527824656906E+03
 0.49731851695612017E+00   0.16942288927237E+00  -0.20250687335585E+03
 0.49759228040834197E+00   0.18153588684917E+00  -0.18173208767301E+03
 0.49784191376654519E+00   0.19450699482699E+00  -0.16280835192292E+03
 0.49806922873337200E+00   0.20839614855590E+00  -0.14559298791630E+03
 0.49827600123892712E+00   0.22326734448556E+00  -0.12994701926009E+03
 0.49846392860086558E+00   0.23918889705942E+00  -0.11573827628643E+03
 0.49863457312505743E+00   0.25623370917446E+00  -0.10284552570868E+03
 0.49878932175327467E+00   0.27447955651526E+00  -0.91161389244648E+02
 0.49892939631697086E+00   0.29400938600797E+00  -0.80591452564241E+02
 0.49905592159318762E+00   0.31491162856155E+00  -0.71049036784141E+02
 0.49916999362960468E+00   0.33728052616913E+00  -0.62449979183270E+02
 0.49927267044292051E+00   0.36121647332923E+00  -0.54713284400555E+02
 0.49936489928753747E+00   0.38682637261280E+00  -0.47766556159347E+02
 0.49944747152795488E+00   0.41422400404472E+00  -0.41549345472427E+02
 0.49952104806625053E+00   0.44353040778554E+00  -0.36011190721393E+02
 0.49958622504393324E+00   0.47487427938818E+00  -0.31106639012091E+02
 0.49964359574591216E+00   0.50839237666158E+00  -0.26790566513270E+02
 0.49969378540992998E+00   0.54422993689737E+00  -0.23015545594127E+02
 0.49973745584850299E+00   0.58254110290335E+00  -0.19731485834263E+02
 0.49977528774265856E+00   0.62348935593563E+00  -0.16886954289717E+02
 0.49980795234249037E+00   0.66724795322943E+00  -0.14431291383323E+02
 0.49983608383030120E+00   0.71400036739287E+00  -0.12316676510883E+02
 0.49986026043573994E+00   0.76394072444865E+00  -0.10499536235277E+02
 0.49988099757931020E+00   0.81727423678444E+00  -0.89410497402669E+01
 0.49989875098015352E+00   0.87421762670440E+00  -0.76069072155892E+01
 0.49991392385785460E+00   0.93499953566278E+00  -0.64667623907741E+01
 0.49992687259168433E+00   0.99986091361083E+00  -0.54938025020910E+01
 0.49993790936075722E+00   0.10690553822024E+01  -0.46645462553714E+01
 0.49994730420019357E+00   0.11428495648913E+01  -0.39586865196420E+01
 0.49995528897199415E+00   0.12215233762238E+01  -0.33587898396237E+01
 0.49996206325894266E+00   0.13053702618907E+01  -0.28498520285275E+01
 0.49996780047462175E+00   0.13946973803820E+01  -0.24188379687098E+01
 0.49997265263393487E+00   0.14898257163832E+01  -0.20543223732649E+01
 0.49997675326336011E+00   0.15910901154124E+01  -0.17462705319198E+01
 0.49998021880282845E+00   0.16988392286241E+01  -0.14859325330055E+01
 0.49998314922615916E+00   0.18134353562483E+01  -0.12657963050521E+01
 0.49998562859844337E+00   0.19352541778144E+01  -0.10795454822274E+01
 0.49998772610540149E+00   0.20646843571704E+01  -0.92198188317649E+00
 0.49998949786980440E+00   0.22021270103889E+01  -0.78888892044807E+00
 0.49999098963326810E+00   0.23479950249930E+01  -0.67683004702157E+00
 0.49999224004552045E+00   0.25027122195788E+01  -0.58290160383892E+00
 0.49999328383012037E+00   0.26667123339008E+01  -0.50449497242675E+00
 0.49999415377580581E+00   0.28404378408543E+01  -0.43914695938772E+00
 0.49999488090012434E+00   0.30243385735729E+01  -0.38452748315618E+00
 0.49999549323936460E+00   0.32188701630746E+01  -0.33853045328592E+00
 0.49999601450819109E+00   0.34244922845610E+01  -0.29937443999460E+00
 0.49999646357356120E+00   0.36416667135785E+01  -0.26564218018597E+00
 0.49999685483836376E+00   0.38708551967931E+01  -0.23625175138046E+00
 0.49999719911299739E+00   0.41125171460457E+01  -0.21039109599070E+00
 0.49999750454425373E+00   0.43671071685993E+01  -0.18744824331707E+00
 0.49999777737391327E+00   0.46350724509653E+01  -0.16695432425596E+00
 0.49999802247516473E+00   0.49168500183013E+01  -0.14854327606913E+00
 0.49999824370274726E+00   0.52128638959647E+01  -0.13192554009879E+00
 0.49999844411663719E+00   0.55235222042457E+01  -0.11687125860374E+00
 0.49999862613261364E+00   0.58492142214126E+01  -0.10319896447577E+00
 0.49999879163707378E+00   0.61903074538070E+01  -0.90766956417411E-01
 0.49999894208769968E+00   0.65471447546554E+01  -0.79465737035548E-01
 0.49999907860937054E+00   0.69200415353393E+01  -0.69210808176839E-01
 0.49999920208663123E+00   0.73092831139412E+01  -0.59935724903285E-01
 0.49999931324955632E+00   0.77151222458371E+01  -0.51585645734194E-01
 0.49999941274816329E+00   0.81377768798438E+01  -0.44111742971968E-01
 0.49999950121086334E+00   0.85774281809213E+01  -0.37466812054799E-01
 0.49999957928410588E+00   0.90342188566791E+01  -0.31602293700399E-01
 0.49999964765277344E+00   0.95082518200100E+01  -0.26466741822415E-01
 0.49999970704346353E+00   0.99995892142010E+01  -0.22005577058537E-01
 0.49999975821493947E+00   0.10508251820010E+02  -0.18161803999333E-01
 0.49999980194124022E+00   0.11034218856679E+02  -0.14877279943912E-01
 0.49999983899284611E+00   0.11577428180921E+02  -0.12094129558303E-01
 0.49999987011997260E+00   0.12137776879844E+02  -0.97559998182710E-02
 0.49999989603999351E+00   0.12715122245837E+02  -0.78090046656021E-02
 0.49999991742901750E+00   0.13309283113941E+02  -0.62023577410626E-02
 0.49999993491645311E+00   0.13920041535339E+02  -0.48887806501474E-02
 0.49999994908123874E+00   0.14547144754655E+02  -0.38247860704788E-02
 0.49999996044897321E+00   0.15190307453807E+02  -0.29708933704740E-02
 0.49999996948987413E+00   0.15849214221413E+02  -0.22917819048205E-02
 0.49999997661791001E+00   0.16523522204246E+02  -0.17563562027503E-02
 0.49999998219146352E+00   0.17212863895965E+02  -0.13376961762201E-02
 0.49999998651563754E+00   0.17916850018301E+02  -0.10128838768995E-02
 0.49999998984601923E+00   0.18635072450965E+02  -0.76272075291461E-03
 0.49999999239350612E+00   0.19367107168599E+02  -0.57136513491818E-03
 0.49999999432972114E+00   0.20112517146046E+02  -0.42592547863585E-03
 0.49999999579257648E+00   0.20870855196793E+02  -0.31604245227523E-03
 0.49999999689163921E+00   0.21641666713578E+02  -0.23348586984007E-03
 0.49999999771306652E+00   0.22424492284561E+02  -0.17178398993378E-03
 0.49999999832398062E+00   0.23218870163075E+02  -0.12589491617776E-03
 0.49999999877623391E+00   0.24024338573573E+02  -0.91923711708297E-04
 0.49999999910957615E+00   0.24840437840854E+02  -0.66884565744996E-04
 0.49999999935426442E+00   0.25666712333901E+02  -0.48504700211893E-04
 0.49999999953318086E+00   0.26502712219579E+02  -0.35065321513539E-04
 0.49999999966352598E+00   0.27347995024993E+02  -0.25274392084107E-04
 0.49999999969931985E+00   0.28202127010389E+02  -0.22585747036619E-04
 0.50000000000000000E+00   0.29064684357170E+02   0.47295500849032E-11
 0.50000000000000000E+00   0.29935254177814E+02   0.45941028758989E-11
 0.50000000000000000E+00   0.30813435356248E+02   0.44644288266227E-11
 0.50000000000000000E+00   0.31698839228624E+02   0.43400838478647E-11
 0.50000000000000000E+00   0.32591090115412E+02   0.42210679396248E-11
 0.50000000000000000E+00   0.33489825716383E+02   0.41078251911131E-11
 0.50000000000000000E+00   0.34394697380382E+02   0.39999115131195E-11
 0.50000000000000000E+00   0.35305370261891E+02   0.38966607718294E-11
 0.50000000000000000E+00   0.36221523376224E+02   0.37978509226377E-11
 0.50000000000000000E+00   0.37142849564891E+02   0.37039260547544E-11
 0.50000000000000000E+00   0.38069055382202E+02   0.36139979897598E-11
 0.50000000000000000E+00   0.38999860913611E+02   0.35276226384440E-11
 0.50000000000000000E+00   0.39934999535663E+02   0.34450220454119E-11
 0.50000000000000000E+00   0.40874217626704E+02   0.33655300768487E-11
