 0.26340819779737490E+00   0.97578195523695E-18  -0.33734148460588E+05
 0.26344443402432149E+00   0.29483069282768E-04  -0.33724342412711E+05
 0.26356367138898240E+00   0.61082173640461E-04  -0.33692094088930E+05
 0.26378358935263019E+00   0.94949178290611E-04  -0.33632692681365E+05
 0.26412462766664524E+00   0.13124684686428E-03  -0.33540771445668E+05
 0.26461028052498720E+00   0.17014962340302E-03  -0.33410280706644E+05
 0.26526738077396728E+00   0.21184447044981E-03  -0.33234484126643E+05
 0.26612634963163356E+00   0.25653176725507E-03  -0.33005989997992E+05
 0.26722137634404092E+00   0.30442627240692E-03  -0.32716832144153E+05
 0.26859048282054876E+00   0.35575815550320E-03  -0.32358616324866E+05
 0.27027540822303064E+00   0.41077410281323E-03  -0.31922750439713E+05
 0.27232122881454623E+00   0.46973850223137E-03  -0.31400776443397E+05
 0.27477560443963722E+00   0.53293471320370E-03  -0.30784818994521E+05
 0.27768751996194441E+00   0.60066642771546E-03  -0.30068158293443E+05
 0.28110537339730690E+00   0.67325912886222E-03  -0.29245920796258E+05
 0.28507426404818020E+00   0.75106165399386E-03  -0.28315860025566E+05
 0.28963237187688357E+00   0.83444786992019E-03  -0.27279170204946E+05
 0.29480641901551824E+00   0.92381846820159E-03  -0.26141239813323E+05
 0.30060639395780903E+00   0.10196028891215E-02  -0.24912215938091E+05
 0.30702001714348137E+00   0.11222613835509E-02  -0.23607223825823E+05
 0.31400781698532154E+00   0.12322872225722E-02  -0.22246084264852E+05
 0.32150008120251106E+00   0.13502090654347E-02  -0.20852411255957E+05
 0.32939716450485623E+00   0.14765934971652E-02  -0.19452065991871E+05
 0.33757440687345763E+00   0.16120477479678E-02  -0.18071087700999E+05
 0.34589202349738790E+00   0.17572226074079E-02  -0.16733389356834E+05
 0.35420880366038077E+00   0.19128155473023E-02  -0.15458640372942E+05
 0.36239679494724830E+00   0.20795740682274E-02  -0.14260788756923E+05
 0.37035323529694558E+00   0.22582992856177E-02  -0.13147551658787E+05
 0.37800660963525412E+00   0.24498497725618E-02  -0.12120938635025E+05
 0.38531583871582981E+00   0.26551456776172E-02  -0.11178561655852E+05
 0.39226419881476354E+00   0.28751731372654E-02  -0.10315272802136E+05
 0.39885115077897276E+00   0.31109890040199E-02  -0.95246591231510E+04
 0.40508505587106908E+00   0.33637259126873E-02  -0.88001022763304E+04
 0.41097827229723305E+00   0.36345977088734E-02  -0.81353548621917E+04
 0.41654457322345373E+00   0.39249052655295E-02  -0.75247564251027E+04
 0.42179806232679273E+00   0.42360427151559E-02  -0.69632546619813E+04
 0.42675279035119174E+00   0.45695041272231E-02  -0.64463526532037E+04
 0.43142261723396952E+00   0.49268906624595E-02  -0.59700413893661E+04
 0.43582114245124365E+00   0.53099182378730E-02  -0.55307373144966E+04
 0.43996165491935246E+00   0.57204257387563E-02  -0.51252284761652E+04
 0.44385709266636603E+00   0.61603838164655E-02  -0.47506286025177E+04
 0.44752001036069516E+00   0.66319043134761E-02  -0.44043378562357E+04
 0.45096255385544270E+00   0.71372503601200E-02  -0.40840091608352E+04
 0.45419644102231727E+00   0.76788471905016E-02  -0.37875191922668E+04
 0.45723294818548588E+00   0.82592937283951E-02  -0.35129432932494E+04
 0.46008290150407299E+00   0.88813749974526E-02  -0.32585336997197E+04
 0.46275667269471044E+00   0.95480754138094E-02  -0.30227005749006E+04
 0.46526417853092156E+00   0.10262593023187E-01  -0.28039954322743E+04
 0.46761488360260750E+00   0.11028354748868E-01  -0.26010965984418E+04
 0.46981780586518096E+00   0.11849032721462E-01  -0.24127964237474E+04
 0.47188152455285115E+00   0.12728561766261E-01  -0.22379899952367E+04
 0.47381419007331627E+00   0.13671158129094E-01  -0.20756651450099E+04
 0.47562353554088582E+00   0.14681339527142E-01  -0.19248935789459E+04
 0.47731688964125174E+00   0.15763946616981E-01  -0.17848229773671E+04
 0.47890119055326313E+00   0.16924165978315E-01  -0.16546699415251E+04
 0.48038300068076289E+00   0.18167554718499E-01  -0.15337136786120E+04
 0.48176852197061332E+00   0.19500066809896E-01  -0.14212903340142E+04
 0.48306361161136852E+00   0.20928081279553E-01  -0.13167878932405E+04
 0.48427379792078640E+00   0.22458432378533E-01  -0.12196415877951E+04
 0.48540429623984466E+00   0.24098441866553E-01  -0.11293297495495E+04
 0.48646002465683197E+00   0.25855953556357E-01  -0.10453700671392E+04
 0.48744561938851388E+00   0.27739370271550E-01  -0.96731620572080E+03
 0.48836544964796752E+00   0.29757693381404E-01  -0.89475475815752E+03
 0.48922363183283790E+00   0.31920565086455E-01  -0.82730250134368E+03
 0.49002404287688928E+00   0.34238313639551E-01  -0.76460393581130E+03
 0.49077033262656422E+00   0.36722001698414E-01  -0.70632908975789E+03
 0.49146593513943992E+00   0.39383478017693E-01  -0.65217156978762E+03
 0.49211407886187380E+00   0.42235432700963E-01  -0.60184683939496E+03
 0.49271779573989294E+00   0.45291456246181E-01  -0.55509070177612E+03
 0.49327992946207722E+00   0.48566102631601E-01  -0.51165795513362E+03
 0.49380314323155955E+00   0.52074956703276E-01  -0.47132117588779E+03
 0.49428992770102109E+00   0.55834706139791E-01  -0.43386956937050E+03
 0.49474260991564323E+00   0.59863218284852E-01  -0.39910781358960E+03
 0.49516336414838624E+00   0.64179622153785E-01  -0.36685482063191E+03
 0.49555422515165404E+00   0.68804395935657E-01  -0.33694236943902E+03
 0.49591710339306422E+00   0.73759460328728E-01  -0.30921363765285E+03
 0.49625380040983569E+00   0.79068278063012E-01  -0.28352176948776E+03
 0.49656602122765642E+00   0.84755959979821E-01  -0.25972870610801E+03
 0.49685538096746901E+00   0.90849378054143E-01  -0.23770449010173E+03
 0.49712340484883633E+00   0.97377285761297E-01  -0.21732709656642E+03
 0.49737152381375016E+00   0.10437044620442E+00  -0.19848261551267E+03
 0.49760106995807279E+00   0.11186176843355E+00  -0.18106546404370E+03
 0.49781327565900735E+00   0.11988645240026E+00  -0.16497833238514E+03
 0.49800927826767727E+00   0.12848214300340E+00  -0.15013172266848E+03
 0.49819012996100420E+00   0.13768909369134E+00  -0.13644311188944E+03
 0.49835681086545702E+00   0.14755034009334E+00  -0.12383588177312E+03
 0.49851024306076885E+00   0.15811188415740E+00  -0.11223819531841E+03
 0.49865130323142937E+00   0.16942288927237E+00  -0.10158198682993E+03
 0.49878083220419334E+00   0.18153588684917E+00  -0.91802196227169E+02
 0.49889964018813671E+00   0.19450699482699E+00  -0.82836334664928E+02
 0.49900850715888634E+00   0.20839614855590E+00  -0.74624421524186E+02
 0.49910817852294997E+00   0.22326734448556E+00  -0.67109280848025E+02
 0.49919935703477547E+00   0.23918889705942E+00  -0.60237122712030E+02
 0.49928269302923189E+00   0.25623370917446E+00  -0.53958253432101E+02
 0.49935877643795507E+00   0.27447955651526E+00  -0.48227653223776E+02
 0.49942813541571940E+00   0.29400938600797E+00  -0.43005058322316E+02
 0.49949124612262585E+00   0.31491162856155E+00  -0.38254206257612E+02
 0.49954855336816922E+00   0.33728052616913E+00  -0.33941267449952E+02
 0.49960049207581408E+00   0.36121647332923E+00  -0.30033219130343E+02
 0.49964749377815248E+00   0.38682637261280E+00  -0.26497348508853E+02
 0.49968997232888579E+00   0.41422400404472E+00  -0.23302320333085E+02
 0.49972830142691338E+00   0.44353040778554E+00  -0.20419859809886E+02
 0.49976280167457898E+00   0.47487427938818E+00  -0.17825718150840E+02
 0.49979374370660695E+00   0.50839237666158E+00  -0.15499430383320E+02
 0.49982136236491542E+00   0.54422993689737E+00  -0.13423244200554E+02
 0.49984587380254025E+00   0.58254110290335E+00  -0.11580830275944E+02
 0.49986748978458162E+00   0.62348935593563E+00  -0.99562045873468E+01
 0.49988642667643307E+00   0.66724795322943E+00  -0.85330508721642E+01
 0.49990290885362609E+00   0.71400036739287E+00  -0.72944627268145E+01
 0.49991716748223691E+00   0.76394072444865E+00  -0.62230337414400E+01
 0.49992943614063751E+00   0.81727423678444E+00  -0.53011850082495E+01
 0.49993994484459586E+00   0.87421762670440E+00  -0.45116126072461E+01
 0.49994891386193441E+00   0.93499953566278E+00  -0.38377509507949E+01
 0.49995654837456616E+00   0.99986091361083E+00  -0.32641725661959E+01
 0.49996303465546665E+00   0.10690553822024E+01  -0.27768742115984E+01
 0.49996853804592500E+00   0.11428495648913E+01  -0.23634279170919E+01
 0.49997320268969836E+00   0.12215233762238E+01  -0.20130002169188E+01
 0.49997715272670440E+00   0.13053702618907E+01  -0.17162619018703E+01
 0.49998049447574350E+00   0.13946973803820E+01  -0.14652236165046E+01
 0.49998331905106275E+00   0.14898257163832E+01  -0.12530389815624E+01
 0.49998570488215377E+00   0.15910901154124E+01  -0.10738150748675E+01
 0.49998771975878253E+00   0.16988392286241E+01  -0.92245864234447E+00
 0.49998942227551701E+00   0.18134353562483E+01  -0.79456746546125E+00
 0.49999086280038069E+00   0.19352541778144E+01  -0.68635750880522E+00
 0.49999208421974073E+00   0.20646843571704E+01  -0.59460690063243E+00
 0.49999312267553098E+00   0.22021270103889E+01  -0.51660050677212E+00
 0.49999400838150065E+00   0.23479950249930E+01  -0.45006858169868E+00
 0.49999476648802282E+00   0.25027122195788E+01  -0.39312178194035E+00
 0.49999541791607927E+00   0.26667123339008E+01  -0.34418850222649E+00
 0.49999598009227292E+00   0.28404378408543E+01  -0.30195965148681E+00
 0.49999646755316612E+00   0.30243385735729E+01  -0.26534324844882E+00
 0.49999689242104306E+00   0.32188701630746E+01  -0.23342867797441E+00
 0.49999726477320916E+00   0.34244922845610E+01  -0.20545894633214E+00
 0.49999759293356011E+00   0.36416667135785E+01  -0.18080877661397E+00
 0.49999788371302650E+00   0.38708551967931E+01  -0.15896654520026E+00
 0.49999814261926567E+00   0.41125171460457E+01  -0.13951852900414E+00
 0.49999837404879444E+00   0.43671071685993E+01  -0.12213447204143E+00
 0.49999858146840132E+00   0.46350724509653E+01  -0.10655395767996E+00
 0.49999876758784295E+00   0.49168500183013E+01  -0.92573435811111E-01
 0.49999893452262234E+00   0.52128638959647E+01  -0.80033995197191E-01
 0.49999908394383002E+00   0.55235222042457E+01  -0.68810107750567E-01
 0.49999921721127005E+00   0.58492142214126E+01  -0.58799628494111E-01
 0.49999933548611680E+00   0.61903074538070E+01  -0.49915333096198E-01
 0.49999943982002198E+00   0.65471447546554E+01  -0.42078224480691E-01
 0.49999953121888374E+00   0.69200415353393E+01  -0.35212742686726E-01
 0.49999961068139437E+00   0.73092831139412E+01  -0.29243869306168E-01
 0.49999967921482374E+00   0.77151222458371E+01  -0.24095941842979E-01
 0.49999973783286744E+00   0.81377768798438E+01  -0.19692815325185E-01
 0.49999978754213842E+00   0.85774281809213E+01  -0.15958876966349E-01
 0.49999982932432824E+00   0.90342188566791E+01  -0.12820386105153E-01
 0.49999986411983982E+00   0.95082518200100E+01  -0.10206703611150E-01
 0.49999989281611124E+00   0.99995892142010E+01  -0.80511689115665E-02
 0.49999991624094153E+00   0.10508251820010E+02  -0.62916013144960E-02
 0.49999993515913638E+00   0.11034218856679E+02  -0.48705519633958E-02
 0.49999995027038924E+00   0.11577428180921E+02  -0.37354629849888E-02
 0.49999996220720011E+00   0.12137776879844E+02  -0.28388237771018E-02
 0.49999997153288112E+00   0.12715122245837E+02  -0.21383208601993E-02
 0.49999997874046942E+00   0.13309283113941E+02  -0.15969194943044E-02
 0.49999998425341469E+00   0.13920041535339E+02  -0.11828120374662E-02
 0.49999998842845400E+00   0.14547144754655E+02  -0.86920202514928E-03
 0.49999999156052710E+00   0.15190307453807E+02  -0.63393490138797E-03
 0.49999999388919469E+00   0.15849214221413E+02  -0.45901595405295E-03
 0.49999999560586689E+00   0.16523522204246E+02  -0.33006733412200E-03
 0.49999999686119556E+00   0.17212863895965E+02  -0.23577273841635E-03
 0.49999999777213378E+00   0.17916850018301E+02  -0.16734718497013E-03
 0.49999999842833814E+00   0.18635072450965E+02  -0.11805609920246E-03
 0.49999999889774827E+00   0.19367107168599E+02  -0.82796133092256E-04
 0.49999999923130090E+00   0.20112517146046E+02  -0.57741183147941E-04
 0.49999999946680596E+00   0.20870855196793E+02  -0.40051104179595E-04
 0.49999999963207126E+00   0.21641666713578E+02  -0.27637133589664E-04
 0.49999999969931963E+00   0.22424492284561E+02  -0.22585751649595E-04
 0.50000000000000000E+00   0.23218870163075E+02   0.25157653738006E-12
 0.50000000000000000E+00   0.24024338573573E+02   0.24491519923231E-12
 0.50000000000000000E+00   0.24840437840854E+02   0.23736568266486E-12
 0.50000000000000000E+00   0.25666712333901E+02   0.23026025530726E-12
 0.50000000000000000E+00   0.26502712219579E+02   0.22293278334473E-12
 0.50000000000000000E+00   0.27347995024993E+02   0.21582735598713E-12
 0.50000000000000000E+00   0.28202127010389E+02   0.20938806244430E-12
 0.50000000000000000E+00   0.29064684357170E+02   0.20317081350640E-12
 0.50000000000000000E+00   0.29935254177814E+02   0.19717560917343E-12
 0.50000000000000000E+00   0.30813435356248E+02   0.19162449405030E-12
 0.50000000000000000E+00   0.31698839228624E+02   0.18629542353210E-12
 0.50000000000000000E+00   0.32591090115412E+02   0.18118839761883E-12
 0.50000000000000000E+00   0.33489825716383E+02   0.17630341631047E-12
 0.50000000000000000E+00   0.34394697380382E+02   0.17164047960705E-12
 0.50000000000000000E+00   0.35305370261891E+02   0.16719958750855E-12
 0.50000000000000000E+00   0.36221523376224E+02   0.16298074001497E-12
 0.50000000000000000E+00   0.37142849564891E+02   0.15898393712632E-12
 0.50000000000000000E+00   0.38069055382202E+02   0.15520917884260E-12
 0.50000000000000000E+00   0.38999860913611E+02   0.15143442055887E-12
 0.50000000000000000E+00   0.39934999535663E+02   0.14810375148500E-12
 0.50000000000000000E+00   0.40874217626704E+02   0.14444001550373E-12
