 0.22758573444525565E+00   0.97578195523695E-18  -0.44955637075106E+05
 0.22762180274576274E+00   0.29483069282768E-04  -0.44942562242510E+05
 0.22774049953832481E+00   0.61082173640461E-04  -0.44899563653119E+05
 0.22795946271327450E+00   0.94949178290611E-04  -0.44820360487422E+05
 0.22829913036592642E+00   0.13124684686428E-03  -0.44697796844638E+05
 0.22878306242926799E+00   0.17014962340302E-03  -0.44523806309566E+05
 0.22943826666313799E+00   0.21184447044981E-03  -0.44289407001498E+05
 0.23029550766333831E+00   0.25653176725507E-03  -0.43984743122508E+05
 0.23138956683557288E+00   0.30442627240692E-03  -0.43599192930018E+05
 0.23275941485391238E+00   0.35575815550320E-03  -0.43121563907591E+05
 0.23444823623764366E+00   0.41077410281323E-03  -0.42540399719382E+05
 0.23650322544207328E+00   0.46973850223137E-03  -0.41844422765527E+05
 0.23897504636621747E+00   0.53293471320370E-03  -0.41023132389602E+05
 0.24191681772240634E+00   0.60066642771546E-03  -0.40067568671984E+05
 0.24538245903823888E+00   0.67325912886222E-03  -0.38971233394226E+05
 0.24942421677894999E+00   0.75106165399386E-03  -0.37731131134095E+05
 0.25408920513715261E+00   0.83444786992019E-03  -0.36348854126627E+05
 0.25941486924611462E+00   0.92381846820159E-03  -0.34831587018126E+05
 0.26542344558428360E+00   0.10196028891215E-02  -0.33192859349908E+05
 0.27211578830901323E+00   0.11222613835509E-02  -0.31452838301701E+05
 0.27946535646451398E+00   0.12322872225722E-02  -0.29637951872006E+05
 0.28741365047682066E+00   0.13502090654347E-02  -0.27779685769258E+05
 0.29586876633355397E+00   0.14765934971652E-02  -0.25912522041420E+05
 0.30470870091566460E+00   0.16120477479678E-02  -0.24071180185942E+05
 0.31379027388348441E+00   0.17572226074079E-02  -0.22287544744808E+05
 0.32296294333068953E+00   0.19128155473023E-02  -0.20587842214715E+05
 0.33208481486948738E+00   0.20795740682274E-02  -0.18990670573582E+05
 0.34103675856379201E+00   0.22582992856177E-02  -0.17506320006152E+05
 0.34973079368619137E+00   0.24498497725618E-02  -0.16137470590674E+05
 0.35811101763116648E+00   0.26551456776172E-02  -0.14880938981922E+05
 0.36614830930716374E+00   0.28751731372654E-02  -0.13729862016752E+05
 0.37383210516314275E+00   0.31109890040199E-02  -0.12675689867988E+05
 0.38116263879943696E+00   0.33637259126873E-02  -0.11709598906488E+05
 0.38814553043751238E+00   0.36345977088734E-02  -0.10823260154881E+05
 0.39478885403974057E+00   0.39249052655295E-02  -0.10009127293721E+05
 0.40110186005631737E+00   0.42360427151559E-02  -0.92604649429158E+04
 0.40709448916407964E+00   0.45695041272231E-02  -0.85712783041160E+04
 0.41277716592285385E+00   0.49268906624595E-02  -0.79362231954001E+04
 0.41816066987989869E+00   0.53099182378730E-02  -0.73505227720850E+04
 0.42325602854071448E+00   0.57204257387563E-02  -0.68098957205362E+04
 0.42807442167479970E+00   0.61603838164655E-02  -0.63104950179119E+04
 0.43262709552703471E+00   0.66319043134761E-02  -0.58488555907236E+04
 0.43692528661516838E+00   0.71372503601200E-02  -0.54218493989733E+04
 0.44098015478135827E+00   0.76788471905016E-02  -0.50266467360630E+04
 0.44480272507580670E+00   0.82592937283951E-02  -0.46606827540393E+04
 0.44840383797967881E+00   0.88813749974526E-02  -0.43216283997854E+04
 0.45179410742508663E+00   0.95480754138094E-02  -0.40073650894604E+04
 0.45498388603875339E+00   0.10262593023187E-01  -0.37159625631177E+04
 0.45798323701966448E+00   0.11028354748868E-01  -0.34456594547063E+04
 0.46080191205635224E+00   0.11849032721462E-01  -0.31948461889658E+04
 0.46344933469347260E+00   0.12728561766261E-01  -0.29620498795153E+04
 0.46593458856736103E+00   0.13671158129094E-01  -0.27459209544101E+04
 0.46826640994398711E+00   0.14681339527142E-01  -0.25452212787200E+04
 0.47045318400833175E+00   0.15763946616981E-01  -0.23588135799564E+04
 0.47250294437033713E+00   0.16924165978315E-01  -0.21856520127465E+04
 0.47442337526850537E+00   0.18167554718499E-01  -0.20247737250540E+04
 0.47622181596796198E+00   0.19500066809896E-01  -0.18752913102556E+04
 0.47790526686626039E+00   0.20928081279553E-01  -0.17363860480494E+04
 0.47948039683943866E+00   0.22458432378533E-01  -0.16073018528706E+04
 0.48095355138633766E+00   0.24098441866553E-01  -0.14873398613594E+04
 0.48233076116637297E+00   0.25855953556357E-01  -0.13758536004226E+04
 0.48361775058270018E+00   0.27739370271550E-01  -0.12722446842351E+04
 0.48481994614992585E+00   0.29757693381404E-01  -0.11759589915758E+04
 0.48594248451712990E+00   0.31920565086455E-01  -0.10864832733359E+04
 0.48699022020797145E+00   0.34238313639551E-01  -0.10033421329524E+04
 0.48796773339916549E+00   0.36722001698414E-01  -0.92609530940968E+03
 0.48887933837289876E+00   0.39383478017693E-01  -0.85433517459287E+03
 0.48972909357946454E+00   0.42235432700963E-01  -0.78768433961266E+03
 0.49052081436995121E+00   0.45291456246181E-01  -0.72579326089828E+03
 0.49125808913558100E+00   0.48566102631601E-01  -0.66833776692487E+03
 0.49194429855241073E+00   0.52074956703276E-01  -0.61501651033294E+03
 0.49258263592041440E+00   0.55834706139791E-01  -0.56554848359709E+03
 0.49317612493572138E+00   0.59863218284852E-01  -0.51967086240510E+03
 0.49372763098619044E+00   0.64179622153785E-01  -0.47713745725206E+03
 0.49423986415786975E+00   0.68804395935657E-01  -0.43771789080624E+03
 0.49471537584107717E+00   0.73759460328728E-01  -0.40119733654535E+03
 0.49515655382971774E+00   0.79068278063012E-01  -0.36737642999599E+03
 0.49556562119773617E+00   0.84755959979821E-01  -0.33607094167513E+03
 0.49594464211528971E+00   0.90849378054143E-01  -0.30711096860917E+03
 0.49629553478318555E+00   0.97377285761297E-01  -0.28033963098798E+03
 0.49662008936813318E+00   0.10437044620442E+00  -0.25561143435950E+03
 0.49691998775883472E+00   0.11186176843355E+00  -0.23279053614719E+03
 0.49719682190323533E+00   0.11988645240026E+00  -0.21174915744489E+03
 0.49745210800537853E+00   0.12848214300340E+00  -0.19236634019814E+03
 0.49768729467510131E+00   0.13768909369134E+00  -0.17452718757217E+03
 0.49790376415259152E+00   0.14755034009334E+00  -0.15812264769487E+03
 0.49810282702836062E+00   0.15811188415740E+00  -0.14304980364273E+03
 0.49828571256258508E+00   0.16942288927237E+00  -0.12921250665997E+03
 0.49845355879578668E+00   0.18153588684917E+00  -0.11652203359567E+03
 0.49860740862793290E+00   0.19450699482699E+00  -0.10489730166775E+03
 0.49874821810675762E+00   0.20839614855590E+00  -0.94264170900500E+02
 0.49887687816150961E+00   0.22326734448556E+00  -0.84553743465647E+02
 0.49899424025032041E+00   0.23918889705942E+00  -0.75700380488610E+02
 0.49910112834535109E+00   0.25623370917446E+00  -0.67640759839557E+02
 0.49919832758694005E+00   0.27447955651526E+00  -0.60314698491841E+02
 0.49928656033741126E+00   0.29400938600797E+00  -0.53666925692486E+02
 0.49936647072735524E+00   0.31491162856155E+00  -0.47648216730902E+02
 0.49943862933224570E+00   0.33728052616913E+00  -0.42215013287447E+02
 0.49950355444052608E+00   0.36121647332923E+00  -0.37327799720025E+02
 0.49956173914121116E+00   0.38682637261280E+00  -0.32949047193716E+02
 0.49961367446226113E+00   0.41422400404472E+00  -0.29041459947737E+02
 0.49965986288385028E+00   0.44353040778554E+00  -0.25566948968176E+02
 0.49970082045119191E+00   0.47487427938818E+00  -0.22486464842070E+02
 0.49973706853675059E+00   0.50839237666158E+00  -0.19760609560169E+02
 0.49976911812642799E+00   0.54422993689737E+00  -0.17350810445855E+02
 0.49979745058646013E+00   0.58254110290335E+00  -0.15220758572991E+02
 0.49982249950808050E+00   0.62348935593563E+00  -0.13337766275631E+02
 0.49984463872169649E+00   0.66724795322943E+00  -0.11673661378776E+02
 0.49986418172387637E+00   0.71400036739287E+00  -0.10204824485669E+02
 0.49988139565267264E+00   0.76394072444865E+00  -0.89111340762438E+01
 0.49989652516182453E+00   0.81727423678444E+00  -0.77741690783659E+01
 0.49990981056818085E+00   0.87421762670440E+00  -0.67758430066621E+01
 0.49992148585470125E+00   0.93499953566278E+00  -0.58985524930182E+01
 0.49993176182877419E+00   0.99986091361083E+00  -0.51264413571519E+01
 0.49994081316552685E+00   0.10690553822024E+01  -0.44463727158161E+01
 0.49994877881352329E+00   0.11428495648913E+01  -0.38478972451869E+01
 0.49995577134972413E+00   0.12215233762238E+01  -0.33225493778754E+01
 0.49996188754266080E+00   0.13053702618907E+01  -0.28630530554239E+01
 0.49996721580186865E+00   0.13946973803820E+01  -0.24627616496980E+01
 0.49997183971242692E+00   0.14898257163832E+01  -0.21153921351834E+01
 0.49997583858820199E+00   0.15910901154124E+01  -0.18149833010528E+01
 0.49997928643162137E+00   0.16988392286241E+01  -0.15559737059752E+01
 0.49998225054836426E+00   0.18134353562483E+01  -0.13333055803464E+01
 0.49998479071272917E+00   0.19352541778144E+01  -0.11424873838424E+01
 0.49998695936195697E+00   0.20646843571704E+01  -0.97957909220434E+00
 0.49998880283853853E+00   0.22021270103889E+01  -0.84109878529421E+00
 0.49999036320847390E+00   0.23479950249930E+01  -0.72388599364716E+00
 0.49999167981295001E+00   0.25027122195788E+01  -0.62498508903701E+00
 0.49999278978669792E+00   0.26667123339008E+01  -0.54160630900551E+00
 0.49999372743246367E+00   0.28404378408543E+01  -0.47117271538197E+00
 0.49999452310405712E+00   0.30243385735729E+01  -0.41140407198209E+00
 0.49999520243421225E+00   0.32188701630746E+01  -0.36037482530391E+00
 0.49999578629791780E+00   0.34244922845610E+01  -0.31651684318701E+00
 0.49999629137435120E+00   0.36416667135785E+01  -0.27857719266681E+00
 0.49999673095739589E+00   0.38708551967931E+01  -0.24555724859356E+00
 0.49999711573166805E+00   0.41125171460457E+01  -0.21665439587825E+00
 0.49999745438289550E+00   0.43671071685993E+01  -0.19121617638439E+00
 0.49999775402721480E+00   0.46350724509653E+01  -0.16870803935405E+00
 0.49999802049911879E+00   0.49168500183013E+01  -0.14869171013799E+00
 0.49999825855013941E+00   0.52128638959647E+01  -0.13081026478689E+00
 0.49999847200177061E+00   0.55235222042457E+01  -0.11477664214008E+00
 0.49999866388111625E+00   0.58492142214126E+01  -0.10036345396961E+00
 0.49999883655351074E+00   0.61903074538070E+01  -0.87393022514538E-01
 0.49999899185570396E+00   0.65471447546554E+01  -0.75727375923452E-01
 0.49999913122653505E+00   0.69200415353393E+01  -0.65258432322023E-01
 0.49999925582881072E+00   0.73092831139412E+01  -0.55898844693520E-01
 0.49999936665547634E+00   0.77151222458371E+01  -0.47574025639662E-01
 0.49999946461434119E+00   0.81377768798438E+01  -0.40215783120159E-01
 0.49999955058795326E+00   0.85774281809213E+01  -0.33757822876892E-01
 0.49999962546819909E+00   0.90342188566791E+01  -0.28133149424420E-01
 0.49999969016830970E+00   0.95082518200100E+01  -0.23273164148526E-01
 0.49999974561760119E+00   0.99995892142010E+01  -0.19108060377103E-01
 0.49999979274584283E+00   0.10508251820010E+02  -0.15567997541782E-01
 0.49999983246417506E+00   0.11034218856679E+02  -0.12584534494131E-01
 0.49999986564794374E+00   0.11577428180921E+02  -0.10091918938893E-01
 0.49999989312422977E+00   0.12137776879844E+02  -0.80280240907147E-02
 0.49999991566426172E+00   0.12715122245837E+02  -0.63349185950319E-02
 0.49999993397926923E+00   0.13309283113941E+02  -0.49591779895124E-02
 0.49999994871805775E+00   0.13920041535339E+02  -0.38520668724802E-02
 0.49999996046528505E+00   0.14547144754655E+02  -0.29696683618803E-02
 0.49999996974034444E+00   0.15190307453807E+02  -0.22729679357076E-02
 0.49999997699731913E+00   0.15849214221413E+02  -0.17278569082362E-02
 0.49999998262649870E+00   0.16523522204246E+02  -0.13050184826371E-02
 0.49999998695764170E+00   0.17212863895965E+02  -0.97968268648341E-03
 0.49999999026478797E+00   0.17916850018301E+02  -0.73126487863462E-03
 0.49999999277216589E+00   0.18635072450965E+02  -0.54292204647677E-03
 0.49999999466064804E+00   0.19367107168599E+02  -0.40106784596894E-03
 0.49999999607425794E+00   0.20112517146046E+02  -0.29488389521304E-03
 0.49999999712634413E+00   0.20870855196793E+02  -0.21585596636764E-03
 0.49999999790517796E+00   0.21641666713578E+02  -0.15735351267288E-03
 0.49999999847884979E+00   0.22424492284561E+02  -0.11426189576058E-03
 0.49999999889943053E+00   0.23218870163075E+02  -0.82669777295541E-04
 0.49999999920642813E+00   0.24024338573573E+02  -0.59609508429981E-04
 0.49999999942960283E+00   0.24840437840854E+02  -0.42845647498346E-04
 0.49999999959122354E+00   0.25666712333901E+02  -0.30705446233181E-04
 0.49999999969931963E+00   0.26502712219579E+02  -0.22585751327631E-04
 0.50000000000000000E+00   0.27347995024993E+02   0.56954441163271E-12
 0.50000000000000000E+00   0.28202127010389E+02   0.55622173533720E-12
 0.50000000000000000E+00   0.29064684357170E+02   0.54134474680723E-12
 0.50000000000000000E+00   0.29935254177814E+02   0.52580162446247E-12
 0.50000000000000000E+00   0.30813435356248E+02   0.51114668053742E-12
 0.50000000000000000E+00   0.31698839228624E+02   0.49649173661237E-12
 0.50000000000000000E+00   0.32591090115412E+02   0.48294701571194E-12
 0.50000000000000000E+00   0.33489825716383E+02   0.47006842862629E-12
 0.50000000000000000E+00   0.34394697380382E+02   0.45785597535541E-12
 0.50000000000000000E+00   0.35305370261891E+02   0.44586556668946E-12
 0.50000000000000000E+00   0.36221523376224E+02   0.43454129183829E-12
 0.50000000000000000E+00   0.37142849564891E+02   0.42388315080188E-12
 0.50000000000000000E+00   0.38069055382202E+02   0.41366909897533E-12
 0.50000000000000000E+00   0.38999860913611E+02   0.40367709175371E-12
 0.50000000000000000E+00   0.39934999535663E+02   0.39435121834686E-12
 0.50000000000000000E+00   0.40874217626704E+02   0.38535841184739E-12
